100
(12, 0)
(13, 0)
(14, 0)
(15, 0)
(16, 0)
(17, 0)
(18, 0)
(19, 0)
(20, 0)
(21, 0)
(22, 0)
(23, 0)
(24, 0)
(25, 0)
(26, 0)
(27, 0)
(28, 0)
(29, 0)
(30, 0)
(31, 0)
(32, 0)
(33, 0)
(34, 0)
(35, 0)
(36, 0)
(37, 0)
(38, 0)
(39, 0)
(40, 0)
(41, 0)
(42, 0)
(56, 0)
(57, 0)
(58, 0)
(59, 0)
(60, 0)
(61, 0)
(62, 0)
(63, 0)
(64, 0)
(65, 0)
(66, 0)
(67, 0)
(68, 0)
(69, 0)
(70, 0)
(71, 0)
(72, 0)
(73, 0)
(74, 0)
(75, 0)
(76, 0)
(77, 0)
(78, 0)
(79, 0)
(80, 0)
(81, 0)
(82, 0)
(83, 0)
(84, 0)
(85, 0)
(86, 0)
(87, 0)
(88, 0)
(89, 0)
(13, 1)
(14, 1)
(15, 1)
(16, 1)
(17, 1)
(18, 1)
(19, 1)
(20, 1)
(21, 1)
(22, 1)
(23, 1)
(24, 1)
(25, 1)
(26, 1)
(27, 1)
(28, 1)
(29, 1)
(30, 1)
(31, 1)
(32, 1)
(33, 1)
(34, 1)
(35, 1)
(36, 1)
(37, 1)
(38, 1)
(39, 1)
(40, 1)
(41, 1)
(42, 1)
(56, 1)
(57, 1)
(58, 1)
(59, 1)
(60, 1)
(61, 1)
(62, 1)
(63, 1)
(64, 1)
(65, 1)
(66, 1)
(67, 1)
(68, 1)
(69, 1)
(70, 1)
(71, 1)
(72, 1)
(73, 1)
(74, 1)
(75, 1)
(76, 1)
(77, 1)
(78, 1)
(79, 1)
(80, 1)
(81, 1)
(82, 1)
(83, 1)
(84, 1)
(85, 1)
(86, 1)
(87, 1)
(88, 1)
(14, 2)
(15, 2)
(16, 2)
(17, 2)
(18, 2)
(19, 2)
(20, 2)
(21, 2)
(22, 2)
(23, 2)
(24, 2)
(25, 2)
(26, 2)
(27, 2)
(28, 2)
(29, 2)
(30, 2)
(31, 2)
(32, 2)
(33, 2)
(34, 2)
(35, 2)
(36, 2)
(37, 2)
(38, 2)
(39, 2)
(40, 2)
(41, 2)
(42, 2)
(56, 2)
(57, 2)
(58, 2)
(59, 2)
(60, 2)
(61, 2)
(62, 2)
(63, 2)
(64, 2)
(65, 2)
(66, 2)
(67, 2)
(68, 2)
(69, 2)
(70, 2)
(71, 2)
(72, 2)
(73, 2)
(74, 2)
(75, 2)
(76, 2)
(77, 2)
(78, 2)
(79, 2)
(80, 2)
(81, 2)
(82, 2)
(83, 2)
(84, 2)
(85, 2)
(86, 2)
(87, 2)
(15, 3)
(16, 3)
(17, 3)
(18, 3)
(19, 3)
(20, 3)
(21, 3)
(22, 3)
(23, 3)
(24, 3)
(25, 3)
(26, 3)
(27, 3)
(28, 3)
(29, 3)
(30, 3)
(31, 3)
(32, 3)
(33, 3)
(34, 3)
(35, 3)
(36, 3)
(37, 3)
(38, 3)
(39, 3)
(40, 3)
(41, 3)
(42, 3)
(56, 3)
(57, 3)
(58, 3)
(59, 3)
(60, 3)
(61, 3)
(62, 3)
(63, 3)
(64, 3)
(65, 3)
(66, 3)
(67, 3)
(68, 3)
(69, 3)
(70, 3)
(71, 3)
(72, 3)
(73, 3)
(74, 3)
(75, 3)
(76, 3)
(77, 3)
(78, 3)
(79, 3)
(80, 3)
(81, 3)
(82, 3)
(83, 3)
(84, 3)
(85, 3)
(86, 3)
(16, 4)
(17, 4)
(18, 4)
(19, 4)
(20, 4)
(21, 4)
(22, 4)
(23, 4)
(24, 4)
(25, 4)
(26, 4)
(27, 4)
(28, 4)
(29, 4)
(30, 4)
(31, 4)
(32, 4)
(33, 4)
(34, 4)
(35, 4)
(36, 4)
(37, 4)
(38, 4)
(39, 4)
(40, 4)
(41, 4)
(42, 4)
(56, 4)
(57, 4)
(58, 4)
(59, 4)
(60, 4)
(61, 4)
(62, 4)
(63, 4)
(64, 4)
(65, 4)
(66, 4)
(67, 4)
(68, 4)
(69, 4)
(70, 4)
(71, 4)
(72, 4)
(73, 4)
(74, 4)
(75, 4)
(76, 4)
(77, 4)
(78, 4)
(79, 4)
(80, 4)
(81, 4)
(82, 4)
(83, 4)
(84, 4)
(85, 4)
(17, 5)
(18, 5)
(19, 5)
(20, 5)
(21, 5)
(22, 5)
(23, 5)
(24, 5)
(25, 5)
(26, 5)
(27, 5)
(28, 5)
(29, 5)
(30, 5)
(31, 5)
(32, 5)
(33, 5)
(34, 5)
(35, 5)
(36, 5)
(37, 5)
(38, 5)
(39, 5)
(40, 5)
(41, 5)
(42, 5)
(56, 5)
(57, 5)
(58, 5)
(59, 5)
(60, 5)
(61, 5)
(62, 5)
(63, 5)
(64, 5)
(65, 5)
(66, 5)
(67, 5)
(68, 5)
(69, 5)
(70, 5)
(71, 5)
(72, 5)
(73, 5)
(74, 5)
(75, 5)
(76, 5)
(77, 5)
(78, 5)
(79, 5)
(80, 5)
(81, 5)
(82, 5)
(83, 5)
(84, 5)
(18, 6)
(19, 6)
(20, 6)
(21, 6)
(22, 6)
(23, 6)
(24, 6)
(25, 6)
(26, 6)
(27, 6)
(28, 6)
(29, 6)
(30, 6)
(31, 6)
(32, 6)
(33, 6)
(34, 6)
(35, 6)
(36, 6)
(37, 6)
(38, 6)
(39, 6)
(40, 6)
(41, 6)
(42, 6)
(56, 6)
(57, 6)
(58, 6)
(59, 6)
(60, 6)
(61, 6)
(62, 6)
(63, 6)
(64, 6)
(65, 6)
(66, 6)
(67, 6)
(68, 6)
(69, 6)
(70, 6)
(71, 6)
(72, 6)
(73, 6)
(74, 6)
(75, 6)
(76, 6)
(77, 6)
(78, 6)
(79, 6)
(80, 6)
(81, 6)
(82, 6)
(83, 6)
(19, 7)
(20, 7)
(21, 7)
(22, 7)
(23, 7)
(24, 7)
(25, 7)
(26, 7)
(27, 7)
(28, 7)
(29, 7)
(30, 7)
(31, 7)
(32, 7)
(33, 7)
(34, 7)
(35, 7)
(36, 7)
(37, 7)
(38, 7)
(39, 7)
(40, 7)
(41, 7)
(42, 7)
(56, 7)
(57, 7)
(58, 7)
(59, 7)
(60, 7)
(61, 7)
(62, 7)
(63, 7)
(64, 7)
(65, 7)
(66, 7)
(67, 7)
(68, 7)
(69, 7)
(70, 7)
(71, 7)
(72, 7)
(73, 7)
(74, 7)
(75, 7)
(76, 7)
(77, 7)
(78, 7)
(79, 7)
(80, 7)
(81, 7)
(82, 7)
(20, 8)
(21, 8)
(22, 8)
(23, 8)
(24, 8)
(25, 8)
(26, 8)
(27, 8)
(28, 8)
(29, 8)
(30, 8)
(31, 8)
(32, 8)
(33, 8)
(34, 8)
(35, 8)
(36, 8)
(37, 8)
(38, 8)
(39, 8)
(40, 8)
(41, 8)
(42, 8)
(56, 8)
(57, 8)
(58, 8)
(59, 8)
(60, 8)
(61, 8)
(62, 8)
(63, 8)
(64, 8)
(65, 8)
(66, 8)
(67, 8)
(68, 8)
(69, 8)
(70, 8)
(71, 8)
(72, 8)
(73, 8)
(74, 8)
(75, 8)
(76, 8)
(77, 8)
(78, 8)
(79, 8)
(80, 8)
(81, 8)
(0, 9)
(21, 9)
(22, 9)
(23, 9)
(24, 9)
(25, 9)
(26, 9)
(27, 9)
(28, 9)
(29, 9)
(30, 9)
(31, 9)
(32, 9)
(33, 9)
(34, 9)
(35, 9)
(36, 9)
(37, 9)
(38, 9)
(39, 9)
(40, 9)
(41, 9)
(42, 9)
(56, 9)
(57, 9)
(58, 9)
(59, 9)
(60, 9)
(61, 9)
(62, 9)
(63, 9)
(64, 9)
(65, 9)
(66, 9)
(67, 9)
(68, 9)
(69, 9)
(70, 9)
(71, 9)
(72, 9)
(73, 9)
(74, 9)
(75, 9)
(76, 9)
(77, 9)
(78, 9)
(79, 9)
(80, 9)
(0, 10)
(1, 10)
(22, 10)
(23, 10)
(24, 10)
(25, 10)
(26, 10)
(27, 10)
(28, 10)
(29, 10)
(30, 10)
(31, 10)
(32, 10)
(33, 10)
(34, 10)
(35, 10)
(36, 10)
(37, 10)
(38, 10)
(39, 10)
(40, 10)
(41, 10)
(42, 10)
(56, 10)
(57, 10)
(58, 10)
(59, 10)
(60, 10)
(61, 10)
(62, 10)
(63, 10)
(64, 10)
(65, 10)
(66, 10)
(67, 10)
(68, 10)
(69, 10)
(70, 10)
(71, 10)
(72, 10)
(73, 10)
(74, 10)
(75, 10)
(76, 10)
(77, 10)
(78, 10)
(79, 10)
(0, 11)
(1, 11)
(2, 11)
(23, 11)
(24, 11)
(25, 11)
(26, 11)
(27, 11)
(28, 11)
(29, 11)
(30, 11)
(31, 11)
(32, 11)
(33, 11)
(34, 11)
(35, 11)
(36, 11)
(37, 11)
(38, 11)
(39, 11)
(40, 11)
(41, 11)
(42, 11)
(56, 11)
(57, 11)
(58, 11)
(59, 11)
(60, 11)
(61, 11)
(62, 11)
(63, 11)
(64, 11)
(65, 11)
(66, 11)
(67, 11)
(68, 11)
(69, 11)
(70, 11)
(71, 11)
(72, 11)
(73, 11)
(74, 11)
(75, 11)
(76, 11)
(77, 11)
(78, 11)
(0, 12)
(1, 12)
(2, 12)
(3, 12)
(24, 12)
(25, 12)
(26, 12)
(27, 12)
(28, 12)
(29, 12)
(30, 12)
(31, 12)
(32, 12)
(33, 12)
(34, 12)
(35, 12)
(36, 12)
(37, 12)
(38, 12)
(39, 12)
(40, 12)
(41, 12)
(42, 12)
(56, 12)
(57, 12)
(58, 12)
(59, 12)
(60, 12)
(61, 12)
(62, 12)
(63, 12)
(64, 12)
(65, 12)
(66, 12)
(67, 12)
(68, 12)
(69, 12)
(70, 12)
(71, 12)
(72, 12)
(73, 12)
(74, 12)
(75, 12)
(76, 12)
(77, 12)
(99, 12)
(0, 13)
(1, 13)
(2, 13)
(3, 13)
(4, 13)
(25, 13)
(26, 13)
(27, 13)
(28, 13)
(29, 13)
(30, 13)
(31, 13)
(32, 13)
(33, 13)
(34, 13)
(35, 13)
(36, 13)
(37, 13)
(38, 13)
(39, 13)
(40, 13)
(41, 13)
(42, 13)
(56, 13)
(57, 13)
(58, 13)
(59, 13)
(60, 13)
(61, 13)
(62, 13)
(63, 13)
(64, 13)
(65, 13)
(66, 13)
(67, 13)
(68, 13)
(69, 13)
(70, 13)
(71, 13)
(72, 13)
(73, 13)
(74, 13)
(75, 13)
(76, 13)
(98, 13)
(99, 13)
(0, 14)
(1, 14)
(2, 14)
(3, 14)
(4, 14)
(5, 14)
(26, 14)
(27, 14)
(28, 14)
(29, 14)
(30, 14)
(31, 14)
(32, 14)
(33, 14)
(34, 14)
(35, 14)
(36, 14)
(37, 14)
(38, 14)
(39, 14)
(40, 14)
(41, 14)
(42, 14)
(56, 14)
(57, 14)
(58, 14)
(59, 14)
(60, 14)
(61, 14)
(62, 14)
(63, 14)
(64, 14)
(65, 14)
(66, 14)
(67, 14)
(68, 14)
(69, 14)
(70, 14)
(71, 14)
(72, 14)
(73, 14)
(74, 14)
(75, 14)
(97, 14)
(98, 14)
(99, 14)
(0, 15)
(1, 15)
(2, 15)
(3, 15)
(4, 15)
(5, 15)
(6, 15)
(27, 15)
(28, 15)
(29, 15)
(30, 15)
(31, 15)
(32, 15)
(33, 15)
(34, 15)
(35, 15)
(36, 15)
(37, 15)
(38, 15)
(39, 15)
(40, 15)
(41, 15)
(42, 15)
(56, 15)
(57, 15)
(58, 15)
(59, 15)
(60, 15)
(61, 15)
(62, 15)
(63, 15)
(64, 15)
(65, 15)
(66, 15)
(67, 15)
(68, 15)
(69, 15)
(70, 15)
(71, 15)
(72, 15)
(73, 15)
(74, 15)
(96, 15)
(97, 15)
(98, 15)
(99, 15)
(0, 16)
(1, 16)
(2, 16)
(3, 16)
(4, 16)
(5, 16)
(6, 16)
(7, 16)
(28, 16)
(29, 16)
(30, 16)
(31, 16)
(32, 16)
(33, 16)
(34, 16)
(35, 16)
(36, 16)
(37, 16)
(38, 16)
(39, 16)
(40, 16)
(41, 16)
(42, 16)
(56, 16)
(57, 16)
(58, 16)
(59, 16)
(60, 16)
(61, 16)
(62, 16)
(63, 16)
(64, 16)
(65, 16)
(66, 16)
(67, 16)
(68, 16)
(69, 16)
(70, 16)
(71, 16)
(72, 16)
(73, 16)
(95, 16)
(96, 16)
(97, 16)
(98, 16)
(99, 16)
(0, 17)
(1, 17)
(2, 17)
(3, 17)
(4, 17)
(5, 17)
(6, 17)
(7, 17)
(8, 17)
(29, 17)
(30, 17)
(31, 17)
(32, 17)
(33, 17)
(34, 17)
(35, 17)
(36, 17)
(37, 17)
(38, 17)
(39, 17)
(40, 17)
(41, 17)
(42, 17)
(56, 17)
(57, 17)
(58, 17)
(59, 17)
(60, 17)
(61, 17)
(62, 17)
(63, 17)
(64, 17)
(65, 17)
(66, 17)
(67, 17)
(68, 17)
(69, 17)
(70, 17)
(71, 17)
(72, 17)
(94, 17)
(95, 17)
(96, 17)
(97, 17)
(98, 17)
(99, 17)
(0, 18)
(1, 18)
(2, 18)
(3, 18)
(4, 18)
(5, 18)
(6, 18)
(7, 18)
(8, 18)
(9, 18)
(30, 18)
(31, 18)
(32, 18)
(33, 18)
(34, 18)
(35, 18)
(36, 18)
(37, 18)
(38, 18)
(39, 18)
(40, 18)
(41, 18)
(42, 18)
(56, 18)
(57, 18)
(58, 18)
(59, 18)
(60, 18)
(61, 18)
(62, 18)
(63, 18)
(64, 18)
(65, 18)
(66, 18)
(67, 18)
(68, 18)
(69, 18)
(70, 18)
(71, 18)
(93, 18)
(94, 18)
(95, 18)
(96, 18)
(97, 18)
(98, 18)
(99, 18)
(0, 19)
(1, 19)
(2, 19)
(3, 19)
(4, 19)
(5, 19)
(6, 19)
(7, 19)
(8, 19)
(9, 19)
(10, 19)
(31, 19)
(32, 19)
(33, 19)
(34, 19)
(35, 19)
(36, 19)
(37, 19)
(38, 19)
(39, 19)
(40, 19)
(41, 19)
(42, 19)
(56, 19)
(57, 19)
(58, 19)
(59, 19)
(60, 19)
(61, 19)
(62, 19)
(63, 19)
(64, 19)
(65, 19)
(66, 19)
(67, 19)
(68, 19)
(69, 19)
(70, 19)
(92, 19)
(93, 19)
(94, 19)
(95, 19)
(96, 19)
(97, 19)
(98, 19)
(99, 19)
(0, 20)
(1, 20)
(2, 20)
(3, 20)
(4, 20)
(5, 20)
(6, 20)
(7, 20)
(8, 20)
(9, 20)
(10, 20)
(11, 20)
(32, 20)
(33, 20)
(34, 20)
(35, 20)
(36, 20)
(37, 20)
(38, 20)
(39, 20)
(40, 20)
(41, 20)
(42, 20)
(56, 20)
(57, 20)
(58, 20)
(59, 20)
(60, 20)
(61, 20)
(62, 20)
(63, 20)
(64, 20)
(65, 20)
(66, 20)
(67, 20)
(68, 20)
(69, 20)
(91, 20)
(92, 20)
(93, 20)
(94, 20)
(95, 20)
(96, 20)
(97, 20)
(98, 20)
(99, 20)
(0, 21)
(1, 21)
(2, 21)
(3, 21)
(4, 21)
(5, 21)
(6, 21)
(7, 21)
(8, 21)
(9, 21)
(10, 21)
(11, 21)
(12, 21)
(33, 21)
(34, 21)
(35, 21)
(36, 21)
(37, 21)
(38, 21)
(39, 21)
(40, 21)
(41, 21)
(42, 21)
(56, 21)
(57, 21)
(58, 21)
(59, 21)
(60, 21)
(61, 21)
(62, 21)
(63, 21)
(64, 21)
(65, 21)
(66, 21)
(67, 21)
(68, 21)
(90, 21)
(91, 21)
(92, 21)
(93, 21)
(94, 21)
(95, 21)
(96, 21)
(97, 21)
(98, 21)
(99, 21)
(0, 22)
(1, 22)
(2, 22)
(3, 22)
(4, 22)
(5, 22)
(6, 22)
(7, 22)
(8, 22)
(9, 22)
(10, 22)
(11, 22)
(12, 22)
(13, 22)
(34, 22)
(35, 22)
(36, 22)
(37, 22)
(38, 22)
(39, 22)
(40, 22)
(41, 22)
(42, 22)
(56, 22)
(57, 22)
(58, 22)
(59, 22)
(60, 22)
(61, 22)
(62, 22)
(63, 22)
(64, 22)
(65, 22)
(66, 22)
(67, 22)
(89, 22)
(90, 22)
(91, 22)
(92, 22)
(93, 22)
(94, 22)
(95, 22)
(96, 22)
(97, 22)
(98, 22)
(99, 22)
(0, 23)
(1, 23)
(2, 23)
(3, 23)
(4, 23)
(5, 23)
(6, 23)
(7, 23)
(8, 23)
(9, 23)
(10, 23)
(11, 23)
(12, 23)
(13, 23)
(14, 23)
(35, 23)
(36, 23)
(37, 23)
(38, 23)
(39, 23)
(40, 23)
(41, 23)
(42, 23)
(56, 23)
(57, 23)
(58, 23)
(59, 23)
(60, 23)
(61, 23)
(62, 23)
(63, 23)
(64, 23)
(65, 23)
(66, 23)
(88, 23)
(89, 23)
(90, 23)
(91, 23)
(92, 23)
(93, 23)
(94, 23)
(95, 23)
(96, 23)
(97, 23)
(98, 23)
(99, 23)
(0, 24)
(1, 24)
(2, 24)
(3, 24)
(4, 24)
(5, 24)
(6, 24)
(7, 24)
(8, 24)
(9, 24)
(10, 24)
(11, 24)
(12, 24)
(13, 24)
(14, 24)
(15, 24)
(36, 24)
(37, 24)
(38, 24)
(39, 24)
(40, 24)
(41, 24)
(42, 24)
(56, 24)
(57, 24)
(58, 24)
(59, 24)
(60, 24)
(61, 24)
(62, 24)
(63, 24)
(64, 24)
(65, 24)
(87, 24)
(88, 24)
(89, 24)
(90, 24)
(91, 24)
(92, 24)
(93, 24)
(94, 24)
(95, 24)
(96, 24)
(97, 24)
(98, 24)
(99, 24)
(0, 25)
(1, 25)
(2, 25)
(3, 25)
(4, 25)
(5, 25)
(6, 25)
(7, 25)
(8, 25)
(9, 25)
(10, 25)
(11, 25)
(12, 25)
(13, 25)
(14, 25)
(15, 25)
(16, 25)
(37, 25)
(38, 25)
(39, 25)
(40, 25)
(41, 25)
(42, 25)
(56, 25)
(57, 25)
(58, 25)
(59, 25)
(60, 25)
(61, 25)
(62, 25)
(63, 25)
(64, 25)
(86, 25)
(87, 25)
(88, 25)
(89, 25)
(90, 25)
(91, 25)
(92, 25)
(93, 25)
(94, 25)
(95, 25)
(96, 25)
(97, 25)
(98, 25)
(99, 25)
(0, 26)
(1, 26)
(2, 26)
(3, 26)
(4, 26)
(5, 26)
(6, 26)
(7, 26)
(8, 26)
(9, 26)
(10, 26)
(11, 26)
(12, 26)
(13, 26)
(14, 26)
(15, 26)
(16, 26)
(17, 26)
(38, 26)
(39, 26)
(40, 26)
(41, 26)
(42, 26)
(56, 26)
(57, 26)
(58, 26)
(59, 26)
(60, 26)
(61, 26)
(62, 26)
(63, 26)
(85, 26)
(86, 26)
(87, 26)
(88, 26)
(89, 26)
(90, 26)
(91, 26)
(92, 26)
(93, 26)
(94, 26)
(95, 26)
(96, 26)
(97, 26)
(98, 26)
(99, 26)
(0, 27)
(1, 27)
(2, 27)
(3, 27)
(4, 27)
(5, 27)
(6, 27)
(7, 27)
(8, 27)
(9, 27)
(10, 27)
(11, 27)
(12, 27)
(13, 27)
(14, 27)
(15, 27)
(16, 27)
(17, 27)
(18, 27)
(39, 27)
(40, 27)
(41, 27)
(42, 27)
(56, 27)
(57, 27)
(58, 27)
(59, 27)
(60, 27)
(61, 27)
(62, 27)
(84, 27)
(85, 27)
(86, 27)
(87, 27)
(88, 27)
(89, 27)
(90, 27)
(91, 27)
(92, 27)
(93, 27)
(94, 27)
(95, 27)
(96, 27)
(97, 27)
(98, 27)
(99, 27)
(0, 28)
(1, 28)
(2, 28)
(3, 28)
(4, 28)
(5, 28)
(6, 28)
(7, 28)
(8, 28)
(9, 28)
(10, 28)
(11, 28)
(12, 28)
(13, 28)
(14, 28)
(15, 28)
(16, 28)
(17, 28)
(18, 28)
(19, 28)
(40, 28)
(41, 28)
(42, 28)
(56, 28)
(57, 28)
(58, 28)
(59, 28)
(60, 28)
(61, 28)
(83, 28)
(84, 28)
(85, 28)
(86, 28)
(87, 28)
(88, 28)
(89, 28)
(90, 28)
(91, 28)
(92, 28)
(93, 28)
(94, 28)
(95, 28)
(96, 28)
(97, 28)
(98, 28)
(99, 28)
(0, 29)
(1, 29)
(2, 29)
(3, 29)
(4, 29)
(5, 29)
(6, 29)
(7, 29)
(8, 29)
(9, 29)
(10, 29)
(11, 29)
(12, 29)
(13, 29)
(14, 29)
(15, 29)
(16, 29)
(17, 29)
(18, 29)
(19, 29)
(20, 29)
(41, 29)
(42, 29)
(56, 29)
(57, 29)
(58, 29)
(59, 29)
(60, 29)
(82, 29)
(83, 29)
(84, 29)
(85, 29)
(86, 29)
(87, 29)
(88, 29)
(89, 29)
(90, 29)
(91, 29)
(92, 29)
(93, 29)
(94, 29)
(95, 29)
(96, 29)
(97, 29)
(98, 29)
(99, 29)
(0, 30)
(1, 30)
(2, 30)
(3, 30)
(4, 30)
(5, 30)
(6, 30)
(7, 30)
(8, 30)
(9, 30)
(10, 30)
(11, 30)
(12, 30)
(13, 30)
(14, 30)
(15, 30)
(16, 30)
(17, 30)
(18, 30)
(19, 30)
(20, 30)
(21, 30)
(42, 30)
(48, 30)
(56, 30)
(57, 30)
(58, 30)
(59, 30)
(81, 30)
(82, 30)
(83, 30)
(84, 30)
(85, 30)
(86, 30)
(87, 30)
(88, 30)
(89, 30)
(90, 30)
(91, 30)
(92, 30)
(93, 30)
(94, 30)
(95, 30)
(96, 30)
(97, 30)
(98, 30)
(99, 30)
(0, 31)
(1, 31)
(2, 31)
(3, 31)
(4, 31)
(5, 31)
(6, 31)
(7, 31)
(8, 31)
(9, 31)
(10, 31)
(11, 31)
(12, 31)
(13, 31)
(14, 31)
(15, 31)
(16, 31)
(17, 31)
(18, 31)
(19, 31)
(20, 31)
(21, 31)
(22, 31)
(48, 31)
(56, 31)
(57, 31)
(58, 31)
(80, 31)
(81, 31)
(82, 31)
(83, 31)
(84, 31)
(85, 31)
(86, 31)
(87, 31)
(88, 31)
(89, 31)
(90, 31)
(91, 31)
(92, 31)
(93, 31)
(94, 31)
(95, 31)
(96, 31)
(97, 31)
(98, 31)
(99, 31)
(0, 32)
(1, 32)
(2, 32)
(3, 32)
(4, 32)
(5, 32)
(6, 32)
(7, 32)
(8, 32)
(9, 32)
(10, 32)
(11, 32)
(12, 32)
(13, 32)
(14, 32)
(15, 32)
(16, 32)
(17, 32)
(18, 32)
(19, 32)
(20, 32)
(21, 32)
(22, 32)
(23, 32)
(48, 32)
(56, 32)
(57, 32)
(79, 32)
(80, 32)
(81, 32)
(82, 32)
(83, 32)
(84, 32)
(85, 32)
(86, 32)
(87, 32)
(88, 32)
(89, 32)
(90, 32)
(91, 32)
(92, 32)
(93, 32)
(94, 32)
(95, 32)
(96, 32)
(97, 32)
(98, 32)
(99, 32)
(0, 33)
(1, 33)
(2, 33)
(3, 33)
(4, 33)
(5, 33)
(6, 33)
(7, 33)
(8, 33)
(9, 33)
(10, 33)
(11, 33)
(12, 33)
(13, 33)
(14, 33)
(15, 33)
(16, 33)
(17, 33)
(18, 33)
(19, 33)
(20, 33)
(21, 33)
(22, 33)
(23, 33)
(24, 33)
(48, 33)
(56, 33)
(78, 33)
(79, 33)
(80, 33)
(81, 33)
(82, 33)
(83, 33)
(84, 33)
(85, 33)
(86, 33)
(87, 33)
(88, 33)
(89, 33)
(90, 33)
(91, 33)
(92, 33)
(93, 33)
(94, 33)
(95, 33)
(96, 33)
(97, 33)
(98, 33)
(99, 33)
(0, 34)
(1, 34)
(2, 34)
(3, 34)
(4, 34)
(5, 34)
(6, 34)
(7, 34)
(8, 34)
(9, 34)
(10, 34)
(11, 34)
(12, 34)
(13, 34)
(14, 34)
(15, 34)
(16, 34)
(17, 34)
(18, 34)
(19, 34)
(20, 34)
(21, 34)
(22, 34)
(23, 34)
(24, 34)
(25, 34)
(48, 34)
(77, 34)
(78, 34)
(79, 34)
(80, 34)
(81, 34)
(82, 34)
(83, 34)
(84, 34)
(85, 34)
(86, 34)
(87, 34)
(88, 34)
(89, 34)
(90, 34)
(91, 34)
(92, 34)
(93, 34)
(94, 34)
(95, 34)
(96, 34)
(97, 34)
(98, 34)
(99, 34)
(0, 35)
(1, 35)
(2, 35)
(3, 35)
(4, 35)
(5, 35)
(6, 35)
(7, 35)
(8, 35)
(9, 35)
(10, 35)
(11, 35)
(12, 35)
(13, 35)
(14, 35)
(15, 35)
(16, 35)
(17, 35)
(18, 35)
(19, 35)
(20, 35)
(21, 35)
(22, 35)
(23, 35)
(24, 35)
(25, 35)
(26, 35)
(48, 35)
(76, 35)
(77, 35)
(78, 35)
(79, 35)
(80, 35)
(81, 35)
(82, 35)
(83, 35)
(84, 35)
(85, 35)
(86, 35)
(87, 35)
(88, 35)
(89, 35)
(90, 35)
(91, 35)
(92, 35)
(93, 35)
(94, 35)
(95, 35)
(96, 35)
(97, 35)
(98, 35)
(99, 35)
(0, 36)
(1, 36)
(2, 36)
(3, 36)
(4, 36)
(5, 36)
(6, 36)
(7, 36)
(8, 36)
(9, 36)
(10, 36)
(11, 36)
(12, 36)
(13, 36)
(14, 36)
(15, 36)
(16, 36)
(17, 36)
(18, 36)
(19, 36)
(20, 36)
(21, 36)
(22, 36)
(23, 36)
(24, 36)
(25, 36)
(26, 36)
(27, 36)
(37, 36)
(38, 36)
(39, 36)
(48, 36)
(75, 36)
(76, 36)
(77, 36)
(78, 36)
(79, 36)
(80, 36)
(81, 36)
(82, 36)
(83, 36)
(84, 36)
(85, 36)
(86, 36)
(87, 36)
(88, 36)
(89, 36)
(90, 36)
(91, 36)
(92, 36)
(93, 36)
(94, 36)
(95, 36)
(96, 36)
(97, 36)
(98, 36)
(99, 36)
(0, 37)
(1, 37)
(2, 37)
(3, 37)
(4, 37)
(5, 37)
(6, 37)
(7, 37)
(8, 37)
(9, 37)
(10, 37)
(11, 37)
(12, 37)
(13, 37)
(14, 37)
(15, 37)
(16, 37)
(17, 37)
(18, 37)
(19, 37)
(20, 37)
(21, 37)
(22, 37)
(23, 37)
(24, 37)
(25, 37)
(26, 37)
(27, 37)
(28, 37)
(37, 37)
(38, 37)
(39, 37)
(48, 37)
(74, 37)
(75, 37)
(76, 37)
(77, 37)
(78, 37)
(79, 37)
(80, 37)
(81, 37)
(82, 37)
(83, 37)
(84, 37)
(85, 37)
(86, 37)
(87, 37)
(88, 37)
(89, 37)
(90, 37)
(91, 37)
(92, 37)
(93, 37)
(94, 37)
(95, 37)
(96, 37)
(97, 37)
(98, 37)
(99, 37)
(0, 38)
(1, 38)
(2, 38)
(3, 38)
(4, 38)
(5, 38)
(6, 38)
(7, 38)
(8, 38)
(9, 38)
(10, 38)
(11, 38)
(12, 38)
(13, 38)
(14, 38)
(15, 38)
(16, 38)
(17, 38)
(18, 38)
(19, 38)
(20, 38)
(21, 38)
(22, 38)
(23, 38)
(24, 38)
(25, 38)
(26, 38)
(27, 38)
(28, 38)
(29, 38)
(37, 38)
(38, 38)
(39, 38)
(73, 38)
(74, 38)
(75, 38)
(76, 38)
(77, 38)
(78, 38)
(79, 38)
(80, 38)
(81, 38)
(82, 38)
(83, 38)
(84, 38)
(85, 38)
(86, 38)
(87, 38)
(88, 38)
(89, 38)
(90, 38)
(91, 38)
(92, 38)
(93, 38)
(94, 38)
(95, 38)
(96, 38)
(97, 38)
(98, 38)
(99, 38)
(0, 39)
(1, 39)
(2, 39)
(3, 39)
(4, 39)
(5, 39)
(6, 39)
(7, 39)
(8, 39)
(9, 39)
(10, 39)
(11, 39)
(12, 39)
(13, 39)
(14, 39)
(15, 39)
(16, 39)
(17, 39)
(18, 39)
(19, 39)
(20, 39)
(21, 39)
(22, 39)
(23, 39)
(24, 39)
(25, 39)
(26, 39)
(27, 39)
(28, 39)
(29, 39)
(30, 39)
(57, 39)
(58, 39)
(59, 39)
(60, 39)
(61, 39)
(72, 39)
(73, 39)
(74, 39)
(75, 39)
(76, 39)
(77, 39)
(78, 39)
(79, 39)
(80, 39)
(81, 39)
(82, 39)
(83, 39)
(84, 39)
(85, 39)
(86, 39)
(87, 39)
(88, 39)
(89, 39)
(90, 39)
(91, 39)
(92, 39)
(93, 39)
(94, 39)
(95, 39)
(96, 39)
(97, 39)
(98, 39)
(99, 39)
(0, 40)
(1, 40)
(2, 40)
(3, 40)
(4, 40)
(5, 40)
(6, 40)
(7, 40)
(8, 40)
(9, 40)
(10, 40)
(11, 40)
(12, 40)
(13, 40)
(14, 40)
(15, 40)
(16, 40)
(17, 40)
(18, 40)
(19, 40)
(20, 40)
(21, 40)
(22, 40)
(23, 40)
(24, 40)
(25, 40)
(26, 40)
(27, 40)
(28, 40)
(29, 40)
(30, 40)
(31, 40)
(57, 40)
(58, 40)
(59, 40)
(60, 40)
(61, 40)
(71, 40)
(72, 40)
(73, 40)
(74, 40)
(75, 40)
(76, 40)
(77, 40)
(78, 40)
(79, 40)
(80, 40)
(81, 40)
(82, 40)
(83, 40)
(84, 40)
(85, 40)
(86, 40)
(87, 40)
(88, 40)
(89, 40)
(90, 40)
(91, 40)
(92, 40)
(93, 40)
(94, 40)
(95, 40)
(96, 40)
(97, 40)
(98, 40)
(99, 40)
(0, 41)
(1, 41)
(2, 41)
(3, 41)
(4, 41)
(5, 41)
(6, 41)
(7, 41)
(8, 41)
(9, 41)
(10, 41)
(11, 41)
(12, 41)
(13, 41)
(14, 41)
(15, 41)
(16, 41)
(17, 41)
(18, 41)
(19, 41)
(20, 41)
(21, 41)
(22, 41)
(23, 41)
(24, 41)
(25, 41)
(26, 41)
(27, 41)
(28, 41)
(29, 41)
(30, 41)
(31, 41)
(32, 41)
(57, 41)
(58, 41)
(59, 41)
(60, 41)
(61, 41)
(70, 41)
(71, 41)
(72, 41)
(73, 41)
(74, 41)
(75, 41)
(76, 41)
(77, 41)
(78, 41)
(79, 41)
(80, 41)
(81, 41)
(82, 41)
(83, 41)
(84, 41)
(85, 41)
(86, 41)
(87, 41)
(88, 41)
(89, 41)
(90, 41)
(91, 41)
(92, 41)
(93, 41)
(94, 41)
(95, 41)
(96, 41)
(97, 41)
(98, 41)
(99, 41)
(57, 42)
(58, 42)
(59, 42)
(60, 42)
(61, 42)
(57, 43)
(58, 43)
(59, 43)
(60, 43)
(61, 43)
(43, 44)
(44, 44)
(45, 44)
(46, 44)
(47, 44)
(48, 44)
(49, 44)
(50, 44)
(57, 44)
(58, 44)
(59, 44)
(60, 44)
(61, 44)
(43, 45)
(44, 45)
(45, 45)
(46, 45)
(47, 45)
(48, 45)
(49, 45)
(50, 45)
(57, 45)
(58, 45)
(59, 45)
(60, 45)
(61, 45)
(57, 46)
(58, 46)
(59, 46)
(60, 46)
(61, 46)
(31, 48)
(32, 48)
(33, 48)
(34, 48)
(35, 48)
(36, 48)
(37, 48)
(38, 48)
(39, 48)
(40, 48)
(41, 48)
(42, 48)
(43, 48)
(44, 48)
(31, 49)
(32, 49)
(33, 49)
(34, 49)
(35, 49)
(36, 49)
(37, 49)
(38, 49)
(39, 49)
(40, 49)
(41, 49)
(42, 49)
(43, 49)
(44, 49)
(50, 49)
(51, 49)
(52, 49)
(53, 49)
(54, 49)
(55, 49)
(56, 49)
(57, 49)
(58, 49)
(59, 49)
(60, 49)
(61, 49)
(31, 50)
(32, 50)
(33, 50)
(34, 50)
(35, 50)
(36, 50)
(37, 50)
(38, 50)
(39, 50)
(40, 50)
(41, 50)
(42, 50)
(43, 50)
(44, 50)
(50, 50)
(51, 50)
(52, 50)
(53, 50)
(54, 50)
(55, 50)
(56, 50)
(57, 50)
(58, 50)
(59, 50)
(60, 50)
(61, 50)
(31, 51)
(32, 51)
(33, 51)
(34, 51)
(35, 51)
(36, 51)
(37, 51)
(38, 51)
(39, 51)
(40, 51)
(41, 51)
(42, 51)
(43, 51)
(44, 51)
(31, 52)
(32, 52)
(33, 52)
(34, 52)
(35, 52)
(36, 52)
(37, 52)
(38, 52)
(39, 52)
(40, 52)
(41, 52)
(42, 52)
(43, 52)
(44, 52)
(68, 52)
(31, 53)
(32, 53)
(33, 53)
(34, 53)
(35, 53)
(36, 53)
(37, 53)
(38, 53)
(39, 53)
(40, 53)
(41, 53)
(42, 53)
(43, 53)
(44, 53)
(68, 53)
(31, 54)
(32, 54)
(33, 54)
(34, 54)
(35, 54)
(36, 54)
(37, 54)
(38, 54)
(39, 54)
(40, 54)
(41, 54)
(42, 54)
(43, 54)
(44, 54)
(68, 54)
(31, 55)
(32, 55)
(33, 55)
(34, 55)
(35, 55)
(36, 55)
(37, 55)
(38, 55)
(39, 55)
(40, 55)
(41, 55)
(42, 55)
(43, 55)
(44, 55)
(68, 55)
(68, 56)
(0, 57)
(1, 57)
(2, 57)
(3, 57)
(4, 57)
(5, 57)
(6, 57)
(7, 57)
(8, 57)
(9, 57)
(10, 57)
(11, 57)
(12, 57)
(13, 57)
(14, 57)
(15, 57)
(16, 57)
(17, 57)
(18, 57)
(19, 57)
(20, 57)
(21, 57)
(22, 57)
(23, 57)
(24, 57)
(25, 57)
(26, 57)
(27, 57)
(28, 57)
(29, 57)
(30, 57)
(31, 57)
(32, 57)
(68, 57)
(69, 57)
(70, 57)
(71, 57)
(72, 57)
(73, 57)
(74, 57)
(75, 57)
(76, 57)
(77, 57)
(78, 57)
(79, 57)
(80, 57)
(81, 57)
(82, 57)
(83, 57)
(84, 57)
(85, 57)
(86, 57)
(87, 57)
(88, 57)
(89, 57)
(90, 57)
(91, 57)
(92, 57)
(93, 57)
(94, 57)
(95, 57)
(96, 57)
(97, 57)
(98, 57)
(99, 57)
(0, 58)
(1, 58)
(2, 58)
(3, 58)
(4, 58)
(5, 58)
(6, 58)
(7, 58)
(8, 58)
(9, 58)
(10, 58)
(11, 58)
(12, 58)
(13, 58)
(14, 58)
(15, 58)
(16, 58)
(17, 58)
(18, 58)
(19, 58)
(20, 58)
(21, 58)
(22, 58)
(23, 58)
(24, 58)
(25, 58)
(26, 58)
(27, 58)
(28, 58)
(29, 58)
(30, 58)
(31, 58)
(69, 58)
(70, 58)
(71, 58)
(72, 58)
(73, 58)
(74, 58)
(75, 58)
(76, 58)
(77, 58)
(78, 58)
(79, 58)
(80, 58)
(81, 58)
(82, 58)
(83, 58)
(84, 58)
(85, 58)
(86, 58)
(87, 58)
(88, 58)
(89, 58)
(90, 58)
(91, 58)
(92, 58)
(93, 58)
(94, 58)
(95, 58)
(96, 58)
(97, 58)
(98, 58)
(99, 58)
(0, 59)
(1, 59)
(2, 59)
(3, 59)
(4, 59)
(5, 59)
(6, 59)
(7, 59)
(8, 59)
(9, 59)
(10, 59)
(11, 59)
(12, 59)
(13, 59)
(14, 59)
(15, 59)
(16, 59)
(17, 59)
(18, 59)
(19, 59)
(20, 59)
(21, 59)
(22, 59)
(23, 59)
(24, 59)
(25, 59)
(26, 59)
(27, 59)
(28, 59)
(29, 59)
(30, 59)
(52, 59)
(53, 59)
(54, 59)
(55, 59)
(56, 59)
(57, 59)
(70, 59)
(71, 59)
(72, 59)
(73, 59)
(74, 59)
(75, 59)
(76, 59)
(77, 59)
(78, 59)
(79, 59)
(80, 59)
(81, 59)
(82, 59)
(83, 59)
(84, 59)
(85, 59)
(86, 59)
(87, 59)
(88, 59)
(89, 59)
(90, 59)
(91, 59)
(92, 59)
(93, 59)
(94, 59)
(95, 59)
(96, 59)
(97, 59)
(98, 59)
(99, 59)
(0, 60)
(1, 60)
(2, 60)
(3, 60)
(4, 60)
(5, 60)
(6, 60)
(7, 60)
(8, 60)
(9, 60)
(10, 60)
(11, 60)
(12, 60)
(13, 60)
(14, 60)
(15, 60)
(16, 60)
(17, 60)
(18, 60)
(19, 60)
(20, 60)
(21, 60)
(22, 60)
(23, 60)
(24, 60)
(25, 60)
(26, 60)
(27, 60)
(28, 60)
(29, 60)
(71, 60)
(72, 60)
(73, 60)
(74, 60)
(75, 60)
(76, 60)
(77, 60)
(78, 60)
(79, 60)
(80, 60)
(81, 60)
(82, 60)
(83, 60)
(84, 60)
(85, 60)
(86, 60)
(87, 60)
(88, 60)
(89, 60)
(90, 60)
(91, 60)
(92, 60)
(93, 60)
(94, 60)
(95, 60)
(96, 60)
(97, 60)
(98, 60)
(99, 60)
(0, 61)
(1, 61)
(2, 61)
(3, 61)
(4, 61)
(5, 61)
(6, 61)
(7, 61)
(8, 61)
(9, 61)
(10, 61)
(11, 61)
(12, 61)
(13, 61)
(14, 61)
(15, 61)
(16, 61)
(17, 61)
(18, 61)
(19, 61)
(20, 61)
(21, 61)
(22, 61)
(23, 61)
(24, 61)
(25, 61)
(26, 61)
(27, 61)
(28, 61)
(48, 61)
(49, 61)
(50, 61)
(51, 61)
(52, 61)
(53, 61)
(72, 61)
(73, 61)
(74, 61)
(75, 61)
(76, 61)
(77, 61)
(78, 61)
(79, 61)
(80, 61)
(81, 61)
(82, 61)
(83, 61)
(84, 61)
(85, 61)
(86, 61)
(87, 61)
(88, 61)
(89, 61)
(90, 61)
(91, 61)
(92, 61)
(93, 61)
(94, 61)
(95, 61)
(96, 61)
(97, 61)
(98, 61)
(99, 61)
(0, 62)
(1, 62)
(2, 62)
(3, 62)
(4, 62)
(5, 62)
(6, 62)
(7, 62)
(8, 62)
(9, 62)
(10, 62)
(11, 62)
(12, 62)
(13, 62)
(14, 62)
(15, 62)
(16, 62)
(17, 62)
(18, 62)
(19, 62)
(20, 62)
(21, 62)
(22, 62)
(23, 62)
(24, 62)
(25, 62)
(26, 62)
(27, 62)
(48, 62)
(49, 62)
(50, 62)
(51, 62)
(52, 62)
(53, 62)
(73, 62)
(74, 62)
(75, 62)
(76, 62)
(77, 62)
(78, 62)
(79, 62)
(80, 62)
(81, 62)
(82, 62)
(83, 62)
(84, 62)
(85, 62)
(86, 62)
(87, 62)
(88, 62)
(89, 62)
(90, 62)
(91, 62)
(92, 62)
(93, 62)
(94, 62)
(95, 62)
(96, 62)
(97, 62)
(98, 62)
(99, 62)
(0, 63)
(1, 63)
(2, 63)
(3, 63)
(4, 63)
(5, 63)
(6, 63)
(7, 63)
(8, 63)
(9, 63)
(10, 63)
(11, 63)
(12, 63)
(13, 63)
(14, 63)
(15, 63)
(16, 63)
(17, 63)
(18, 63)
(19, 63)
(20, 63)
(21, 63)
(22, 63)
(23, 63)
(24, 63)
(25, 63)
(26, 63)
(48, 63)
(49, 63)
(50, 63)
(51, 63)
(52, 63)
(53, 63)
(74, 63)
(75, 63)
(76, 63)
(77, 63)
(78, 63)
(79, 63)
(80, 63)
(81, 63)
(82, 63)
(83, 63)
(84, 63)
(85, 63)
(86, 63)
(87, 63)
(88, 63)
(89, 63)
(90, 63)
(91, 63)
(92, 63)
(93, 63)
(94, 63)
(95, 63)
(96, 63)
(97, 63)
(98, 63)
(99, 63)
(0, 64)
(1, 64)
(2, 64)
(3, 64)
(4, 64)
(5, 64)
(6, 64)
(7, 64)
(8, 64)
(9, 64)
(10, 64)
(11, 64)
(12, 64)
(13, 64)
(14, 64)
(15, 64)
(16, 64)
(17, 64)
(18, 64)
(19, 64)
(20, 64)
(21, 64)
(22, 64)
(23, 64)
(24, 64)
(25, 64)
(48, 64)
(49, 64)
(50, 64)
(51, 64)
(52, 64)
(53, 64)
(75, 64)
(76, 64)
(77, 64)
(78, 64)
(79, 64)
(80, 64)
(81, 64)
(82, 64)
(83, 64)
(84, 64)
(85, 64)
(86, 64)
(87, 64)
(88, 64)
(89, 64)
(90, 64)
(91, 64)
(92, 64)
(93, 64)
(94, 64)
(95, 64)
(96, 64)
(97, 64)
(98, 64)
(99, 64)
(0, 65)
(1, 65)
(2, 65)
(3, 65)
(4, 65)
(5, 65)
(6, 65)
(7, 65)
(8, 65)
(9, 65)
(10, 65)
(11, 65)
(12, 65)
(13, 65)
(14, 65)
(15, 65)
(16, 65)
(17, 65)
(18, 65)
(19, 65)
(20, 65)
(21, 65)
(22, 65)
(23, 65)
(24, 65)
(48, 65)
(49, 65)
(50, 65)
(51, 65)
(52, 65)
(53, 65)
(56, 65)
(76, 65)
(77, 65)
(78, 65)
(79, 65)
(80, 65)
(81, 65)
(82, 65)
(83, 65)
(84, 65)
(85, 65)
(86, 65)
(87, 65)
(88, 65)
(89, 65)
(90, 65)
(91, 65)
(92, 65)
(93, 65)
(94, 65)
(95, 65)
(96, 65)
(97, 65)
(98, 65)
(99, 65)
(0, 66)
(1, 66)
(2, 66)
(3, 66)
(4, 66)
(5, 66)
(6, 66)
(7, 66)
(8, 66)
(9, 66)
(10, 66)
(11, 66)
(12, 66)
(13, 66)
(14, 66)
(15, 66)
(16, 66)
(17, 66)
(18, 66)
(19, 66)
(20, 66)
(21, 66)
(22, 66)
(23, 66)
(48, 66)
(49, 66)
(50, 66)
(51, 66)
(52, 66)
(53, 66)
(56, 66)
(57, 66)
(77, 66)
(78, 66)
(79, 66)
(80, 66)
(81, 66)
(82, 66)
(83, 66)
(84, 66)
(85, 66)
(86, 66)
(87, 66)
(88, 66)
(89, 66)
(90, 66)
(91, 66)
(92, 66)
(93, 66)
(94, 66)
(95, 66)
(96, 66)
(97, 66)
(98, 66)
(99, 66)
(0, 67)
(1, 67)
(2, 67)
(3, 67)
(4, 67)
(5, 67)
(6, 67)
(7, 67)
(8, 67)
(9, 67)
(10, 67)
(11, 67)
(12, 67)
(13, 67)
(14, 67)
(15, 67)
(16, 67)
(17, 67)
(18, 67)
(19, 67)
(20, 67)
(21, 67)
(22, 67)
(43, 67)
(48, 67)
(49, 67)
(50, 67)
(51, 67)
(52, 67)
(53, 67)
(56, 67)
(57, 67)
(58, 67)
(78, 67)
(79, 67)
(80, 67)
(81, 67)
(82, 67)
(83, 67)
(84, 67)
(85, 67)
(86, 67)
(87, 67)
(88, 67)
(89, 67)
(90, 67)
(91, 67)
(92, 67)
(93, 67)
(94, 67)
(95, 67)
(96, 67)
(97, 67)
(98, 67)
(99, 67)
(0, 68)
(1, 68)
(2, 68)
(3, 68)
(4, 68)
(5, 68)
(6, 68)
(7, 68)
(8, 68)
(9, 68)
(10, 68)
(11, 68)
(12, 68)
(13, 68)
(14, 68)
(15, 68)
(16, 68)
(17, 68)
(18, 68)
(19, 68)
(20, 68)
(21, 68)
(42, 68)
(43, 68)
(56, 68)
(57, 68)
(58, 68)
(59, 68)
(79, 68)
(80, 68)
(81, 68)
(82, 68)
(83, 68)
(84, 68)
(85, 68)
(86, 68)
(87, 68)
(88, 68)
(89, 68)
(90, 68)
(91, 68)
(92, 68)
(93, 68)
(94, 68)
(95, 68)
(96, 68)
(97, 68)
(98, 68)
(99, 68)
(0, 69)
(1, 69)
(2, 69)
(3, 69)
(4, 69)
(5, 69)
(6, 69)
(7, 69)
(8, 69)
(9, 69)
(10, 69)
(11, 69)
(12, 69)
(13, 69)
(14, 69)
(15, 69)
(16, 69)
(17, 69)
(18, 69)
(19, 69)
(20, 69)
(41, 69)
(42, 69)
(43, 69)
(56, 69)
(57, 69)
(58, 69)
(59, 69)
(60, 69)
(80, 69)
(81, 69)
(82, 69)
(83, 69)
(84, 69)
(85, 69)
(86, 69)
(87, 69)
(88, 69)
(89, 69)
(90, 69)
(91, 69)
(92, 69)
(93, 69)
(94, 69)
(95, 69)
(96, 69)
(97, 69)
(98, 69)
(99, 69)
(0, 70)
(1, 70)
(2, 70)
(3, 70)
(4, 70)
(5, 70)
(6, 70)
(7, 70)
(8, 70)
(9, 70)
(10, 70)
(11, 70)
(12, 70)
(13, 70)
(14, 70)
(15, 70)
(16, 70)
(17, 70)
(18, 70)
(19, 70)
(40, 70)
(41, 70)
(42, 70)
(43, 70)
(56, 70)
(57, 70)
(58, 70)
(59, 70)
(60, 70)
(61, 70)
(81, 70)
(82, 70)
(83, 70)
(84, 70)
(85, 70)
(86, 70)
(87, 70)
(88, 70)
(89, 70)
(90, 70)
(91, 70)
(92, 70)
(93, 70)
(94, 70)
(95, 70)
(96, 70)
(97, 70)
(98, 70)
(99, 70)
(0, 71)
(1, 71)
(2, 71)
(3, 71)
(4, 71)
(5, 71)
(6, 71)
(7, 71)
(8, 71)
(9, 71)
(10, 71)
(11, 71)
(12, 71)
(13, 71)
(14, 71)
(15, 71)
(16, 71)
(17, 71)
(18, 71)
(39, 71)
(40, 71)
(41, 71)
(42, 71)
(43, 71)
(56, 71)
(57, 71)
(58, 71)
(59, 71)
(60, 71)
(61, 71)
(62, 71)
(82, 71)
(83, 71)
(84, 71)
(85, 71)
(86, 71)
(87, 71)
(88, 71)
(89, 71)
(90, 71)
(91, 71)
(92, 71)
(93, 71)
(94, 71)
(95, 71)
(96, 71)
(97, 71)
(98, 71)
(99, 71)
(0, 72)
(1, 72)
(2, 72)
(3, 72)
(4, 72)
(5, 72)
(6, 72)
(7, 72)
(8, 72)
(9, 72)
(10, 72)
(11, 72)
(12, 72)
(13, 72)
(14, 72)
(15, 72)
(16, 72)
(17, 72)
(38, 72)
(39, 72)
(40, 72)
(41, 72)
(42, 72)
(43, 72)
(56, 72)
(57, 72)
(58, 72)
(59, 72)
(60, 72)
(61, 72)
(62, 72)
(63, 72)
(83, 72)
(84, 72)
(85, 72)
(86, 72)
(87, 72)
(88, 72)
(89, 72)
(90, 72)
(91, 72)
(92, 72)
(93, 72)
(94, 72)
(95, 72)
(96, 72)
(97, 72)
(98, 72)
(99, 72)
(0, 73)
(1, 73)
(2, 73)
(3, 73)
(4, 73)
(5, 73)
(6, 73)
(7, 73)
(8, 73)
(9, 73)
(10, 73)
(11, 73)
(12, 73)
(13, 73)
(14, 73)
(15, 73)
(16, 73)
(37, 73)
(38, 73)
(39, 73)
(40, 73)
(41, 73)
(42, 73)
(43, 73)
(56, 73)
(57, 73)
(58, 73)
(59, 73)
(60, 73)
(61, 73)
(62, 73)
(63, 73)
(64, 73)
(84, 73)
(85, 73)
(86, 73)
(87, 73)
(88, 73)
(89, 73)
(90, 73)
(91, 73)
(92, 73)
(93, 73)
(94, 73)
(95, 73)
(96, 73)
(97, 73)
(98, 73)
(99, 73)
(0, 74)
(1, 74)
(2, 74)
(3, 74)
(4, 74)
(5, 74)
(6, 74)
(7, 74)
(8, 74)
(9, 74)
(10, 74)
(11, 74)
(12, 74)
(13, 74)
(14, 74)
(15, 74)
(36, 74)
(37, 74)
(38, 74)
(39, 74)
(40, 74)
(41, 74)
(42, 74)
(43, 74)
(56, 74)
(57, 74)
(58, 74)
(59, 74)
(60, 74)
(61, 74)
(62, 74)
(63, 74)
(64, 74)
(65, 74)
(85, 74)
(86, 74)
(87, 74)
(88, 74)
(89, 74)
(90, 74)
(91, 74)
(92, 74)
(93, 74)
(94, 74)
(95, 74)
(96, 74)
(97, 74)
(98, 74)
(99, 74)
(0, 75)
(1, 75)
(2, 75)
(3, 75)
(4, 75)
(5, 75)
(6, 75)
(7, 75)
(8, 75)
(9, 75)
(10, 75)
(11, 75)
(12, 75)
(13, 75)
(14, 75)
(35, 75)
(36, 75)
(37, 75)
(38, 75)
(39, 75)
(40, 75)
(41, 75)
(42, 75)
(43, 75)
(56, 75)
(57, 75)
(58, 75)
(59, 75)
(60, 75)
(61, 75)
(62, 75)
(63, 75)
(64, 75)
(65, 75)
(66, 75)
(86, 75)
(87, 75)
(88, 75)
(89, 75)
(90, 75)
(91, 75)
(92, 75)
(93, 75)
(94, 75)
(95, 75)
(96, 75)
(97, 75)
(98, 75)
(99, 75)
(0, 76)
(1, 76)
(2, 76)
(3, 76)
(4, 76)
(5, 76)
(6, 76)
(7, 76)
(8, 76)
(9, 76)
(10, 76)
(11, 76)
(12, 76)
(13, 76)
(34, 76)
(35, 76)
(36, 76)
(37, 76)
(38, 76)
(39, 76)
(40, 76)
(41, 76)
(42, 76)
(43, 76)
(56, 76)
(57, 76)
(58, 76)
(59, 76)
(60, 76)
(61, 76)
(62, 76)
(63, 76)
(64, 76)
(65, 76)
(66, 76)
(67, 76)
(87, 76)
(88, 76)
(89, 76)
(90, 76)
(91, 76)
(92, 76)
(93, 76)
(94, 76)
(95, 76)
(96, 76)
(97, 76)
(98, 76)
(99, 76)
(0, 77)
(1, 77)
(2, 77)
(3, 77)
(4, 77)
(5, 77)
(6, 77)
(7, 77)
(8, 77)
(9, 77)
(10, 77)
(11, 77)
(12, 77)
(33, 77)
(34, 77)
(35, 77)
(36, 77)
(37, 77)
(38, 77)
(39, 77)
(40, 77)
(41, 77)
(42, 77)
(43, 77)
(56, 77)
(57, 77)
(58, 77)
(59, 77)
(60, 77)
(61, 77)
(62, 77)
(63, 77)
(64, 77)
(65, 77)
(66, 77)
(67, 77)
(68, 77)
(88, 77)
(89, 77)
(90, 77)
(91, 77)
(92, 77)
(93, 77)
(94, 77)
(95, 77)
(96, 77)
(97, 77)
(98, 77)
(99, 77)
(0, 78)
(1, 78)
(2, 78)
(3, 78)
(4, 78)
(5, 78)
(6, 78)
(7, 78)
(8, 78)
(9, 78)
(10, 78)
(11, 78)
(32, 78)
(33, 78)
(34, 78)
(35, 78)
(36, 78)
(37, 78)
(38, 78)
(39, 78)
(40, 78)
(41, 78)
(42, 78)
(43, 78)
(56, 78)
(57, 78)
(58, 78)
(59, 78)
(60, 78)
(61, 78)
(62, 78)
(63, 78)
(64, 78)
(65, 78)
(66, 78)
(67, 78)
(68, 78)
(69, 78)
(89, 78)
(90, 78)
(91, 78)
(92, 78)
(93, 78)
(94, 78)
(95, 78)
(96, 78)
(97, 78)
(98, 78)
(99, 78)
(0, 79)
(1, 79)
(2, 79)
(3, 79)
(4, 79)
(5, 79)
(6, 79)
(7, 79)
(8, 79)
(9, 79)
(10, 79)
(31, 79)
(32, 79)
(33, 79)
(34, 79)
(35, 79)
(36, 79)
(37, 79)
(38, 79)
(39, 79)
(40, 79)
(41, 79)
(42, 79)
(43, 79)
(56, 79)
(57, 79)
(58, 79)
(59, 79)
(60, 79)
(61, 79)
(62, 79)
(63, 79)
(64, 79)
(65, 79)
(66, 79)
(67, 79)
(68, 79)
(69, 79)
(70, 79)
(90, 79)
(91, 79)
(92, 79)
(93, 79)
(94, 79)
(95, 79)
(96, 79)
(97, 79)
(98, 79)
(99, 79)
(0, 80)
(1, 80)
(2, 80)
(3, 80)
(4, 80)
(5, 80)
(6, 80)
(7, 80)
(8, 80)
(9, 80)
(30, 80)
(31, 80)
(32, 80)
(33, 80)
(34, 80)
(35, 80)
(36, 80)
(37, 80)
(38, 80)
(39, 80)
(40, 80)
(41, 80)
(42, 80)
(43, 80)
(56, 80)
(57, 80)
(58, 80)
(59, 80)
(60, 80)
(61, 80)
(62, 80)
(63, 80)
(64, 80)
(65, 80)
(66, 80)
(67, 80)
(68, 80)
(69, 80)
(70, 80)
(71, 80)
(91, 80)
(92, 80)
(93, 80)
(94, 80)
(95, 80)
(96, 80)
(97, 80)
(98, 80)
(99, 80)
(0, 81)
(1, 81)
(2, 81)
(3, 81)
(4, 81)
(5, 81)
(6, 81)
(7, 81)
(8, 81)
(29, 81)
(30, 81)
(31, 81)
(32, 81)
(33, 81)
(34, 81)
(35, 81)
(36, 81)
(37, 81)
(38, 81)
(39, 81)
(40, 81)
(41, 81)
(42, 81)
(43, 81)
(56, 81)
(57, 81)
(58, 81)
(59, 81)
(60, 81)
(61, 81)
(62, 81)
(63, 81)
(64, 81)
(65, 81)
(66, 81)
(67, 81)
(68, 81)
(69, 81)
(70, 81)
(71, 81)
(72, 81)
(92, 81)
(93, 81)
(94, 81)
(95, 81)
(96, 81)
(97, 81)
(98, 81)
(99, 81)
(0, 82)
(1, 82)
(2, 82)
(3, 82)
(4, 82)
(5, 82)
(6, 82)
(7, 82)
(28, 82)
(29, 82)
(30, 82)
(31, 82)
(32, 82)
(33, 82)
(34, 82)
(35, 82)
(36, 82)
(37, 82)
(38, 82)
(39, 82)
(40, 82)
(41, 82)
(42, 82)
(43, 82)
(56, 82)
(57, 82)
(58, 82)
(59, 82)
(60, 82)
(61, 82)
(62, 82)
(63, 82)
(64, 82)
(65, 82)
(66, 82)
(67, 82)
(68, 82)
(69, 82)
(70, 82)
(71, 82)
(72, 82)
(73, 82)
(93, 82)
(94, 82)
(95, 82)
(96, 82)
(97, 82)
(98, 82)
(99, 82)
(0, 83)
(1, 83)
(2, 83)
(3, 83)
(4, 83)
(5, 83)
(6, 83)
(27, 83)
(28, 83)
(29, 83)
(30, 83)
(31, 83)
(32, 83)
(33, 83)
(34, 83)
(35, 83)
(36, 83)
(37, 83)
(38, 83)
(39, 83)
(40, 83)
(41, 83)
(42, 83)
(43, 83)
(56, 83)
(57, 83)
(58, 83)
(59, 83)
(60, 83)
(61, 83)
(62, 83)
(63, 83)
(64, 83)
(65, 83)
(66, 83)
(67, 83)
(68, 83)
(69, 83)
(70, 83)
(71, 83)
(72, 83)
(73, 83)
(74, 83)
(94, 83)
(95, 83)
(96, 83)
(97, 83)
(98, 83)
(99, 83)
(0, 84)
(1, 84)
(2, 84)
(3, 84)
(4, 84)
(5, 84)
(26, 84)
(27, 84)
(28, 84)
(29, 84)
(30, 84)
(31, 84)
(32, 84)
(33, 84)
(34, 84)
(35, 84)
(36, 84)
(37, 84)
(38, 84)
(39, 84)
(40, 84)
(41, 84)
(42, 84)
(43, 84)
(56, 84)
(57, 84)
(58, 84)
(59, 84)
(60, 84)
(61, 84)
(62, 84)
(63, 84)
(64, 84)
(65, 84)
(66, 84)
(67, 84)
(68, 84)
(69, 84)
(70, 84)
(71, 84)
(72, 84)
(73, 84)
(74, 84)
(75, 84)
(95, 84)
(96, 84)
(97, 84)
(98, 84)
(99, 84)
(0, 85)
(1, 85)
(2, 85)
(3, 85)
(4, 85)
(25, 85)
(26, 85)
(27, 85)
(28, 85)
(29, 85)
(30, 85)
(31, 85)
(32, 85)
(33, 85)
(34, 85)
(35, 85)
(36, 85)
(37, 85)
(38, 85)
(39, 85)
(40, 85)
(41, 85)
(42, 85)
(43, 85)
(56, 85)
(57, 85)
(58, 85)
(59, 85)
(60, 85)
(61, 85)
(62, 85)
(63, 85)
(64, 85)
(65, 85)
(66, 85)
(67, 85)
(68, 85)
(69, 85)
(70, 85)
(71, 85)
(72, 85)
(73, 85)
(74, 85)
(75, 85)
(76, 85)
(96, 85)
(97, 85)
(98, 85)
(99, 85)
(0, 86)
(1, 86)
(2, 86)
(3, 86)
(24, 86)
(25, 86)
(26, 86)
(27, 86)
(28, 86)
(29, 86)
(30, 86)
(31, 86)
(32, 86)
(33, 86)
(34, 86)
(35, 86)
(36, 86)
(37, 86)
(38, 86)
(39, 86)
(40, 86)
(41, 86)
(42, 86)
(43, 86)
(56, 86)
(57, 86)
(58, 86)
(59, 86)
(60, 86)
(61, 86)
(62, 86)
(63, 86)
(64, 86)
(65, 86)
(66, 86)
(67, 86)
(68, 86)
(69, 86)
(70, 86)
(71, 86)
(72, 86)
(73, 86)
(74, 86)
(75, 86)
(76, 86)
(77, 86)
(97, 86)
(98, 86)
(99, 86)
(0, 87)
(1, 87)
(2, 87)
(23, 87)
(24, 87)
(25, 87)
(26, 87)
(27, 87)
(28, 87)
(29, 87)
(30, 87)
(31, 87)
(32, 87)
(33, 87)
(34, 87)
(35, 87)
(36, 87)
(37, 87)
(38, 87)
(39, 87)
(40, 87)
(41, 87)
(42, 87)
(43, 87)
(56, 87)
(57, 87)
(58, 87)
(59, 87)
(60, 87)
(61, 87)
(62, 87)
(63, 87)
(64, 87)
(65, 87)
(66, 87)
(67, 87)
(68, 87)
(69, 87)
(70, 87)
(71, 87)
(72, 87)
(73, 87)
(74, 87)
(75, 87)
(76, 87)
(77, 87)
(78, 87)
(98, 87)
(99, 87)
(0, 88)
(1, 88)
(22, 88)
(23, 88)
(24, 88)
(25, 88)
(26, 88)
(27, 88)
(28, 88)
(29, 88)
(30, 88)
(31, 88)
(32, 88)
(33, 88)
(34, 88)
(35, 88)
(36, 88)
(37, 88)
(38, 88)
(39, 88)
(40, 88)
(41, 88)
(42, 88)
(43, 88)
(56, 88)
(57, 88)
(58, 88)
(59, 88)
(60, 88)
(61, 88)
(62, 88)
(63, 88)
(64, 88)
(65, 88)
(66, 88)
(67, 88)
(68, 88)
(69, 88)
(70, 88)
(71, 88)
(72, 88)
(73, 88)
(74, 88)
(75, 88)
(76, 88)
(77, 88)
(78, 88)
(79, 88)
(99, 88)
(0, 89)
(21, 89)
(22, 89)
(23, 89)
(24, 89)
(25, 89)
(26, 89)
(27, 89)
(28, 89)
(29, 89)
(30, 89)
(31, 89)
(32, 89)
(33, 89)
(34, 89)
(35, 89)
(36, 89)
(37, 89)
(38, 89)
(39, 89)
(40, 89)
(41, 89)
(42, 89)
(43, 89)
(56, 89)
(57, 89)
(58, 89)
(59, 89)
(60, 89)
(61, 89)
(62, 89)
(63, 89)
(64, 89)
(65, 89)
(66, 89)
(67, 89)
(68, 89)
(69, 89)
(70, 89)
(71, 89)
(72, 89)
(73, 89)
(74, 89)
(75, 89)
(76, 89)
(77, 89)
(78, 89)
(79, 89)
(80, 89)
(20, 90)
(21, 90)
(22, 90)
(23, 90)
(24, 90)
(25, 90)
(26, 90)
(27, 90)
(28, 90)
(29, 90)
(30, 90)
(31, 90)
(32, 90)
(33, 90)
(34, 90)
(35, 90)
(36, 90)
(37, 90)
(38, 90)
(39, 90)
(40, 90)
(41, 90)
(42, 90)
(43, 90)
(56, 90)
(57, 90)
(58, 90)
(59, 90)
(60, 90)
(61, 90)
(62, 90)
(63, 90)
(64, 90)
(65, 90)
(66, 90)
(67, 90)
(68, 90)
(69, 90)
(70, 90)
(71, 90)
(72, 90)
(73, 90)
(74, 90)
(75, 90)
(76, 90)
(77, 90)
(78, 90)
(79, 90)
(80, 90)
(81, 90)
(19, 91)
(20, 91)
(21, 91)
(22, 91)
(23, 91)
(24, 91)
(25, 91)
(26, 91)
(27, 91)
(28, 91)
(29, 91)
(30, 91)
(31, 91)
(32, 91)
(33, 91)
(34, 91)
(35, 91)
(36, 91)
(37, 91)
(38, 91)
(39, 91)
(40, 91)
(41, 91)
(42, 91)
(43, 91)
(56, 91)
(57, 91)
(58, 91)
(59, 91)
(60, 91)
(61, 91)
(62, 91)
(63, 91)
(64, 91)
(65, 91)
(66, 91)
(67, 91)
(68, 91)
(69, 91)
(70, 91)
(71, 91)
(72, 91)
(73, 91)
(74, 91)
(75, 91)
(76, 91)
(77, 91)
(78, 91)
(79, 91)
(80, 91)
(81, 91)
(82, 91)
(18, 92)
(19, 92)
(20, 92)
(21, 92)
(22, 92)
(23, 92)
(24, 92)
(25, 92)
(26, 92)
(27, 92)
(28, 92)
(29, 92)
(30, 92)
(31, 92)
(32, 92)
(33, 92)
(34, 92)
(35, 92)
(36, 92)
(37, 92)
(38, 92)
(39, 92)
(40, 92)
(41, 92)
(42, 92)
(43, 92)
(56, 92)
(57, 92)
(58, 92)
(59, 92)
(60, 92)
(61, 92)
(62, 92)
(63, 92)
(64, 92)
(65, 92)
(66, 92)
(67, 92)
(68, 92)
(69, 92)
(70, 92)
(71, 92)
(72, 92)
(73, 92)
(74, 92)
(75, 92)
(76, 92)
(77, 92)
(78, 92)
(79, 92)
(80, 92)
(81, 92)
(82, 92)
(83, 92)
(17, 93)
(18, 93)
(19, 93)
(20, 93)
(21, 93)
(22, 93)
(23, 93)
(24, 93)
(25, 93)
(26, 93)
(27, 93)
(28, 93)
(29, 93)
(30, 93)
(31, 93)
(32, 93)
(33, 93)
(34, 93)
(35, 93)
(36, 93)
(37, 93)
(38, 93)
(39, 93)
(40, 93)
(41, 93)
(42, 93)
(43, 93)
(56, 93)
(57, 93)
(58, 93)
(59, 93)
(60, 93)
(61, 93)
(62, 93)
(63, 93)
(64, 93)
(65, 93)
(66, 93)
(67, 93)
(68, 93)
(69, 93)
(70, 93)
(71, 93)
(72, 93)
(73, 93)
(74, 93)
(75, 93)
(76, 93)
(77, 93)
(78, 93)
(79, 93)
(80, 93)
(81, 93)
(82, 93)
(83, 93)
(84, 93)
(16, 94)
(17, 94)
(18, 94)
(19, 94)
(20, 94)
(21, 94)
(22, 94)
(23, 94)
(24, 94)
(25, 94)
(26, 94)
(27, 94)
(28, 94)
(29, 94)
(30, 94)
(31, 94)
(32, 94)
(33, 94)
(34, 94)
(35, 94)
(36, 94)
(37, 94)
(38, 94)
(39, 94)
(40, 94)
(41, 94)
(42, 94)
(43, 94)
(56, 94)
(57, 94)
(58, 94)
(59, 94)
(60, 94)
(61, 94)
(62, 94)
(63, 94)
(64, 94)
(65, 94)
(66, 94)
(67, 94)
(68, 94)
(69, 94)
(70, 94)
(71, 94)
(72, 94)
(73, 94)
(74, 94)
(75, 94)
(76, 94)
(77, 94)
(78, 94)
(79, 94)
(80, 94)
(81, 94)
(82, 94)
(83, 94)
(84, 94)
(85, 94)
(15, 95)
(16, 95)
(17, 95)
(18, 95)
(19, 95)
(20, 95)
(21, 95)
(22, 95)
(23, 95)
(24, 95)
(25, 95)
(26, 95)
(27, 95)
(28, 95)
(29, 95)
(30, 95)
(31, 95)
(32, 95)
(33, 95)
(34, 95)
(35, 95)
(36, 95)
(37, 95)
(38, 95)
(39, 95)
(40, 95)
(41, 95)
(42, 95)
(43, 95)
(56, 95)
(57, 95)
(58, 95)
(59, 95)
(60, 95)
(61, 95)
(62, 95)
(63, 95)
(64, 95)
(65, 95)
(66, 95)
(67, 95)
(68, 95)
(69, 95)
(70, 95)
(71, 95)
(72, 95)
(73, 95)
(74, 95)
(75, 95)
(76, 95)
(77, 95)
(78, 95)
(79, 95)
(80, 95)
(81, 95)
(82, 95)
(83, 95)
(84, 95)
(85, 95)
(86, 95)
(14, 96)
(15, 96)
(16, 96)
(17, 96)
(18, 96)
(19, 96)
(20, 96)
(21, 96)
(22, 96)
(23, 96)
(24, 96)
(25, 96)
(26, 96)
(27, 96)
(28, 96)
(29, 96)
(30, 96)
(31, 96)
(32, 96)
(33, 96)
(34, 96)
(35, 96)
(36, 96)
(37, 96)
(38, 96)
(39, 96)
(40, 96)
(41, 96)
(42, 96)
(43, 96)
(56, 96)
(57, 96)
(58, 96)
(59, 96)
(60, 96)
(61, 96)
(62, 96)
(63, 96)
(64, 96)
(65, 96)
(66, 96)
(67, 96)
(68, 96)
(69, 96)
(70, 96)
(71, 96)
(72, 96)
(73, 96)
(74, 96)
(75, 96)
(76, 96)
(77, 96)
(78, 96)
(79, 96)
(80, 96)
(81, 96)
(82, 96)
(83, 96)
(84, 96)
(85, 96)
(86, 96)
(87, 96)
(13, 97)
(14, 97)
(15, 97)
(16, 97)
(17, 97)
(18, 97)
(19, 97)
(20, 97)
(21, 97)
(22, 97)
(23, 97)
(24, 97)
(25, 97)
(26, 97)
(27, 97)
(28, 97)
(29, 97)
(30, 97)
(31, 97)
(32, 97)
(33, 97)
(34, 97)
(35, 97)
(36, 97)
(37, 97)
(38, 97)
(39, 97)
(40, 97)
(41, 97)
(42, 97)
(43, 97)
(56, 97)
(57, 97)
(58, 97)
(59, 97)
(60, 97)
(61, 97)
(62, 97)
(63, 97)
(64, 97)
(65, 97)
(66, 97)
(67, 97)
(68, 97)
(69, 97)
(70, 97)
(71, 97)
(72, 97)
(73, 97)
(74, 97)
(75, 97)
(76, 97)
(77, 97)
(78, 97)
(79, 97)
(80, 97)
(81, 97)
(82, 97)
(83, 97)
(84, 97)
(85, 97)
(86, 97)
(87, 97)
(88, 97)
(12, 98)
(13, 98)
(14, 98)
(15, 98)
(16, 98)
(17, 98)
(18, 98)
(19, 98)
(20, 98)
(21, 98)
(22, 98)
(23, 98)
(24, 98)
(25, 98)
(26, 98)
(27, 98)
(28, 98)
(29, 98)
(30, 98)
(31, 98)
(32, 98)
(33, 98)
(34, 98)
(35, 98)
(36, 98)
(37, 98)
(38, 98)
(39, 98)
(40, 98)
(41, 98)
(42, 98)
(43, 98)
(56, 98)
(57, 98)
(58, 98)
(59, 98)
(60, 98)
(61, 98)
(62, 98)
(63, 98)
(64, 98)
(65, 98)
(66, 98)
(67, 98)
(68, 98)
(69, 98)
(70, 98)
(71, 98)
(72, 98)
(73, 98)
(74, 98)
(75, 98)
(76, 98)
(77, 98)
(78, 98)
(79, 98)
(80, 98)
(81, 98)
(82, 98)
(83, 98)
(84, 98)
(85, 98)
(86, 98)
(87, 98)
(88, 98)
(89, 98)
(11, 99)
(12, 99)
(13, 99)
(14, 99)
(15, 99)
(16, 99)
(17, 99)
(18, 99)
(19, 99)
(20, 99)
(21, 99)
(22, 99)
(23, 99)
(24, 99)
(25, 99)
(26, 99)
(27, 99)
(28, 99)
(29, 99)
(30, 99)
(31, 99)
(32, 99)
(33, 99)
(34, 99)
(35, 99)
(36, 99)
(37, 99)
(38, 99)
(39, 99)
(40, 99)
(41, 99)
(42, 99)
(43, 99)
(56, 99)
(57, 99)
(58, 99)
(59, 99)
(60, 99)
(61, 99)
(62, 99)
(63, 99)
(64, 99)
(65, 99)
(66, 99)
(67, 99)
(68, 99)
(69, 99)
(70, 99)
(71, 99)
(72, 99)
(73, 99)
(74, 99)
(75, 99)
(76, 99)
(77, 99)
(78, 99)
(79, 99)
(80, 99)
(81, 99)
(82, 99)
(83, 99)
(84, 99)
(85, 99)
(86, 99)
(87, 99)
(88, 99)
(89, 99)
(90, 99)
-
(0, 1, 1.0, -1, 0.5)
(1, 1, 1.0, -1, 0.5)
(2, 2, 1.0, -1, 0.5)
(3, 2, 1.0, -1, 0.5)
(4, 3, 1.0, -1, 0.5)
(5, 3, 1.0, -1, 0.5)
(6, 4, 1.0, -1, 0.5)
(7, 4, 1.0, -1, 0.5)
(8, 5, 1.0, -1, 0.5)
(9, 5, 1.0, -1, 0.5)
-
(0, (8,12), (43,10))
(1, (81,80), (35,56))
(2, (86,19), (97,93))
(3, (14,87), (14,54))
(4, (91,7), (53,82))
(5, (24,26), (20,77))
(6, (74,77), (81,48))
(7, (73,23), (31,35))
(8, (28,65), (74,70))
(9, (19,14), (17,42))
