75
(0, 0)
(1, 0)
(2, 0)
(3, 0)
(4, 0)
(5, 0)
(6, 0)
(15, 0)
(16, 0)
(17, 0)
(18, 0)
(19, 0)
(20, 0)
(49, 0)
(50, 0)
(51, 0)
(52, 0)
(65, 0)
(66, 0)
(67, 0)
(68, 0)
(69, 0)
(70, 0)
(71, 0)
(72, 0)
(73, 0)
(74, 0)
(0, 1)
(1, 1)
(2, 1)
(3, 1)
(4, 1)
(5, 1)
(6, 1)
(15, 1)
(16, 1)
(17, 1)
(18, 1)
(19, 1)
(20, 1)
(49, 1)
(50, 1)
(51, 1)
(52, 1)
(65, 1)
(66, 1)
(67, 1)
(68, 1)
(69, 1)
(70, 1)
(71, 1)
(72, 1)
(73, 1)
(74, 1)
(0, 2)
(1, 2)
(2, 2)
(3, 2)
(4, 2)
(5, 2)
(6, 2)
(15, 2)
(16, 2)
(17, 2)
(18, 2)
(19, 2)
(20, 2)
(49, 2)
(50, 2)
(51, 2)
(52, 2)
(65, 2)
(66, 2)
(67, 2)
(68, 2)
(69, 2)
(70, 2)
(71, 2)
(72, 2)
(73, 2)
(74, 2)
(0, 3)
(1, 3)
(2, 3)
(3, 3)
(4, 3)
(5, 3)
(6, 3)
(49, 3)
(50, 3)
(51, 3)
(52, 3)
(49, 4)
(50, 4)
(51, 4)
(52, 4)
(30, 5)
(31, 5)
(32, 5)
(33, 5)
(34, 5)
(35, 5)
(49, 5)
(50, 5)
(51, 5)
(52, 5)
(30, 6)
(31, 6)
(32, 6)
(33, 6)
(34, 6)
(35, 6)
(30, 7)
(31, 7)
(32, 7)
(33, 7)
(34, 7)
(35, 7)
(30, 8)
(31, 8)
(32, 8)
(33, 8)
(34, 8)
(35, 8)
(56, 8)
(57, 8)
(58, 8)
(59, 8)
(30, 9)
(31, 9)
(32, 9)
(33, 9)
(34, 9)
(35, 9)
(56, 9)
(57, 9)
(58, 9)
(59, 9)
(30, 10)
(31, 10)
(32, 10)
(33, 10)
(34, 10)
(35, 10)
(56, 10)
(57, 10)
(58, 10)
(59, 10)
(8, 11)
(9, 11)
(10, 11)
(11, 11)
(12, 11)
(13, 11)
(14, 11)
(15, 11)
(16, 11)
(19, 11)
(20, 11)
(21, 11)
(22, 11)
(23, 11)
(24, 11)
(25, 11)
(30, 11)
(31, 11)
(32, 11)
(33, 11)
(34, 11)
(35, 11)
(56, 11)
(57, 11)
(58, 11)
(59, 11)
(8, 12)
(9, 12)
(10, 12)
(11, 12)
(12, 12)
(13, 12)
(14, 12)
(15, 12)
(16, 12)
(19, 12)
(20, 12)
(21, 12)
(22, 12)
(23, 12)
(24, 12)
(25, 12)
(30, 12)
(31, 12)
(32, 12)
(33, 12)
(34, 12)
(35, 12)
(39, 12)
(40, 12)
(41, 12)
(42, 12)
(43, 12)
(44, 12)
(45, 12)
(46, 12)
(47, 12)
(56, 12)
(57, 12)
(58, 12)
(59, 12)
(8, 13)
(9, 13)
(10, 13)
(11, 13)
(12, 13)
(13, 13)
(14, 13)
(15, 13)
(16, 13)
(19, 13)
(20, 13)
(21, 13)
(22, 13)
(23, 13)
(24, 13)
(25, 13)
(30, 13)
(31, 13)
(32, 13)
(33, 13)
(34, 13)
(35, 13)
(39, 13)
(40, 13)
(41, 13)
(42, 13)
(43, 13)
(44, 13)
(45, 13)
(46, 13)
(47, 13)
(56, 13)
(57, 13)
(58, 13)
(59, 13)
(8, 14)
(9, 14)
(10, 14)
(11, 14)
(12, 14)
(13, 14)
(14, 14)
(15, 14)
(16, 14)
(19, 14)
(20, 14)
(21, 14)
(22, 14)
(23, 14)
(24, 14)
(25, 14)
(30, 14)
(31, 14)
(32, 14)
(33, 14)
(34, 14)
(35, 14)
(39, 14)
(40, 14)
(41, 14)
(42, 14)
(43, 14)
(44, 14)
(45, 14)
(46, 14)
(47, 14)
(56, 14)
(57, 14)
(58, 14)
(59, 14)
(8, 15)
(9, 15)
(10, 15)
(11, 15)
(12, 15)
(13, 15)
(14, 15)
(15, 15)
(16, 15)
(19, 15)
(20, 15)
(21, 15)
(22, 15)
(23, 15)
(24, 15)
(25, 15)
(30, 15)
(31, 15)
(32, 15)
(33, 15)
(34, 15)
(35, 15)
(56, 15)
(57, 15)
(58, 15)
(59, 15)
(66, 15)
(67, 15)
(68, 15)
(69, 15)
(70, 15)
(8, 16)
(9, 16)
(10, 16)
(11, 16)
(12, 16)
(13, 16)
(14, 16)
(15, 16)
(16, 16)
(19, 16)
(20, 16)
(21, 16)
(22, 16)
(23, 16)
(24, 16)
(25, 16)
(30, 16)
(31, 16)
(32, 16)
(33, 16)
(34, 16)
(35, 16)
(56, 16)
(57, 16)
(58, 16)
(59, 16)
(66, 16)
(67, 16)
(68, 16)
(69, 16)
(70, 16)
(0, 17)
(1, 17)
(2, 17)
(8, 17)
(9, 17)
(10, 17)
(11, 17)
(12, 17)
(13, 17)
(14, 17)
(15, 17)
(16, 17)
(19, 17)
(20, 17)
(21, 17)
(22, 17)
(23, 17)
(24, 17)
(25, 17)
(30, 17)
(31, 17)
(32, 17)
(33, 17)
(34, 17)
(35, 17)
(56, 17)
(57, 17)
(58, 17)
(59, 17)
(66, 17)
(67, 17)
(68, 17)
(69, 17)
(70, 17)
(0, 18)
(1, 18)
(2, 18)
(8, 18)
(9, 18)
(10, 18)
(11, 18)
(12, 18)
(13, 18)
(14, 18)
(15, 18)
(16, 18)
(19, 18)
(20, 18)
(21, 18)
(22, 18)
(23, 18)
(24, 18)
(25, 18)
(30, 18)
(31, 18)
(32, 18)
(33, 18)
(34, 18)
(35, 18)
(56, 18)
(57, 18)
(58, 18)
(59, 18)
(66, 18)
(67, 18)
(68, 18)
(69, 18)
(70, 18)
(0, 19)
(1, 19)
(2, 19)
(8, 19)
(9, 19)
(10, 19)
(11, 19)
(12, 19)
(13, 19)
(14, 19)
(15, 19)
(16, 19)
(19, 19)
(20, 19)
(21, 19)
(22, 19)
(23, 19)
(24, 19)
(25, 19)
(30, 19)
(31, 19)
(32, 19)
(33, 19)
(34, 19)
(35, 19)
(66, 19)
(67, 19)
(68, 19)
(69, 19)
(70, 19)
(0, 20)
(1, 20)
(2, 20)
(8, 20)
(9, 20)
(10, 20)
(11, 20)
(12, 20)
(13, 20)
(14, 20)
(15, 20)
(16, 20)
(19, 20)
(20, 20)
(21, 20)
(22, 20)
(23, 20)
(24, 20)
(25, 20)
(66, 20)
(67, 20)
(68, 20)
(69, 20)
(70, 20)
(0, 21)
(1, 21)
(2, 21)
(8, 21)
(9, 21)
(10, 21)
(11, 21)
(12, 21)
(13, 21)
(14, 21)
(15, 21)
(16, 21)
(19, 21)
(20, 21)
(21, 21)
(22, 21)
(23, 21)
(24, 21)
(25, 21)
(45, 21)
(46, 21)
(47, 21)
(48, 21)
(66, 21)
(67, 21)
(68, 21)
(69, 21)
(70, 21)
(0, 22)
(1, 22)
(2, 22)
(8, 22)
(9, 22)
(10, 22)
(11, 22)
(12, 22)
(13, 22)
(14, 22)
(15, 22)
(16, 22)
(19, 22)
(20, 22)
(21, 22)
(22, 22)
(23, 22)
(24, 22)
(25, 22)
(45, 22)
(46, 22)
(47, 22)
(48, 22)
(66, 22)
(67, 22)
(68, 22)
(69, 22)
(70, 22)
(0, 23)
(1, 23)
(2, 23)
(8, 23)
(9, 23)
(10, 23)
(11, 23)
(12, 23)
(13, 23)
(14, 23)
(15, 23)
(16, 23)
(19, 23)
(20, 23)
(21, 23)
(22, 23)
(23, 23)
(24, 23)
(25, 23)
(45, 23)
(46, 23)
(47, 23)
(48, 23)
(66, 23)
(67, 23)
(68, 23)
(69, 23)
(70, 23)
(0, 24)
(1, 24)
(2, 24)
(8, 24)
(9, 24)
(10, 24)
(11, 24)
(12, 24)
(13, 24)
(14, 24)
(15, 24)
(16, 24)
(19, 24)
(20, 24)
(21, 24)
(22, 24)
(23, 24)
(24, 24)
(25, 24)
(45, 24)
(46, 24)
(47, 24)
(48, 24)
(66, 24)
(67, 24)
(68, 24)
(69, 24)
(70, 24)
(0, 25)
(1, 25)
(2, 25)
(8, 25)
(9, 25)
(10, 25)
(11, 25)
(12, 25)
(13, 25)
(14, 25)
(15, 25)
(16, 25)
(19, 25)
(20, 25)
(21, 25)
(22, 25)
(23, 25)
(24, 25)
(25, 25)
(38, 25)
(39, 25)
(40, 25)
(45, 25)
(46, 25)
(47, 25)
(48, 25)
(53, 25)
(54, 25)
(55, 25)
(66, 25)
(67, 25)
(68, 25)
(69, 25)
(70, 25)
(19, 26)
(20, 26)
(21, 26)
(22, 26)
(23, 26)
(24, 26)
(25, 26)
(38, 26)
(39, 26)
(40, 26)
(45, 26)
(46, 26)
(47, 26)
(48, 26)
(53, 26)
(54, 26)
(55, 26)
(66, 26)
(67, 26)
(68, 26)
(69, 26)
(70, 26)
(19, 27)
(20, 27)
(21, 27)
(22, 27)
(23, 27)
(24, 27)
(25, 27)
(38, 27)
(39, 27)
(40, 27)
(45, 27)
(46, 27)
(47, 27)
(48, 27)
(53, 27)
(54, 27)
(55, 27)
(66, 27)
(67, 27)
(68, 27)
(69, 27)
(70, 27)
(19, 28)
(20, 28)
(21, 28)
(22, 28)
(23, 28)
(24, 28)
(25, 28)
(45, 28)
(46, 28)
(47, 28)
(48, 28)
(53, 28)
(54, 28)
(55, 28)
(66, 28)
(67, 28)
(68, 28)
(69, 28)
(70, 28)
(19, 29)
(20, 29)
(21, 29)
(22, 29)
(23, 29)
(24, 29)
(25, 29)
(45, 29)
(46, 29)
(47, 29)
(48, 29)
(53, 29)
(54, 29)
(55, 29)
(53, 30)
(54, 30)
(55, 30)
(31, 31)
(32, 31)
(33, 31)
(34, 31)
(35, 31)
(36, 31)
(37, 31)
(38, 31)
(39, 31)
(40, 31)
(53, 31)
(54, 31)
(55, 31)
(31, 32)
(32, 32)
(33, 32)
(34, 32)
(35, 32)
(36, 32)
(37, 32)
(38, 32)
(39, 32)
(40, 32)
(53, 32)
(54, 32)
(55, 32)
(2, 33)
(3, 33)
(4, 33)
(5, 33)
(6, 33)
(31, 33)
(32, 33)
(33, 33)
(34, 33)
(35, 33)
(36, 33)
(37, 33)
(38, 33)
(39, 33)
(40, 33)
(2, 34)
(3, 34)
(4, 34)
(5, 34)
(6, 34)
(31, 34)
(32, 34)
(33, 34)
(34, 34)
(35, 34)
(36, 34)
(37, 34)
(38, 34)
(39, 34)
(40, 34)
(2, 35)
(3, 35)
(4, 35)
(5, 35)
(6, 35)
(45, 36)
(46, 36)
(47, 36)
(48, 36)
(49, 36)
(50, 36)
(51, 36)
(52, 36)
(53, 36)
(54, 36)
(55, 36)
(56, 36)
(57, 36)
(58, 36)
(59, 36)
(60, 36)
(73, 36)
(74, 36)
(45, 37)
(46, 37)
(47, 37)
(48, 37)
(49, 37)
(50, 37)
(51, 37)
(52, 37)
(53, 37)
(54, 37)
(55, 37)
(56, 37)
(57, 37)
(58, 37)
(59, 37)
(60, 37)
(73, 37)
(74, 37)
(45, 38)
(46, 38)
(47, 38)
(48, 38)
(49, 38)
(50, 38)
(51, 38)
(52, 38)
(53, 38)
(54, 38)
(55, 38)
(56, 38)
(57, 38)
(58, 38)
(59, 38)
(60, 38)
(73, 38)
(74, 38)
(45, 39)
(46, 39)
(47, 39)
(48, 39)
(49, 39)
(50, 39)
(51, 39)
(52, 39)
(53, 39)
(54, 39)
(55, 39)
(56, 39)
(57, 39)
(58, 39)
(59, 39)
(60, 39)
(73, 39)
(74, 39)
(10, 40)
(11, 40)
(12, 40)
(13, 40)
(14, 40)
(15, 40)
(16, 40)
(17, 40)
(18, 40)
(19, 40)
(20, 40)
(21, 40)
(27, 40)
(28, 40)
(29, 40)
(30, 40)
(31, 40)
(45, 40)
(46, 40)
(47, 40)
(48, 40)
(49, 40)
(50, 40)
(51, 40)
(52, 40)
(53, 40)
(54, 40)
(55, 40)
(56, 40)
(57, 40)
(58, 40)
(59, 40)
(60, 40)
(65, 40)
(66, 40)
(67, 40)
(68, 40)
(73, 40)
(74, 40)
(10, 41)
(11, 41)
(12, 41)
(13, 41)
(14, 41)
(15, 41)
(16, 41)
(17, 41)
(18, 41)
(19, 41)
(20, 41)
(21, 41)
(27, 41)
(28, 41)
(29, 41)
(30, 41)
(31, 41)
(45, 41)
(46, 41)
(47, 41)
(48, 41)
(49, 41)
(50, 41)
(51, 41)
(52, 41)
(53, 41)
(54, 41)
(55, 41)
(56, 41)
(57, 41)
(58, 41)
(59, 41)
(60, 41)
(65, 41)
(66, 41)
(67, 41)
(68, 41)
(73, 41)
(74, 41)
(10, 42)
(11, 42)
(12, 42)
(13, 42)
(14, 42)
(15, 42)
(16, 42)
(17, 42)
(18, 42)
(19, 42)
(20, 42)
(21, 42)
(27, 42)
(28, 42)
(29, 42)
(30, 42)
(31, 42)
(46, 42)
(47, 42)
(48, 42)
(49, 42)
(50, 42)
(51, 42)
(52, 42)
(53, 42)
(54, 42)
(55, 42)
(56, 42)
(57, 42)
(58, 42)
(59, 42)
(60, 42)
(65, 42)
(66, 42)
(67, 42)
(68, 42)
(73, 42)
(74, 42)
(0, 43)
(1, 43)
(2, 43)
(3, 43)
(4, 43)
(10, 43)
(11, 43)
(12, 43)
(13, 43)
(14, 43)
(15, 43)
(16, 43)
(17, 43)
(18, 43)
(19, 43)
(20, 43)
(21, 43)
(27, 43)
(28, 43)
(29, 43)
(30, 43)
(31, 43)
(65, 43)
(66, 43)
(67, 43)
(68, 43)
(73, 43)
(74, 43)
(0, 44)
(1, 44)
(2, 44)
(3, 44)
(4, 44)
(10, 44)
(11, 44)
(12, 44)
(13, 44)
(14, 44)
(15, 44)
(16, 44)
(17, 44)
(18, 44)
(19, 44)
(20, 44)
(21, 44)
(27, 44)
(28, 44)
(29, 44)
(30, 44)
(31, 44)
(65, 44)
(66, 44)
(67, 44)
(68, 44)
(73, 44)
(74, 44)
(0, 45)
(1, 45)
(2, 45)
(3, 45)
(4, 45)
(10, 45)
(11, 45)
(12, 45)
(13, 45)
(14, 45)
(15, 45)
(16, 45)
(17, 45)
(18, 45)
(19, 45)
(20, 45)
(21, 45)
(27, 45)
(28, 45)
(29, 45)
(30, 45)
(31, 45)
(36, 45)
(37, 45)
(38, 45)
(39, 45)
(40, 45)
(65, 45)
(66, 45)
(67, 45)
(68, 45)
(73, 45)
(74, 45)
(0, 46)
(1, 46)
(2, 46)
(3, 46)
(4, 46)
(27, 46)
(28, 46)
(29, 46)
(30, 46)
(31, 46)
(36, 46)
(37, 46)
(38, 46)
(39, 46)
(40, 46)
(48, 46)
(49, 46)
(50, 46)
(51, 46)
(52, 46)
(53, 46)
(65, 46)
(66, 46)
(67, 46)
(68, 46)
(0, 47)
(1, 47)
(2, 47)
(3, 47)
(4, 47)
(27, 47)
(28, 47)
(29, 47)
(30, 47)
(31, 47)
(36, 47)
(37, 47)
(38, 47)
(39, 47)
(40, 47)
(48, 47)
(49, 47)
(50, 47)
(51, 47)
(52, 47)
(53, 47)
(65, 47)
(66, 47)
(67, 47)
(68, 47)
(18, 48)
(19, 48)
(20, 48)
(21, 48)
(22, 48)
(23, 48)
(27, 48)
(28, 48)
(29, 48)
(30, 48)
(31, 48)
(36, 48)
(37, 48)
(38, 48)
(39, 48)
(40, 48)
(48, 48)
(49, 48)
(50, 48)
(51, 48)
(52, 48)
(53, 48)
(65, 48)
(66, 48)
(67, 48)
(68, 48)
(18, 49)
(19, 49)
(20, 49)
(21, 49)
(22, 49)
(23, 49)
(27, 49)
(28, 49)
(29, 49)
(30, 49)
(31, 49)
(36, 49)
(37, 49)
(38, 49)
(39, 49)
(40, 49)
(48, 49)
(49, 49)
(50, 49)
(51, 49)
(52, 49)
(53, 49)
(65, 49)
(66, 49)
(67, 49)
(68, 49)
(18, 50)
(19, 50)
(20, 50)
(21, 50)
(22, 50)
(23, 50)
(36, 50)
(37, 50)
(38, 50)
(39, 50)
(40, 50)
(48, 50)
(49, 50)
(50, 50)
(51, 50)
(52, 50)
(53, 50)
(36, 51)
(37, 51)
(38, 51)
(39, 51)
(40, 51)
(48, 51)
(49, 51)
(50, 51)
(51, 51)
(52, 51)
(53, 51)
(36, 52)
(37, 52)
(38, 52)
(39, 52)
(40, 52)
(48, 52)
(49, 52)
(50, 52)
(51, 52)
(52, 52)
(53, 52)
(36, 53)
(37, 53)
(38, 53)
(39, 53)
(40, 53)
(48, 53)
(49, 53)
(50, 53)
(51, 53)
(52, 53)
(53, 53)
(2, 54)
(3, 54)
(4, 54)
(5, 54)
(6, 54)
(7, 54)
(8, 54)
(9, 54)
(10, 54)
(11, 54)
(12, 54)
(36, 54)
(37, 54)
(38, 54)
(39, 54)
(40, 54)
(48, 54)
(49, 54)
(50, 54)
(51, 54)
(52, 54)
(53, 54)
(57, 54)
(58, 54)
(59, 54)
(60, 54)
(61, 54)
(62, 54)
(63, 54)
(64, 54)
(65, 54)
(66, 54)
(2, 55)
(3, 55)
(4, 55)
(5, 55)
(6, 55)
(7, 55)
(8, 55)
(9, 55)
(10, 55)
(11, 55)
(12, 55)
(36, 55)
(37, 55)
(38, 55)
(39, 55)
(40, 55)
(48, 55)
(49, 55)
(50, 55)
(51, 55)
(52, 55)
(53, 55)
(57, 55)
(58, 55)
(59, 55)
(60, 55)
(61, 55)
(62, 55)
(63, 55)
(64, 55)
(65, 55)
(66, 55)
(2, 56)
(3, 56)
(4, 56)
(5, 56)
(6, 56)
(7, 56)
(8, 56)
(9, 56)
(10, 56)
(11, 56)
(12, 56)
(36, 56)
(37, 56)
(38, 56)
(39, 56)
(40, 56)
(48, 56)
(49, 56)
(50, 56)
(51, 56)
(52, 56)
(53, 56)
(57, 56)
(58, 56)
(59, 56)
(60, 56)
(61, 56)
(62, 56)
(63, 56)
(64, 56)
(65, 56)
(66, 56)
(2, 57)
(3, 57)
(4, 57)
(5, 57)
(6, 57)
(7, 57)
(8, 57)
(9, 57)
(10, 57)
(11, 57)
(12, 57)
(36, 57)
(37, 57)
(38, 57)
(39, 57)
(40, 57)
(48, 57)
(49, 57)
(50, 57)
(51, 57)
(52, 57)
(53, 57)
(57, 57)
(58, 57)
(59, 57)
(60, 57)
(61, 57)
(62, 57)
(63, 57)
(64, 57)
(65, 57)
(66, 57)
(72, 57)
(73, 57)
(74, 57)
(2, 58)
(3, 58)
(4, 58)
(5, 58)
(6, 58)
(7, 58)
(8, 58)
(9, 58)
(10, 58)
(11, 58)
(12, 58)
(36, 58)
(37, 58)
(38, 58)
(39, 58)
(40, 58)
(48, 58)
(49, 58)
(50, 58)
(51, 58)
(52, 58)
(53, 58)
(57, 58)
(58, 58)
(59, 58)
(60, 58)
(61, 58)
(62, 58)
(63, 58)
(64, 58)
(65, 58)
(66, 58)
(72, 58)
(73, 58)
(74, 58)
(18, 59)
(19, 59)
(20, 59)
(21, 59)
(36, 59)
(37, 59)
(38, 59)
(39, 59)
(40, 59)
(48, 59)
(49, 59)
(50, 59)
(51, 59)
(52, 59)
(53, 59)
(57, 59)
(58, 59)
(59, 59)
(60, 59)
(61, 59)
(62, 59)
(63, 59)
(64, 59)
(65, 59)
(66, 59)
(72, 59)
(73, 59)
(74, 59)
(18, 60)
(19, 60)
(20, 60)
(21, 60)
(36, 60)
(37, 60)
(38, 60)
(39, 60)
(40, 60)
(48, 60)
(49, 60)
(50, 60)
(51, 60)
(52, 60)
(53, 60)
(57, 60)
(58, 60)
(59, 60)
(60, 60)
(61, 60)
(62, 60)
(63, 60)
(64, 60)
(65, 60)
(66, 60)
(72, 60)
(73, 60)
(74, 60)
(18, 61)
(19, 61)
(20, 61)
(21, 61)
(24, 61)
(25, 61)
(26, 61)
(27, 61)
(28, 61)
(29, 61)
(30, 61)
(31, 61)
(36, 61)
(37, 61)
(38, 61)
(39, 61)
(40, 61)
(48, 61)
(49, 61)
(50, 61)
(51, 61)
(52, 61)
(53, 61)
(72, 61)
(73, 61)
(74, 61)
(18, 62)
(19, 62)
(20, 62)
(21, 62)
(24, 62)
(25, 62)
(26, 62)
(27, 62)
(28, 62)
(29, 62)
(30, 62)
(31, 62)
(36, 62)
(37, 62)
(38, 62)
(39, 62)
(40, 62)
(48, 62)
(49, 62)
(50, 62)
(51, 62)
(52, 62)
(53, 62)
(72, 62)
(73, 62)
(74, 62)
(18, 63)
(19, 63)
(20, 63)
(21, 63)
(24, 63)
(25, 63)
(26, 63)
(27, 63)
(28, 63)
(29, 63)
(30, 63)
(31, 63)
(48, 63)
(49, 63)
(50, 63)
(51, 63)
(52, 63)
(53, 63)
(72, 63)
(73, 63)
(74, 63)
(7, 64)
(8, 64)
(9, 64)
(18, 64)
(19, 64)
(20, 64)
(21, 64)
(48, 64)
(49, 64)
(50, 64)
(51, 64)
(52, 64)
(53, 64)
(72, 64)
(73, 64)
(74, 64)
(7, 65)
(8, 65)
(9, 65)
(18, 65)
(19, 65)
(20, 65)
(21, 65)
(48, 65)
(49, 65)
(50, 65)
(51, 65)
(52, 65)
(53, 65)
(72, 65)
(73, 65)
(74, 65)
(7, 66)
(8, 66)
(9, 66)
(18, 66)
(19, 66)
(20, 66)
(21, 66)
(0, 67)
(1, 67)
(7, 67)
(8, 67)
(9, 67)
(18, 67)
(19, 67)
(20, 67)
(21, 67)
(0, 68)
(1, 68)
(7, 68)
(8, 68)
(9, 68)
(18, 68)
(19, 68)
(20, 68)
(21, 68)
(59, 68)
(60, 68)
(61, 68)
(62, 68)
(63, 68)
(64, 68)
(65, 68)
(66, 68)
(0, 69)
(1, 69)
(7, 69)
(8, 69)
(9, 69)
(18, 69)
(19, 69)
(20, 69)
(21, 69)
(25, 69)
(26, 69)
(27, 69)
(28, 69)
(29, 69)
(30, 69)
(31, 69)
(32, 69)
(33, 69)
(34, 69)
(59, 69)
(60, 69)
(61, 69)
(62, 69)
(63, 69)
(64, 69)
(65, 69)
(66, 69)
(0, 70)
(1, 70)
(25, 70)
(26, 70)
(27, 70)
(28, 70)
(29, 70)
(30, 70)
(31, 70)
(32, 70)
(33, 70)
(34, 70)
(59, 70)
(60, 70)
(61, 70)
(62, 70)
(63, 70)
(64, 70)
(65, 70)
(66, 70)
(0, 71)
(1, 71)
(25, 71)
(26, 71)
(27, 71)
(28, 71)
(29, 71)
(30, 71)
(31, 71)
(32, 71)
(33, 71)
(34, 71)
(44, 71)
(45, 71)
(46, 71)
(47, 71)
(48, 71)
(49, 71)
(59, 71)
(60, 71)
(61, 71)
(62, 71)
(63, 71)
(64, 71)
(65, 71)
(66, 71)
(0, 72)
(1, 72)
(44, 72)
(45, 72)
(46, 72)
(47, 72)
(48, 72)
(49, 72)
(0, 73)
(1, 73)
(44, 73)
(45, 73)
(46, 73)
(47, 73)
(48, 73)
(49, 73)
(0, 74)
(1, 74)
(44, 74)
(45, 74)
(46, 74)
(47, 74)
(48, 74)
(49, 74)
-
(0, 1, 1.0, -1, 0.5)
(1, 1, 1.0, -1, 0.5)
(2, 2, 1.0, -1, 0.5)
(3, 2, 1.0, -1, 0.5)
(4, 3, 1.0, -1, 0.5)
(5, 3, 1.0, -1, 0.5)
(6, 4, 1.0, -1, 0.5)
(7, 4, 1.0, -1, 0.5)
(8, 5, 1.0, -1, 0.5)
(9, 5, 1.0, -1, 0.5)
-
(0, (63,9), (38,44))
(1, (73,22), (56,49))
(2, (66,33), (28,50))
(3, (36,0), (63,34))
(4, (72,50), (39,8))
(5, (55,0), (17,35))
(6, (61,2), (24,53))
(7, (7,6), (38,21))
(8, (2,7), (7,33))
(9, (47,7), (68,5))
