100
(38, 0)
(39, 0)
(40, 0)
(62, 0)
(63, 0)
(64, 0)
(38, 1)
(39, 1)
(40, 1)
(62, 1)
(63, 1)
(64, 1)
(38, 2)
(39, 2)
(40, 2)
(62, 2)
(63, 2)
(64, 2)
(38, 3)
(39, 3)
(40, 3)
(38, 4)
(39, 4)
(40, 4)
(48, 13)
(49, 13)
(50, 13)
(51, 13)
(8, 14)
(9, 14)
(10, 14)
(11, 14)
(48, 14)
(49, 14)
(50, 14)
(51, 14)
(8, 15)
(9, 15)
(10, 15)
(11, 15)
(48, 15)
(49, 15)
(50, 15)
(51, 15)
(8, 16)
(9, 16)
(10, 16)
(11, 16)
(48, 16)
(49, 16)
(50, 16)
(51, 16)
(64, 27)
(65, 27)
(66, 27)
(67, 27)
(93, 27)
(94, 27)
(95, 27)
(64, 28)
(65, 28)
(66, 28)
(67, 28)
(93, 28)
(94, 28)
(95, 28)
(6, 29)
(7, 29)
(8, 29)
(64, 29)
(65, 29)
(66, 29)
(67, 29)
(93, 29)
(94, 29)
(95, 29)
(6, 30)
(7, 30)
(8, 30)
(64, 30)
(65, 30)
(66, 30)
(67, 30)
(75, 30)
(76, 30)
(77, 30)
(93, 30)
(94, 30)
(95, 30)
(6, 31)
(7, 31)
(8, 31)
(46, 31)
(47, 31)
(48, 31)
(64, 31)
(65, 31)
(66, 31)
(67, 31)
(75, 31)
(76, 31)
(77, 31)
(93, 31)
(94, 31)
(95, 31)
(46, 32)
(47, 32)
(48, 32)
(54, 32)
(55, 32)
(56, 32)
(57, 32)
(75, 32)
(76, 32)
(77, 32)
(46, 33)
(47, 33)
(48, 33)
(54, 33)
(55, 33)
(56, 33)
(57, 33)
(75, 33)
(76, 33)
(77, 33)
(17, 34)
(18, 34)
(19, 34)
(20, 34)
(21, 34)
(46, 34)
(47, 34)
(48, 34)
(54, 34)
(55, 34)
(56, 34)
(57, 34)
(17, 35)
(18, 35)
(19, 35)
(20, 35)
(21, 35)
(46, 35)
(47, 35)
(48, 35)
(54, 35)
(55, 35)
(56, 35)
(57, 35)
(17, 36)
(18, 36)
(19, 36)
(20, 36)
(21, 36)
(54, 36)
(55, 36)
(56, 36)
(57, 36)
(14, 37)
(15, 37)
(16, 37)
(17, 37)
(18, 37)
(19, 37)
(20, 37)
(21, 37)
(14, 38)
(15, 38)
(16, 38)
(17, 38)
(18, 38)
(19, 38)
(20, 38)
(21, 38)
(14, 39)
(15, 39)
(16, 39)
(78, 39)
(79, 39)
(80, 39)
(92, 39)
(93, 39)
(94, 39)
(95, 39)
(96, 39)
(14, 40)
(15, 40)
(16, 40)
(78, 40)
(79, 40)
(80, 40)
(92, 40)
(93, 40)
(94, 40)
(95, 40)
(96, 40)
(14, 41)
(15, 41)
(16, 41)
(78, 41)
(79, 41)
(80, 41)
(92, 41)
(93, 41)
(94, 41)
(95, 41)
(96, 41)
(92, 42)
(93, 42)
(94, 42)
(95, 42)
(96, 42)
(23, 43)
(24, 43)
(25, 43)
(26, 43)
(27, 43)
(92, 43)
(93, 43)
(94, 43)
(95, 43)
(96, 43)
(23, 44)
(24, 44)
(25, 44)
(26, 44)
(27, 44)
(61, 44)
(62, 44)
(63, 44)
(64, 44)
(65, 44)
(23, 45)
(24, 45)
(25, 45)
(26, 45)
(27, 45)
(61, 45)
(62, 45)
(63, 45)
(64, 45)
(65, 45)
(23, 46)
(24, 46)
(25, 46)
(26, 46)
(27, 46)
(54, 46)
(55, 46)
(56, 46)
(57, 46)
(58, 46)
(61, 46)
(62, 46)
(63, 46)
(64, 46)
(65, 46)
(2, 47)
(3, 47)
(4, 47)
(5, 47)
(23, 47)
(24, 47)
(25, 47)
(26, 47)
(27, 47)
(54, 47)
(55, 47)
(56, 47)
(57, 47)
(58, 47)
(61, 47)
(62, 47)
(63, 47)
(64, 47)
(65, 47)
(2, 48)
(3, 48)
(4, 48)
(5, 48)
(54, 48)
(55, 48)
(56, 48)
(57, 48)
(58, 48)
(2, 49)
(3, 49)
(4, 49)
(5, 49)
(2, 50)
(3, 50)
(4, 50)
(5, 50)
(2, 51)
(3, 51)
(4, 51)
(5, 51)
(66, 56)
(67, 56)
(68, 56)
(69, 56)
(66, 57)
(67, 57)
(68, 57)
(69, 57)
(66, 58)
(67, 58)
(68, 58)
(69, 58)
(66, 59)
(67, 59)
(68, 59)
(69, 59)
(31, 60)
(32, 60)
(33, 60)
(34, 60)
(35, 60)
(66, 60)
(67, 60)
(68, 60)
(69, 60)
(31, 61)
(32, 61)
(33, 61)
(34, 61)
(35, 61)
(31, 62)
(32, 62)
(33, 62)
(34, 62)
(35, 62)
(31, 63)
(32, 63)
(33, 63)
(34, 63)
(35, 63)
(65, 63)
(66, 63)
(67, 63)
(68, 63)
(65, 64)
(66, 64)
(67, 64)
(68, 64)
(65, 65)
(66, 65)
(67, 65)
(68, 65)
(80, 65)
(81, 65)
(82, 65)
(65, 66)
(66, 66)
(67, 66)
(68, 66)
(80, 66)
(81, 66)
(82, 66)
(80, 67)
(81, 67)
(82, 67)
(39, 68)
(40, 68)
(41, 68)
(42, 68)
(43, 68)
(80, 68)
(81, 68)
(82, 68)
(39, 69)
(40, 69)
(41, 69)
(42, 69)
(43, 69)
(80, 69)
(81, 69)
(82, 69)
(23, 70)
(24, 70)
(25, 70)
(26, 70)
(39, 70)
(40, 70)
(41, 70)
(42, 70)
(43, 70)
(23, 71)
(24, 71)
(25, 71)
(26, 71)
(39, 71)
(40, 71)
(41, 71)
(42, 71)
(43, 71)
(23, 72)
(24, 72)
(25, 72)
(26, 72)
(48, 72)
(49, 72)
(50, 72)
(48, 73)
(49, 73)
(50, 73)
(9, 74)
(10, 74)
(11, 74)
(12, 74)
(48, 74)
(49, 74)
(50, 74)
(9, 75)
(10, 75)
(11, 75)
(12, 75)
(40, 75)
(41, 75)
(42, 75)
(43, 75)
(48, 75)
(49, 75)
(50, 75)
(9, 76)
(10, 76)
(11, 76)
(12, 76)
(40, 76)
(41, 76)
(42, 76)
(43, 76)
(48, 76)
(49, 76)
(50, 76)
(9, 77)
(10, 77)
(11, 77)
(12, 77)
(40, 77)
(41, 77)
(42, 77)
(43, 77)
(40, 78)
(41, 78)
(42, 78)
(43, 78)
(33, 79)
(34, 79)
(35, 79)
(36, 79)
(37, 79)
(40, 79)
(41, 79)
(42, 79)
(43, 79)
(33, 80)
(34, 80)
(35, 80)
(36, 80)
(37, 80)
(92, 80)
(93, 80)
(94, 80)
(33, 81)
(34, 81)
(35, 81)
(36, 81)
(37, 81)
(92, 81)
(93, 81)
(94, 81)
(72, 82)
(73, 82)
(74, 82)
(75, 82)
(92, 82)
(93, 82)
(94, 82)
(72, 83)
(73, 83)
(74, 83)
(75, 83)
(72, 84)
(73, 84)
(74, 84)
(75, 84)
(72, 85)
(73, 85)
(74, 85)
(75, 85)
-
(0, 4, 1.0, -1, 0.5)
(1, 4, 1.0, -1, 0.5)
(2, 1, 1.0, -1, 0.5)
(3, 5, 1.0, -1, 0.5)
(4, 1, 1.0, -1, 0.5)
(5, 2, 1.0, -1, 0.5)
(6, 5, 1.0, -1, 0.5)
(7, 3, 1.0, -1, 0.5)
(8, 2, 1.0, -1, 0.5)
(9, 3, 1.0, -1, 0.5)
-
(0, (48,40), (21,4))
(1, (39,24), (16,42))
(2, (4,26), (37,56))
(3, (66,73), (38,51))
(4, (50,51), (99,25))
(5, (57,62), (78,0))
(6, (95,5), (65,37))
(7, (19,76), (96,29))
(8, (66,88), (95,44))
(9, (9,26), (23,93))
