100
(11, 14)
(12, 14)
(13, 14)
(11, 15)
(12, 15)
(13, 15)
(11, 16)
(12, 16)
(13, 16)
(11, 17)
(12, 17)
(13, 17)
(11, 18)
(12, 18)
(13, 18)
(38, 21)
(39, 21)
(40, 21)
(38, 22)
(39, 22)
(40, 22)
(79, 22)
(80, 22)
(81, 22)
(82, 22)
(83, 22)
(38, 23)
(39, 23)
(40, 23)
(79, 23)
(80, 23)
(81, 23)
(82, 23)
(83, 23)
(79, 24)
(80, 24)
(81, 24)
(82, 24)
(83, 24)
(32, 25)
(33, 25)
(34, 25)
(79, 25)
(80, 25)
(81, 25)
(82, 25)
(83, 25)
(32, 26)
(33, 26)
(34, 26)
(32, 27)
(33, 27)
(34, 27)
(32, 28)
(33, 28)
(34, 28)
(16, 29)
(17, 29)
(18, 29)
(16, 30)
(17, 30)
(18, 30)
(16, 31)
(17, 31)
(18, 31)
(9, 32)
(10, 32)
(11, 32)
(12, 32)
(16, 32)
(17, 32)
(18, 32)
(9, 33)
(10, 33)
(11, 33)
(12, 33)
(9, 34)
(10, 34)
(11, 34)
(12, 34)
(25, 45)
(26, 45)
(27, 45)
(25, 46)
(26, 46)
(27, 46)
(25, 47)
(26, 47)
(27, 47)
(42, 49)
(43, 49)
(44, 49)
(52, 49)
(53, 49)
(54, 49)
(42, 50)
(43, 50)
(44, 50)
(52, 50)
(53, 50)
(54, 50)
(42, 51)
(43, 51)
(44, 51)
(52, 51)
(53, 51)
(54, 51)
(42, 52)
(43, 52)
(44, 52)
(52, 52)
(53, 52)
(54, 52)
(42, 53)
(43, 53)
(44, 53)
(95, 54)
(96, 54)
(97, 54)
(98, 54)
(99, 54)
(47, 55)
(48, 55)
(49, 55)
(50, 55)
(51, 55)
(95, 55)
(96, 55)
(97, 55)
(98, 55)
(99, 55)
(44, 56)
(45, 56)
(46, 56)
(47, 56)
(48, 56)
(49, 56)
(50, 56)
(51, 56)
(95, 56)
(96, 56)
(97, 56)
(98, 56)
(99, 56)
(44, 57)
(45, 57)
(46, 57)
(47, 57)
(48, 57)
(49, 57)
(50, 57)
(51, 57)
(64, 57)
(65, 57)
(66, 57)
(67, 57)
(68, 57)
(44, 58)
(45, 58)
(46, 58)
(47, 58)
(48, 58)
(49, 58)
(50, 58)
(51, 58)
(64, 58)
(65, 58)
(66, 58)
(67, 58)
(68, 58)
(8, 59)
(9, 59)
(10, 59)
(11, 59)
(64, 59)
(65, 59)
(66, 59)
(67, 59)
(68, 59)
(8, 60)
(9, 60)
(10, 60)
(11, 60)
(64, 60)
(65, 60)
(66, 60)
(67, 60)
(68, 60)
(8, 61)
(9, 61)
(10, 61)
(11, 61)
(8, 62)
(9, 62)
(10, 62)
(11, 62)
(8, 63)
(9, 63)
(10, 63)
(11, 63)
(55, 71)
(56, 71)
(57, 71)
(58, 71)
(59, 71)
(55, 72)
(56, 72)
(57, 72)
(58, 72)
(59, 72)
(47, 73)
(48, 73)
(49, 73)
(55, 73)
(56, 73)
(57, 73)
(58, 73)
(59, 73)
(47, 74)
(48, 74)
(49, 74)
(55, 74)
(56, 74)
(57, 74)
(58, 74)
(59, 74)
(1, 75)
(2, 75)
(3, 75)
(4, 75)
(47, 75)
(48, 75)
(49, 75)
(55, 75)
(56, 75)
(57, 75)
(58, 75)
(59, 75)
(1, 76)
(2, 76)
(3, 76)
(4, 76)
(47, 76)
(48, 76)
(49, 76)
(1, 77)
(2, 77)
(3, 77)
(4, 77)
(47, 77)
(48, 77)
(49, 77)
(1, 78)
(2, 78)
(3, 78)
(4, 78)
(1, 79)
(2, 79)
(3, 79)
(4, 79)
(29, 80)
(30, 80)
(31, 80)
(29, 81)
(30, 81)
(31, 81)
(29, 82)
(30, 82)
(31, 82)
(34, 82)
(35, 82)
(36, 82)
(37, 82)
(38, 82)
(34, 83)
(35, 83)
(36, 83)
(37, 83)
(38, 83)
(34, 84)
(35, 84)
(36, 84)
(37, 84)
(38, 84)
(34, 85)
(35, 85)
(36, 85)
(37, 85)
(38, 85)
(44, 85)
(45, 85)
(46, 85)
(47, 85)
(48, 85)
(34, 86)
(35, 86)
(36, 86)
(37, 86)
(38, 86)
(44, 86)
(45, 86)
(46, 86)
(47, 86)
(48, 86)
(44, 87)
(45, 87)
(46, 87)
(47, 87)
(48, 87)
(44, 88)
(45, 88)
(46, 88)
(47, 88)
(48, 88)
(44, 89)
(45, 89)
(46, 89)
(47, 89)
(48, 89)
-
(0, 4, 1.0, -1, 0.5)
(1, 2, 1.0, -1, 0.5)
(2, 3, 1.0, -1, 0.5)
(3, 2, 1.0, -1, 0.5)
(4, 4, 1.0, -1, 0.5)
(5, 5, 1.0, -1, 0.5)
(6, 1, 1.0, -1, 0.5)
(7, 3, 1.0, -1, 0.5)
(8, 1, 1.0, -1, 0.5)
(9, 5, 1.0, -1, 0.5)
-
(0, (86,83), (96,31))
(1, (21,18), (92,2))
(2, (16,93), (42,12))
(3, (66,41), (93,79))
(4, (60,79), (91,9))
(5, (26,4), (50,30))
(6, (2,40), (63,78))
(7, (60,13), (6,46))
(8, (26,71), (52,54))
(9, (46,95), (58,3))
