100
(54, 7)
(55, 7)
(56, 7)
(57, 7)
(58, 7)
(54, 8)
(55, 8)
(56, 8)
(57, 8)
(58, 8)
(54, 9)
(55, 9)
(56, 9)
(57, 9)
(58, 9)
(4, 10)
(5, 10)
(6, 10)
(54, 10)
(55, 10)
(56, 10)
(57, 10)
(58, 10)
(4, 11)
(5, 11)
(6, 11)
(54, 11)
(55, 11)
(56, 11)
(57, 11)
(58, 11)
(71, 11)
(72, 11)
(73, 11)
(74, 11)
(4, 12)
(5, 12)
(6, 12)
(71, 12)
(72, 12)
(73, 12)
(74, 12)
(4, 13)
(5, 13)
(6, 13)
(71, 13)
(72, 13)
(73, 13)
(74, 13)
(71, 14)
(72, 14)
(73, 14)
(74, 14)
(93, 14)
(94, 14)
(95, 14)
(93, 15)
(94, 15)
(95, 15)
(93, 16)
(94, 16)
(95, 16)
(93, 17)
(94, 17)
(95, 17)
(93, 18)
(94, 18)
(95, 18)
(47, 19)
(48, 19)
(49, 19)
(47, 20)
(48, 20)
(49, 20)
(47, 21)
(48, 21)
(49, 21)
(47, 22)
(48, 22)
(49, 22)
(47, 23)
(48, 23)
(49, 23)
(83, 38)
(84, 38)
(85, 38)
(86, 38)
(83, 39)
(84, 39)
(85, 39)
(86, 39)
(83, 40)
(84, 40)
(85, 40)
(86, 40)
(83, 41)
(84, 41)
(85, 41)
(86, 41)
(24, 47)
(25, 47)
(26, 47)
(27, 47)
(28, 47)
(24, 48)
(25, 48)
(26, 48)
(27, 48)
(28, 48)
(24, 49)
(25, 49)
(26, 49)
(27, 49)
(28, 49)
(79, 49)
(80, 49)
(81, 49)
(24, 50)
(25, 50)
(26, 50)
(27, 50)
(28, 50)
(57, 50)
(58, 50)
(59, 50)
(79, 50)
(80, 50)
(81, 50)
(57, 51)
(58, 51)
(59, 51)
(79, 51)
(80, 51)
(81, 51)
(57, 52)
(58, 52)
(59, 52)
(81, 59)
(82, 59)
(83, 59)
(21, 60)
(22, 60)
(23, 60)
(81, 60)
(82, 60)
(83, 60)
(21, 61)
(22, 61)
(23, 61)
(81, 61)
(82, 61)
(83, 61)
(21, 62)
(22, 62)
(23, 62)
(81, 62)
(82, 62)
(83, 62)
(21, 63)
(22, 63)
(23, 63)
(88, 63)
(89, 63)
(90, 63)
(91, 63)
(88, 64)
(89, 64)
(90, 64)
(91, 64)
(48, 65)
(49, 65)
(50, 65)
(88, 65)
(89, 65)
(90, 65)
(91, 65)
(48, 66)
(49, 66)
(50, 66)
(88, 66)
(89, 66)
(90, 66)
(91, 66)
(48, 67)
(49, 67)
(50, 67)
(83, 67)
(84, 67)
(85, 67)
(86, 67)
(88, 67)
(89, 67)
(90, 67)
(91, 67)
(83, 68)
(84, 68)
(85, 68)
(86, 68)
(83, 69)
(84, 69)
(85, 69)
(86, 69)
(83, 70)
(84, 70)
(85, 70)
(86, 70)
(22, 71)
(23, 71)
(24, 71)
(25, 71)
(26, 71)
(22, 72)
(23, 72)
(24, 72)
(25, 72)
(26, 72)
(22, 73)
(23, 73)
(24, 73)
(25, 73)
(26, 73)
(22, 74)
(23, 74)
(24, 74)
(25, 74)
(26, 74)
(27, 74)
(28, 74)
(29, 74)
(30, 74)
(31, 74)
(74, 74)
(75, 74)
(76, 74)
(77, 74)
(78, 74)
(82, 74)
(83, 74)
(84, 74)
(27, 75)
(28, 75)
(29, 75)
(30, 75)
(31, 75)
(74, 75)
(75, 75)
(76, 75)
(77, 75)
(78, 75)
(82, 75)
(83, 75)
(84, 75)
(27, 76)
(28, 76)
(29, 76)
(30, 76)
(31, 76)
(74, 76)
(75, 76)
(76, 76)
(77, 76)
(78, 76)
(82, 76)
(83, 76)
(84, 76)
(27, 77)
(28, 77)
(29, 77)
(30, 77)
(31, 77)
(74, 77)
(75, 77)
(76, 77)
(77, 77)
(78, 77)
(82, 77)
(83, 77)
(84, 77)
(27, 78)
(28, 78)
(29, 78)
(30, 78)
(31, 78)
(82, 78)
(83, 78)
(84, 78)
(82, 83)
(83, 83)
(84, 83)
(82, 84)
(83, 84)
(84, 84)
(82, 85)
(83, 85)
(84, 85)
(7, 87)
(8, 87)
(9, 87)
(7, 88)
(8, 88)
(9, 88)
(7, 89)
(8, 89)
(9, 89)
-
(0, 3, 1.0, -1, 0.5)
(1, 1, 1.0, -1, 0.5)
(2, 5, 1.0, -1, 0.5)
(3, 4, 1.0, -1, 0.5)
(4, 2, 1.0, -1, 0.5)
(5, 3, 1.0, -1, 0.5)
(6, 1, 1.0, -1, 0.5)
(7, 2, 1.0, -1, 0.5)
(8, 4, 1.0, -1, 0.5)
(9, 5, 1.0, -1, 0.5)
-
(0, (17,50), (86,55))
(1, (67,7), (7,44))
(2, (64,48), (28,2))
(3, (6,3), (2,94))
(4, (74,24), (40,26))
(5, (3,87), (43,80))
(6, (25,63), (0,93))
(7, (41,9), (92,54))
(8, (75,28), (36,33))
(9, (13,11), (49,41))
