100
(40, 12)
(41, 12)
(42, 12)
(43, 12)
(44, 12)
(40, 13)
(41, 13)
(42, 13)
(43, 13)
(44, 13)
(40, 14)
(41, 14)
(42, 14)
(43, 14)
(44, 14)
(7, 43)
(8, 43)
(9, 43)
(10, 43)
(7, 44)
(8, 44)
(9, 44)
(10, 44)
(7, 45)
(8, 45)
(9, 45)
(10, 45)
(29, 46)
(30, 46)
(31, 46)
(32, 46)
(33, 46)
(29, 47)
(30, 47)
(31, 47)
(32, 47)
(33, 47)
(29, 48)
(30, 48)
(31, 48)
(32, 48)
(33, 48)
(29, 49)
(30, 49)
(31, 49)
(32, 49)
(33, 49)
(29, 50)
(30, 50)
(31, 50)
(32, 50)
(33, 50)
(78, 63)
(79, 63)
(80, 63)
(81, 63)
(82, 63)
(78, 64)
(79, 64)
(80, 64)
(81, 64)
(82, 64)
(78, 65)
(79, 65)
(80, 65)
(81, 65)
(82, 65)
(57, 70)
(58, 70)
(59, 70)
(57, 71)
(58, 71)
(59, 71)
(57, 72)
(58, 72)
(59, 72)
-
(0, 2, 1.0, -1, 0.5)
(1, 5, 1.0, -1, 0.5)
(2, 5, 1.0, -1, 0.5)
(3, 1, 1.0, -1, 0.5)
(4, 4, 1.0, -1, 0.5)
(5, 3, 1.0, -1, 0.5)
(6, 3, 1.0, -1, 0.5)
(7, 1, 1.0, -1, 0.5)
(8, 4, 1.0, -1, 0.5)
(9, 2, 1.0, -1, 0.5)
-
(0, (50,38), (98,77))
(1, (47,81), (72,23))
(2, (2,77), (43,95))
(3, (96,21), (36,61))
(4, (92,40), (40,24))
(5, (56,42), (10,63))
(6, (97,8), (55,85))
(7, (77,6), (70,87))
(8, (45,67), (11,53))
(9, (91,28), (0,49))
