100
(68, 0)
(69, 0)
(70, 0)
(71, 0)
(68, 1)
(69, 1)
(70, 1)
(71, 1)
(20, 2)
(21, 2)
(22, 2)
(68, 2)
(69, 2)
(70, 2)
(71, 2)
(90, 2)
(91, 2)
(92, 2)
(93, 2)
(20, 3)
(21, 3)
(22, 3)
(68, 3)
(69, 3)
(70, 3)
(71, 3)
(77, 3)
(78, 3)
(79, 3)
(90, 3)
(91, 3)
(92, 3)
(93, 3)
(20, 4)
(21, 4)
(22, 4)
(68, 4)
(69, 4)
(70, 4)
(71, 4)
(77, 4)
(78, 4)
(79, 4)
(90, 4)
(91, 4)
(92, 4)
(93, 4)
(20, 5)
(21, 5)
(22, 5)
(77, 5)
(78, 5)
(79, 5)
(90, 5)
(91, 5)
(92, 5)
(93, 5)
(20, 6)
(21, 6)
(22, 6)
(90, 6)
(91, 6)
(92, 6)
(93, 6)
(15, 8)
(16, 8)
(17, 8)
(18, 8)
(25, 8)
(26, 8)
(27, 8)
(28, 8)
(29, 8)
(15, 9)
(16, 9)
(17, 9)
(18, 9)
(25, 9)
(26, 9)
(27, 9)
(28, 9)
(29, 9)
(84, 9)
(85, 9)
(86, 9)
(87, 9)
(15, 10)
(16, 10)
(17, 10)
(18, 10)
(25, 10)
(26, 10)
(27, 10)
(28, 10)
(29, 10)
(84, 10)
(85, 10)
(86, 10)
(87, 10)
(15, 11)
(16, 11)
(17, 11)
(18, 11)
(25, 11)
(26, 11)
(27, 11)
(28, 11)
(29, 11)
(46, 11)
(47, 11)
(48, 11)
(49, 11)
(62, 11)
(63, 11)
(64, 11)
(65, 11)
(66, 11)
(67, 11)
(84, 11)
(85, 11)
(86, 11)
(87, 11)
(15, 12)
(16, 12)
(17, 12)
(18, 12)
(30, 12)
(31, 12)
(32, 12)
(33, 12)
(46, 12)
(47, 12)
(48, 12)
(49, 12)
(62, 12)
(63, 12)
(64, 12)
(65, 12)
(66, 12)
(67, 12)
(1, 13)
(2, 13)
(3, 13)
(4, 13)
(5, 13)
(30, 13)
(31, 13)
(32, 13)
(33, 13)
(46, 13)
(47, 13)
(48, 13)
(49, 13)
(50, 13)
(51, 13)
(52, 13)
(62, 13)
(63, 13)
(64, 13)
(65, 13)
(66, 13)
(67, 13)
(1, 14)
(2, 14)
(3, 14)
(4, 14)
(5, 14)
(30, 14)
(31, 14)
(32, 14)
(33, 14)
(46, 14)
(47, 14)
(48, 14)
(49, 14)
(50, 14)
(51, 14)
(52, 14)
(58, 14)
(59, 14)
(60, 14)
(61, 14)
(62, 14)
(63, 14)
(64, 14)
(65, 14)
(66, 14)
(67, 14)
(1, 15)
(2, 15)
(3, 15)
(4, 15)
(5, 15)
(30, 15)
(31, 15)
(32, 15)
(33, 15)
(50, 15)
(51, 15)
(52, 15)
(58, 15)
(59, 15)
(60, 15)
(61, 15)
(62, 15)
(63, 15)
(64, 15)
(1, 16)
(2, 16)
(3, 16)
(4, 16)
(5, 16)
(30, 16)
(31, 16)
(32, 16)
(33, 16)
(58, 16)
(59, 16)
(60, 16)
(61, 16)
(1, 17)
(2, 17)
(3, 17)
(4, 17)
(5, 17)
(58, 17)
(59, 17)
(60, 17)
(61, 17)
(65, 17)
(66, 17)
(67, 17)
(68, 17)
(94, 17)
(95, 17)
(96, 17)
(65, 18)
(66, 18)
(67, 18)
(68, 18)
(94, 18)
(95, 18)
(96, 18)
(0, 19)
(1, 19)
(2, 19)
(3, 19)
(25, 19)
(26, 19)
(27, 19)
(28, 19)
(29, 19)
(65, 19)
(66, 19)
(67, 19)
(68, 19)
(94, 19)
(95, 19)
(96, 19)
(0, 20)
(1, 20)
(2, 20)
(3, 20)
(25, 20)
(26, 20)
(27, 20)
(28, 20)
(29, 20)
(94, 20)
(95, 20)
(96, 20)
(0, 21)
(1, 21)
(2, 21)
(3, 21)
(25, 21)
(26, 21)
(27, 21)
(28, 21)
(29, 21)
(0, 22)
(1, 22)
(2, 22)
(3, 22)
(25, 22)
(26, 22)
(27, 22)
(28, 22)
(29, 22)
(5, 23)
(6, 23)
(7, 23)
(5, 24)
(6, 24)
(7, 24)
(5, 25)
(6, 25)
(7, 25)
(81, 25)
(82, 25)
(83, 25)
(84, 25)
(85, 25)
(81, 26)
(82, 26)
(83, 26)
(84, 26)
(85, 26)
(57, 27)
(58, 27)
(59, 27)
(60, 27)
(81, 27)
(82, 27)
(83, 27)
(84, 27)
(85, 27)
(48, 28)
(49, 28)
(50, 28)
(57, 28)
(58, 28)
(59, 28)
(60, 28)
(81, 28)
(82, 28)
(83, 28)
(48, 29)
(49, 29)
(50, 29)
(57, 29)
(58, 29)
(59, 29)
(60, 29)
(81, 29)
(82, 29)
(83, 29)
(48, 30)
(49, 30)
(50, 30)
(81, 30)
(82, 30)
(83, 30)
(48, 31)
(49, 31)
(50, 31)
(81, 31)
(82, 31)
(83, 31)
(7, 32)
(8, 32)
(9, 32)
(10, 32)
(11, 32)
(81, 32)
(82, 32)
(83, 32)
(89, 32)
(90, 32)
(91, 32)
(92, 32)
(93, 32)
(94, 32)
(95, 32)
(96, 32)
(97, 32)
(7, 33)
(8, 33)
(9, 33)
(10, 33)
(11, 33)
(56, 33)
(57, 33)
(58, 33)
(59, 33)
(89, 33)
(90, 33)
(91, 33)
(92, 33)
(93, 33)
(94, 33)
(95, 33)
(96, 33)
(97, 33)
(7, 34)
(8, 34)
(9, 34)
(10, 34)
(11, 34)
(56, 34)
(57, 34)
(58, 34)
(59, 34)
(89, 34)
(90, 34)
(91, 34)
(92, 34)
(93, 34)
(94, 34)
(95, 34)
(96, 34)
(97, 34)
(7, 35)
(8, 35)
(9, 35)
(10, 35)
(11, 35)
(56, 35)
(57, 35)
(58, 35)
(59, 35)
(64, 35)
(65, 35)
(66, 35)
(94, 35)
(95, 35)
(96, 35)
(97, 35)
(7, 36)
(8, 36)
(9, 36)
(10, 36)
(11, 36)
(20, 36)
(21, 36)
(22, 36)
(23, 36)
(24, 36)
(56, 36)
(57, 36)
(58, 36)
(59, 36)
(64, 36)
(65, 36)
(66, 36)
(94, 36)
(95, 36)
(96, 36)
(97, 36)
(3, 37)
(4, 37)
(5, 37)
(20, 37)
(21, 37)
(22, 37)
(23, 37)
(24, 37)
(64, 37)
(65, 37)
(66, 37)
(3, 38)
(4, 38)
(5, 38)
(12, 38)
(13, 38)
(14, 38)
(20, 38)
(21, 38)
(22, 38)
(23, 38)
(24, 38)
(64, 38)
(65, 38)
(66, 38)
(3, 39)
(4, 39)
(5, 39)
(12, 39)
(13, 39)
(14, 39)
(64, 39)
(65, 39)
(66, 39)
(12, 40)
(13, 40)
(14, 40)
(12, 41)
(13, 41)
(14, 41)
(7, 42)
(8, 42)
(9, 42)
(10, 42)
(11, 42)
(28, 42)
(29, 42)
(30, 42)
(31, 42)
(32, 42)
(77, 42)
(78, 42)
(79, 42)
(80, 42)
(7, 43)
(8, 43)
(9, 43)
(10, 43)
(11, 43)
(28, 43)
(29, 43)
(30, 43)
(31, 43)
(32, 43)
(40, 43)
(41, 43)
(42, 43)
(43, 43)
(77, 43)
(78, 43)
(79, 43)
(80, 43)
(7, 44)
(8, 44)
(9, 44)
(10, 44)
(11, 44)
(28, 44)
(29, 44)
(30, 44)
(31, 44)
(32, 44)
(40, 44)
(41, 44)
(42, 44)
(43, 44)
(59, 44)
(60, 44)
(61, 44)
(62, 44)
(63, 44)
(77, 44)
(78, 44)
(79, 44)
(80, 44)
(7, 45)
(8, 45)
(9, 45)
(10, 45)
(11, 45)
(28, 45)
(29, 45)
(30, 45)
(31, 45)
(32, 45)
(40, 45)
(41, 45)
(42, 45)
(43, 45)
(59, 45)
(60, 45)
(61, 45)
(62, 45)
(63, 45)
(69, 45)
(70, 45)
(71, 45)
(77, 45)
(78, 45)
(79, 45)
(80, 45)
(7, 46)
(8, 46)
(9, 46)
(10, 46)
(11, 46)
(28, 46)
(29, 46)
(30, 46)
(31, 46)
(32, 46)
(40, 46)
(41, 46)
(42, 46)
(43, 46)
(59, 46)
(60, 46)
(61, 46)
(62, 46)
(63, 46)
(69, 46)
(70, 46)
(71, 46)
(82, 46)
(83, 46)
(84, 46)
(40, 47)
(41, 47)
(42, 47)
(43, 47)
(59, 47)
(60, 47)
(61, 47)
(62, 47)
(63, 47)
(69, 47)
(70, 47)
(71, 47)
(75, 47)
(76, 47)
(77, 47)
(82, 47)
(83, 47)
(84, 47)
(59, 48)
(60, 48)
(61, 48)
(62, 48)
(63, 48)
(75, 48)
(76, 48)
(77, 48)
(82, 48)
(83, 48)
(84, 48)
(75, 49)
(76, 49)
(77, 49)
(2, 50)
(3, 50)
(4, 50)
(5, 50)
(2, 51)
(3, 51)
(4, 51)
(5, 51)
(30, 51)
(31, 51)
(32, 51)
(2, 52)
(3, 52)
(4, 52)
(5, 52)
(30, 52)
(31, 52)
(32, 52)
(52, 52)
(53, 52)
(54, 52)
(55, 52)
(2, 53)
(3, 53)
(4, 53)
(5, 53)
(30, 53)
(31, 53)
(32, 53)
(52, 53)
(53, 53)
(54, 53)
(55, 53)
(97, 53)
(98, 53)
(99, 53)
(2, 54)
(3, 54)
(4, 54)
(5, 54)
(52, 54)
(53, 54)
(54, 54)
(55, 54)
(88, 54)
(89, 54)
(90, 54)
(97, 54)
(98, 54)
(99, 54)
(4, 55)
(5, 55)
(6, 55)
(7, 55)
(8, 55)
(88, 55)
(89, 55)
(90, 55)
(97, 55)
(98, 55)
(99, 55)
(4, 56)
(5, 56)
(6, 56)
(7, 56)
(8, 56)
(15, 56)
(16, 56)
(17, 56)
(18, 56)
(88, 56)
(89, 56)
(90, 56)
(97, 56)
(98, 56)
(99, 56)
(4, 57)
(5, 57)
(6, 57)
(7, 57)
(8, 57)
(15, 57)
(16, 57)
(17, 57)
(18, 57)
(71, 57)
(72, 57)
(73, 57)
(88, 57)
(89, 57)
(90, 57)
(97, 57)
(98, 57)
(99, 57)
(4, 58)
(5, 58)
(6, 58)
(7, 58)
(8, 58)
(15, 58)
(16, 58)
(17, 58)
(18, 58)
(71, 58)
(72, 58)
(73, 58)
(4, 59)
(5, 59)
(6, 59)
(7, 59)
(8, 59)
(15, 59)
(16, 59)
(17, 59)
(18, 59)
(34, 59)
(35, 59)
(36, 59)
(71, 59)
(72, 59)
(73, 59)
(34, 60)
(35, 60)
(36, 60)
(55, 60)
(56, 60)
(57, 60)
(58, 60)
(67, 60)
(68, 60)
(69, 60)
(70, 60)
(71, 60)
(72, 60)
(73, 60)
(34, 61)
(35, 61)
(36, 61)
(55, 61)
(56, 61)
(57, 61)
(58, 61)
(67, 61)
(68, 61)
(69, 61)
(70, 61)
(71, 61)
(72, 61)
(73, 61)
(79, 61)
(80, 61)
(81, 61)
(82, 61)
(83, 61)
(55, 62)
(56, 62)
(57, 62)
(58, 62)
(67, 62)
(68, 62)
(69, 62)
(70, 62)
(79, 62)
(80, 62)
(81, 62)
(82, 62)
(83, 62)
(55, 63)
(56, 63)
(57, 63)
(58, 63)
(79, 63)
(80, 63)
(81, 63)
(82, 63)
(83, 63)
(18, 66)
(19, 66)
(20, 66)
(21, 66)
(22, 66)
(34, 66)
(35, 66)
(36, 66)
(39, 66)
(40, 66)
(41, 66)
(42, 66)
(63, 66)
(64, 66)
(65, 66)
(18, 67)
(19, 67)
(20, 67)
(21, 67)
(22, 67)
(34, 67)
(35, 67)
(36, 67)
(39, 67)
(40, 67)
(41, 67)
(42, 67)
(63, 67)
(64, 67)
(65, 67)
(18, 68)
(19, 68)
(20, 68)
(21, 68)
(22, 68)
(34, 68)
(35, 68)
(36, 68)
(39, 68)
(40, 68)
(41, 68)
(42, 68)
(63, 68)
(64, 68)
(65, 68)
(84, 68)
(85, 68)
(86, 68)
(18, 69)
(19, 69)
(20, 69)
(21, 69)
(22, 69)
(29, 69)
(30, 69)
(31, 69)
(32, 69)
(33, 69)
(34, 69)
(35, 69)
(36, 69)
(39, 69)
(40, 69)
(41, 69)
(42, 69)
(84, 69)
(85, 69)
(86, 69)
(29, 70)
(30, 70)
(31, 70)
(32, 70)
(33, 70)
(34, 70)
(35, 70)
(36, 70)
(39, 70)
(40, 70)
(41, 70)
(42, 70)
(84, 70)
(85, 70)
(86, 70)
(89, 70)
(90, 70)
(91, 70)
(29, 71)
(30, 71)
(31, 71)
(32, 71)
(33, 71)
(69, 71)
(70, 71)
(71, 71)
(72, 71)
(77, 71)
(78, 71)
(79, 71)
(80, 71)
(81, 71)
(84, 71)
(85, 71)
(86, 71)
(89, 71)
(90, 71)
(91, 71)
(29, 72)
(30, 72)
(31, 72)
(32, 72)
(33, 72)
(69, 72)
(70, 72)
(71, 72)
(72, 72)
(77, 72)
(78, 72)
(79, 72)
(80, 72)
(81, 72)
(89, 72)
(90, 72)
(91, 72)
(69, 73)
(70, 73)
(71, 73)
(72, 73)
(77, 73)
(78, 73)
(79, 73)
(80, 73)
(81, 73)
(89, 73)
(90, 73)
(91, 73)
(69, 74)
(70, 74)
(71, 74)
(72, 74)
(77, 74)
(78, 74)
(79, 74)
(80, 74)
(81, 74)
(64, 75)
(65, 75)
(66, 75)
(67, 75)
(64, 76)
(65, 76)
(66, 76)
(67, 76)
(64, 77)
(65, 77)
(66, 77)
(67, 77)
(91, 77)
(92, 77)
(93, 77)
(39, 78)
(40, 78)
(41, 78)
(42, 78)
(43, 78)
(91, 78)
(92, 78)
(93, 78)
(39, 79)
(40, 79)
(41, 79)
(42, 79)
(43, 79)
(91, 79)
(92, 79)
(93, 79)
(39, 80)
(40, 80)
(41, 80)
(42, 80)
(43, 80)
(53, 80)
(54, 80)
(55, 80)
(56, 80)
(20, 81)
(21, 81)
(22, 81)
(23, 81)
(24, 81)
(39, 81)
(40, 81)
(41, 81)
(42, 81)
(43, 81)
(53, 81)
(54, 81)
(55, 81)
(56, 81)
(20, 82)
(21, 82)
(22, 82)
(23, 82)
(24, 82)
(53, 82)
(54, 82)
(55, 82)
(56, 82)
(85, 82)
(86, 82)
(87, 82)
(88, 82)
(20, 83)
(21, 83)
(22, 83)
(23, 83)
(24, 83)
(85, 83)
(86, 83)
(87, 83)
(88, 83)
(20, 84)
(21, 84)
(22, 84)
(23, 84)
(24, 84)
(49, 84)
(50, 84)
(51, 84)
(85, 84)
(86, 84)
(87, 84)
(88, 84)
(0, 85)
(1, 85)
(2, 85)
(3, 85)
(20, 85)
(21, 85)
(22, 85)
(23, 85)
(24, 85)
(49, 85)
(50, 85)
(51, 85)
(0, 86)
(1, 86)
(2, 86)
(3, 86)
(23, 86)
(24, 86)
(25, 86)
(26, 86)
(41, 86)
(42, 86)
(43, 86)
(44, 86)
(45, 86)
(49, 86)
(50, 86)
(51, 86)
(0, 87)
(1, 87)
(2, 87)
(3, 87)
(23, 87)
(24, 87)
(25, 87)
(26, 87)
(41, 87)
(42, 87)
(43, 87)
(44, 87)
(45, 87)
(49, 87)
(50, 87)
(51, 87)
(23, 88)
(24, 88)
(25, 88)
(26, 88)
(41, 88)
(42, 88)
(43, 88)
(44, 88)
(45, 88)
(58, 88)
(59, 88)
(60, 88)
(61, 88)
(62, 88)
(23, 89)
(24, 89)
(25, 89)
(26, 89)
(58, 89)
(59, 89)
(60, 89)
(61, 89)
(62, 89)
(66, 89)
(67, 89)
(68, 89)
(69, 89)
(23, 90)
(24, 90)
(25, 90)
(26, 90)
(28, 90)
(29, 90)
(30, 90)
(31, 90)
(50, 90)
(51, 90)
(52, 90)
(58, 90)
(59, 90)
(60, 90)
(61, 90)
(62, 90)
(66, 90)
(67, 90)
(68, 90)
(69, 90)
(28, 91)
(29, 91)
(30, 91)
(31, 91)
(50, 91)
(51, 91)
(52, 91)
(54, 91)
(55, 91)
(56, 91)
(57, 91)
(66, 91)
(67, 91)
(68, 91)
(69, 91)
(28, 92)
(29, 92)
(30, 92)
(31, 92)
(50, 92)
(51, 92)
(52, 92)
(54, 92)
(55, 92)
(56, 92)
(57, 92)
(75, 92)
(76, 92)
(77, 92)
(78, 92)
(79, 92)
(50, 93)
(51, 93)
(52, 93)
(54, 93)
(55, 93)
(56, 93)
(57, 93)
(75, 93)
(76, 93)
(77, 93)
(78, 93)
(79, 93)
(89, 93)
(90, 93)
(91, 93)
(92, 93)
(54, 94)
(55, 94)
(56, 94)
(57, 94)
(75, 94)
(76, 94)
(77, 94)
(78, 94)
(79, 94)
(89, 94)
(90, 94)
(91, 94)
(92, 94)
(37, 95)
(38, 95)
(39, 95)
(40, 95)
(41, 95)
(75, 95)
(76, 95)
(77, 95)
(78, 95)
(79, 95)
(89, 95)
(90, 95)
(91, 95)
(92, 95)
(37, 96)
(38, 96)
(39, 96)
(40, 96)
(41, 96)
(42, 96)
(43, 96)
(44, 96)
(89, 96)
(90, 96)
(91, 96)
(92, 96)
(93, 96)
(94, 96)
(95, 96)
(37, 97)
(38, 97)
(39, 97)
(40, 97)
(41, 97)
(42, 97)
(43, 97)
(44, 97)
(89, 97)
(90, 97)
(91, 97)
(92, 97)
(93, 97)
(94, 97)
(95, 97)
(37, 98)
(38, 98)
(39, 98)
(40, 98)
(41, 98)
(42, 98)
(43, 98)
(44, 98)
(93, 98)
(94, 98)
(95, 98)
-
(0, 3, 1.0, -1, 0.5)
(1, 4, 1.0, -1, 0.5)
(2, 1, 1.0, -1, 0.5)
(3, 2, 1.0, -1, 0.5)
(4, 5, 1.0, -1, 0.5)
(5, 3, 1.0, -1, 0.5)
(6, 5, 1.0, -1, 0.5)
(7, 2, 1.0, -1, 0.5)
(8, 1, 1.0, -1, 0.5)
(9, 4, 1.0, -1, 0.5)
-
(0, (94,46), (40,11))
(1, (57,53), (89,61))
(2, (88,0), (21,32))
(3, (84,86), (24,50))
(4, (29,63), (53,9))
(5, (97,38), (71,53))
(6, (64,92), (0,67))
(7, (94,85), (51,96))
(8, (84,20), (89,78))
(9, (68,25), (46,74))
