100
(0, 6)
(1, 6)
(2, 6)
(3, 6)
(4, 6)
(29, 6)
(30, 6)
(31, 6)
(0, 7)
(1, 7)
(2, 7)
(3, 7)
(4, 7)
(29, 7)
(30, 7)
(31, 7)
(76, 7)
(77, 7)
(78, 7)
(79, 7)
(0, 8)
(1, 8)
(2, 8)
(3, 8)
(4, 8)
(8, 8)
(9, 8)
(10, 8)
(11, 8)
(12, 8)
(29, 8)
(30, 8)
(31, 8)
(76, 8)
(77, 8)
(78, 8)
(79, 8)
(0, 9)
(1, 9)
(2, 9)
(3, 9)
(4, 9)
(8, 9)
(9, 9)
(10, 9)
(11, 9)
(12, 9)
(19, 9)
(20, 9)
(21, 9)
(76, 9)
(77, 9)
(78, 9)
(79, 9)
(8, 10)
(9, 10)
(10, 10)
(11, 10)
(12, 10)
(19, 10)
(20, 10)
(21, 10)
(60, 10)
(61, 10)
(62, 10)
(63, 10)
(76, 10)
(77, 10)
(78, 10)
(79, 10)
(8, 11)
(9, 11)
(10, 11)
(11, 11)
(12, 11)
(19, 11)
(20, 11)
(21, 11)
(60, 11)
(61, 11)
(62, 11)
(63, 11)
(96, 11)
(97, 11)
(98, 11)
(99, 11)
(8, 12)
(9, 12)
(10, 12)
(11, 12)
(12, 12)
(19, 12)
(20, 12)
(21, 12)
(60, 12)
(61, 12)
(62, 12)
(63, 12)
(96, 12)
(97, 12)
(98, 12)
(99, 12)
(39, 13)
(40, 13)
(41, 13)
(42, 13)
(43, 13)
(60, 13)
(61, 13)
(62, 13)
(63, 13)
(96, 13)
(97, 13)
(98, 13)
(99, 13)
(39, 14)
(40, 14)
(41, 14)
(42, 14)
(43, 14)
(63, 14)
(64, 14)
(65, 14)
(4, 15)
(5, 15)
(6, 15)
(39, 15)
(40, 15)
(41, 15)
(42, 15)
(43, 15)
(63, 15)
(64, 15)
(65, 15)
(4, 16)
(5, 16)
(6, 16)
(39, 16)
(40, 16)
(41, 16)
(42, 16)
(43, 16)
(63, 16)
(64, 16)
(65, 16)
(4, 17)
(5, 17)
(6, 17)
(39, 17)
(40, 17)
(41, 17)
(42, 17)
(43, 17)
(4, 18)
(5, 18)
(6, 18)
(70, 18)
(71, 18)
(72, 18)
(73, 18)
(4, 19)
(5, 19)
(6, 19)
(70, 19)
(71, 19)
(72, 19)
(73, 19)
(83, 19)
(84, 19)
(85, 19)
(91, 19)
(92, 19)
(93, 19)
(94, 19)
(65, 20)
(66, 20)
(67, 20)
(68, 20)
(70, 20)
(71, 20)
(72, 20)
(73, 20)
(83, 20)
(84, 20)
(85, 20)
(91, 20)
(92, 20)
(93, 20)
(94, 20)
(65, 21)
(66, 21)
(67, 21)
(68, 21)
(83, 21)
(84, 21)
(85, 21)
(91, 21)
(92, 21)
(93, 21)
(94, 21)
(65, 22)
(66, 22)
(67, 22)
(68, 22)
(91, 22)
(92, 22)
(93, 22)
(94, 22)
(24, 23)
(25, 23)
(26, 23)
(27, 23)
(28, 23)
(65, 23)
(66, 23)
(67, 23)
(68, 23)
(91, 23)
(92, 23)
(93, 23)
(94, 23)
(96, 23)
(97, 23)
(98, 23)
(99, 23)
(24, 24)
(25, 24)
(26, 24)
(27, 24)
(28, 24)
(96, 24)
(97, 24)
(98, 24)
(99, 24)
(24, 25)
(25, 25)
(26, 25)
(27, 25)
(28, 25)
(80, 25)
(81, 25)
(82, 25)
(83, 25)
(96, 25)
(97, 25)
(98, 25)
(99, 25)
(16, 26)
(17, 26)
(18, 26)
(19, 26)
(75, 26)
(76, 26)
(77, 26)
(78, 26)
(80, 26)
(81, 26)
(82, 26)
(83, 26)
(16, 27)
(17, 27)
(18, 27)
(19, 27)
(26, 27)
(27, 27)
(28, 27)
(29, 27)
(75, 27)
(76, 27)
(77, 27)
(78, 27)
(80, 27)
(81, 27)
(82, 27)
(83, 27)
(16, 28)
(17, 28)
(18, 28)
(19, 28)
(26, 28)
(27, 28)
(28, 28)
(29, 28)
(75, 28)
(76, 28)
(77, 28)
(78, 28)
(16, 29)
(17, 29)
(18, 29)
(19, 29)
(26, 29)
(27, 29)
(28, 29)
(29, 29)
(46, 29)
(47, 29)
(48, 29)
(49, 29)
(50, 29)
(16, 30)
(17, 30)
(18, 30)
(19, 30)
(46, 30)
(47, 30)
(48, 30)
(49, 30)
(50, 30)
(46, 31)
(47, 31)
(48, 31)
(49, 31)
(50, 31)
(46, 32)
(47, 32)
(48, 32)
(49, 32)
(50, 32)
(51, 33)
(52, 33)
(53, 33)
(54, 33)
(55, 33)
(79, 33)
(80, 33)
(81, 33)
(51, 34)
(52, 34)
(53, 34)
(54, 34)
(55, 34)
(79, 34)
(80, 34)
(81, 34)
(33, 35)
(34, 35)
(35, 35)
(36, 35)
(51, 35)
(52, 35)
(53, 35)
(54, 35)
(55, 35)
(79, 35)
(80, 35)
(81, 35)
(28, 36)
(29, 36)
(30, 36)
(31, 36)
(32, 36)
(33, 36)
(34, 36)
(35, 36)
(36, 36)
(57, 36)
(58, 36)
(59, 36)
(60, 36)
(79, 36)
(80, 36)
(81, 36)
(28, 37)
(29, 37)
(30, 37)
(31, 37)
(32, 37)
(33, 37)
(34, 37)
(35, 37)
(36, 37)
(57, 37)
(58, 37)
(59, 37)
(60, 37)
(79, 37)
(80, 37)
(81, 37)
(28, 38)
(29, 38)
(30, 38)
(31, 38)
(32, 38)
(54, 38)
(55, 38)
(56, 38)
(57, 38)
(58, 38)
(59, 38)
(60, 38)
(16, 39)
(17, 39)
(18, 39)
(19, 39)
(28, 39)
(29, 39)
(30, 39)
(31, 39)
(32, 39)
(45, 39)
(46, 39)
(47, 39)
(48, 39)
(54, 39)
(55, 39)
(56, 39)
(57, 39)
(58, 39)
(59, 39)
(60, 39)
(78, 39)
(79, 39)
(80, 39)
(16, 40)
(17, 40)
(18, 40)
(19, 40)
(28, 40)
(29, 40)
(30, 40)
(31, 40)
(32, 40)
(37, 40)
(38, 40)
(39, 40)
(40, 40)
(45, 40)
(46, 40)
(47, 40)
(48, 40)
(54, 40)
(55, 40)
(56, 40)
(78, 40)
(79, 40)
(80, 40)
(16, 41)
(17, 41)
(18, 41)
(19, 41)
(37, 41)
(38, 41)
(39, 41)
(40, 41)
(45, 41)
(46, 41)
(47, 41)
(48, 41)
(78, 41)
(79, 41)
(80, 41)
(37, 42)
(38, 42)
(39, 42)
(40, 42)
(78, 42)
(79, 42)
(80, 42)
(37, 43)
(38, 43)
(39, 43)
(40, 43)
(15, 45)
(16, 45)
(17, 45)
(71, 45)
(72, 45)
(73, 45)
(15, 46)
(16, 46)
(17, 46)
(21, 46)
(22, 46)
(23, 46)
(24, 46)
(25, 46)
(71, 46)
(72, 46)
(73, 46)
(10, 47)
(11, 47)
(12, 47)
(13, 47)
(14, 47)
(15, 47)
(16, 47)
(17, 47)
(21, 47)
(22, 47)
(23, 47)
(24, 47)
(25, 47)
(71, 47)
(72, 47)
(73, 47)
(10, 48)
(11, 48)
(12, 48)
(13, 48)
(14, 48)
(21, 48)
(22, 48)
(23, 48)
(24, 48)
(25, 48)
(71, 48)
(72, 48)
(73, 48)
(10, 49)
(11, 49)
(12, 49)
(13, 49)
(14, 49)
(71, 49)
(72, 49)
(73, 49)
(10, 50)
(11, 50)
(12, 50)
(13, 50)
(14, 50)
(43, 50)
(44, 50)
(45, 50)
(46, 50)
(54, 50)
(55, 50)
(56, 50)
(10, 51)
(11, 51)
(12, 51)
(13, 51)
(14, 51)
(43, 51)
(44, 51)
(45, 51)
(46, 51)
(54, 51)
(55, 51)
(56, 51)
(60, 51)
(61, 51)
(62, 51)
(63, 51)
(64, 51)
(43, 52)
(44, 52)
(45, 52)
(46, 52)
(54, 52)
(55, 52)
(56, 52)
(60, 52)
(61, 52)
(62, 52)
(63, 52)
(64, 52)
(16, 53)
(17, 53)
(18, 53)
(19, 53)
(20, 53)
(23, 53)
(24, 53)
(25, 53)
(26, 53)
(27, 53)
(60, 53)
(61, 53)
(62, 53)
(63, 53)
(64, 53)
(16, 54)
(17, 54)
(18, 54)
(19, 54)
(20, 54)
(23, 54)
(24, 54)
(25, 54)
(26, 54)
(27, 54)
(60, 54)
(61, 54)
(62, 54)
(63, 54)
(64, 54)
(7, 55)
(8, 55)
(9, 55)
(16, 55)
(17, 55)
(18, 55)
(19, 55)
(20, 55)
(23, 55)
(24, 55)
(25, 55)
(26, 55)
(27, 55)
(60, 55)
(61, 55)
(62, 55)
(63, 55)
(64, 55)
(85, 55)
(86, 55)
(87, 55)
(88, 55)
(89, 55)
(7, 56)
(8, 56)
(9, 56)
(23, 56)
(24, 56)
(25, 56)
(26, 56)
(27, 56)
(72, 56)
(73, 56)
(74, 56)
(75, 56)
(85, 56)
(86, 56)
(87, 56)
(88, 56)
(89, 56)
(7, 57)
(8, 57)
(9, 57)
(35, 57)
(36, 57)
(37, 57)
(38, 57)
(39, 57)
(72, 57)
(73, 57)
(74, 57)
(75, 57)
(85, 57)
(86, 57)
(87, 57)
(88, 57)
(89, 57)
(7, 58)
(8, 58)
(9, 58)
(35, 58)
(36, 58)
(37, 58)
(38, 58)
(39, 58)
(72, 58)
(73, 58)
(74, 58)
(75, 58)
(85, 58)
(86, 58)
(87, 58)
(88, 58)
(89, 58)
(35, 59)
(36, 59)
(37, 59)
(38, 59)
(39, 59)
(35, 60)
(36, 60)
(37, 60)
(38, 60)
(39, 60)
(35, 61)
(36, 61)
(37, 61)
(38, 61)
(39, 61)
(70, 62)
(71, 62)
(72, 62)
(73, 62)
(94, 62)
(95, 62)
(96, 62)
(97, 62)
(98, 62)
(70, 63)
(71, 63)
(72, 63)
(73, 63)
(94, 63)
(95, 63)
(96, 63)
(97, 63)
(98, 63)
(16, 64)
(17, 64)
(18, 64)
(70, 64)
(71, 64)
(72, 64)
(73, 64)
(94, 64)
(95, 64)
(96, 64)
(97, 64)
(98, 64)
(16, 65)
(17, 65)
(18, 65)
(70, 65)
(71, 65)
(72, 65)
(73, 65)
(94, 65)
(95, 65)
(96, 65)
(97, 65)
(98, 65)
(4, 66)
(5, 66)
(6, 66)
(7, 66)
(16, 66)
(17, 66)
(18, 66)
(70, 66)
(71, 66)
(72, 66)
(73, 66)
(4, 67)
(5, 67)
(6, 67)
(7, 67)
(16, 67)
(17, 67)
(18, 67)
(4, 68)
(5, 68)
(6, 68)
(7, 68)
(4, 69)
(5, 69)
(6, 69)
(7, 69)
(18, 71)
(19, 71)
(20, 71)
(21, 71)
(22, 71)
(18, 72)
(19, 72)
(20, 72)
(21, 72)
(22, 72)
(26, 72)
(27, 72)
(28, 72)
(29, 72)
(18, 73)
(19, 73)
(20, 73)
(21, 73)
(22, 73)
(26, 73)
(27, 73)
(28, 73)
(29, 73)
(26, 74)
(27, 74)
(28, 74)
(29, 74)
(81, 74)
(82, 74)
(83, 74)
(84, 74)
(3, 75)
(4, 75)
(5, 75)
(6, 75)
(7, 75)
(81, 75)
(82, 75)
(83, 75)
(84, 75)
(3, 76)
(4, 76)
(5, 76)
(6, 76)
(7, 76)
(81, 76)
(82, 76)
(83, 76)
(84, 76)
(3, 77)
(4, 77)
(5, 77)
(6, 77)
(7, 77)
(81, 77)
(82, 77)
(83, 77)
(84, 77)
(19, 78)
(20, 78)
(21, 78)
(22, 78)
(19, 79)
(20, 79)
(21, 79)
(22, 79)
(83, 79)
(84, 79)
(85, 79)
(19, 80)
(20, 80)
(21, 80)
(22, 80)
(47, 80)
(48, 80)
(49, 80)
(83, 80)
(84, 80)
(85, 80)
(19, 81)
(20, 81)
(21, 81)
(22, 81)
(30, 81)
(31, 81)
(32, 81)
(33, 81)
(47, 81)
(48, 81)
(49, 81)
(83, 81)
(84, 81)
(85, 81)
(19, 82)
(20, 82)
(21, 82)
(22, 82)
(30, 82)
(31, 82)
(32, 82)
(33, 82)
(47, 82)
(48, 82)
(49, 82)
(83, 82)
(84, 82)
(85, 82)
(30, 83)
(31, 83)
(32, 83)
(33, 83)
(47, 83)
(48, 83)
(49, 83)
(83, 83)
(84, 83)
(85, 83)
(30, 84)
(31, 84)
(32, 84)
(33, 84)
(47, 84)
(48, 84)
(49, 84)
(30, 85)
(31, 85)
(32, 85)
(33, 85)
(74, 85)
(75, 85)
(76, 85)
(77, 85)
(81, 85)
(82, 85)
(83, 85)
(84, 85)
(85, 85)
(74, 86)
(75, 86)
(76, 86)
(77, 86)
(81, 86)
(82, 86)
(83, 86)
(84, 86)
(85, 86)
(14, 87)
(15, 87)
(16, 87)
(74, 87)
(75, 87)
(76, 87)
(77, 87)
(81, 87)
(82, 87)
(83, 87)
(84, 87)
(85, 87)
(14, 88)
(15, 88)
(16, 88)
(81, 88)
(82, 88)
(83, 88)
(84, 88)
(85, 88)
(14, 89)
(15, 89)
(16, 89)
(74, 89)
(75, 89)
(76, 89)
(14, 90)
(15, 90)
(16, 90)
(74, 90)
(75, 90)
(76, 90)
(14, 91)
(15, 91)
(16, 91)
(74, 91)
(75, 91)
(76, 91)
(74, 92)
(75, 92)
(76, 92)
(74, 93)
(75, 93)
(76, 93)
(77, 93)
(63, 94)
(64, 94)
(65, 94)
(66, 94)
(74, 94)
(75, 94)
(76, 94)
(77, 94)
(22, 95)
(23, 95)
(24, 95)
(25, 95)
(37, 95)
(38, 95)
(39, 95)
(40, 95)
(41, 95)
(63, 95)
(64, 95)
(65, 95)
(66, 95)
(74, 95)
(75, 95)
(76, 95)
(77, 95)
(22, 96)
(23, 96)
(24, 96)
(25, 96)
(37, 96)
(38, 96)
(39, 96)
(40, 96)
(41, 96)
(45, 96)
(46, 96)
(47, 96)
(48, 96)
(49, 96)
(63, 96)
(64, 96)
(65, 96)
(66, 96)
(74, 96)
(75, 96)
(76, 96)
(77, 96)
(22, 97)
(23, 97)
(24, 97)
(25, 97)
(37, 97)
(38, 97)
(39, 97)
(40, 97)
(41, 97)
(45, 97)
(46, 97)
(47, 97)
(48, 97)
(49, 97)
(63, 97)
(64, 97)
(65, 97)
(66, 97)
(45, 98)
(46, 98)
(47, 98)
(48, 98)
(49, 98)
(63, 98)
(64, 98)
(65, 98)
(66, 98)
(45, 99)
(46, 99)
(47, 99)
(48, 99)
(49, 99)
-
(0, 2, 1.0, -1, 0.5)
(1, 5, 1.0, -1, 0.5)
(2, 4, 1.0, -1, 0.5)
(3, 4, 1.0, -1, 0.5)
(4, 1, 1.0, -1, 0.5)
(5, 3, 1.0, -1, 0.5)
(6, 3, 1.0, -1, 0.5)
(7, 5, 1.0, -1, 0.5)
(8, 1, 1.0, -1, 0.5)
(9, 2, 1.0, -1, 0.5)
-
(0, (0,34), (17,81))
(1, (53,75), (3,0))
(2, (53,65), (88,63))
(3, (30,43), (63,0))
(4, (42,31), (35,75))
(5, (80,46), (47,67))
(6, (7,35), (87,34))
(7, (93,55), (21,15))
(8, (94,29), (16,0))
(9, (75,5), (1,70))
