100
(17, 0)
(18, 0)
(19, 0)
(17, 1)
(18, 1)
(19, 1)
(0, 2)
(1, 2)
(2, 2)
(17, 2)
(18, 2)
(19, 2)
(0, 3)
(1, 3)
(2, 3)
(17, 3)
(18, 3)
(19, 3)
(0, 4)
(1, 4)
(2, 4)
(0, 5)
(1, 5)
(2, 5)
(79, 5)
(80, 5)
(81, 5)
(82, 5)
(83, 5)
(0, 6)
(1, 6)
(2, 6)
(79, 6)
(80, 6)
(81, 6)
(82, 6)
(83, 6)
(95, 6)
(96, 6)
(97, 6)
(98, 6)
(99, 6)
(79, 7)
(80, 7)
(81, 7)
(82, 7)
(83, 7)
(95, 7)
(96, 7)
(97, 7)
(98, 7)
(99, 7)
(79, 8)
(80, 8)
(81, 8)
(82, 8)
(83, 8)
(95, 8)
(96, 8)
(97, 8)
(98, 8)
(99, 8)
(35, 11)
(36, 11)
(37, 11)
(35, 12)
(36, 12)
(37, 12)
(35, 13)
(36, 13)
(37, 13)
(45, 14)
(46, 14)
(47, 14)
(48, 14)
(45, 15)
(46, 15)
(47, 15)
(48, 15)
(77, 15)
(78, 15)
(79, 15)
(80, 15)
(84, 15)
(85, 15)
(86, 15)
(94, 15)
(95, 15)
(96, 15)
(97, 15)
(98, 15)
(45, 16)
(46, 16)
(47, 16)
(48, 16)
(77, 16)
(78, 16)
(79, 16)
(80, 16)
(84, 16)
(85, 16)
(86, 16)
(94, 16)
(95, 16)
(96, 16)
(97, 16)
(98, 16)
(45, 17)
(46, 17)
(47, 17)
(48, 17)
(77, 17)
(78, 17)
(79, 17)
(80, 17)
(84, 17)
(85, 17)
(86, 17)
(94, 17)
(95, 17)
(96, 17)
(97, 17)
(98, 17)
(84, 18)
(85, 18)
(86, 18)
(8, 31)
(9, 31)
(10, 31)
(11, 31)
(12, 31)
(8, 32)
(9, 32)
(10, 32)
(11, 32)
(12, 32)
(8, 33)
(9, 33)
(10, 33)
(11, 33)
(12, 33)
(8, 34)
(9, 34)
(10, 34)
(11, 34)
(12, 34)
(8, 35)
(9, 35)
(10, 35)
(11, 35)
(12, 35)
(34, 40)
(35, 40)
(36, 40)
(67, 40)
(68, 40)
(69, 40)
(34, 41)
(35, 41)
(36, 41)
(49, 41)
(50, 41)
(51, 41)
(52, 41)
(53, 41)
(67, 41)
(68, 41)
(69, 41)
(34, 42)
(35, 42)
(36, 42)
(49, 42)
(50, 42)
(51, 42)
(52, 42)
(53, 42)
(67, 42)
(68, 42)
(69, 42)
(34, 43)
(35, 43)
(36, 43)
(49, 43)
(50, 43)
(51, 43)
(52, 43)
(53, 43)
(53, 48)
(54, 48)
(55, 48)
(53, 49)
(54, 49)
(55, 49)
(57, 49)
(58, 49)
(59, 49)
(60, 49)
(53, 50)
(54, 50)
(55, 50)
(57, 50)
(58, 50)
(59, 50)
(60, 50)
(53, 51)
(54, 51)
(55, 51)
(57, 51)
(58, 51)
(59, 51)
(60, 51)
(53, 52)
(54, 52)
(55, 52)
(57, 52)
(58, 52)
(59, 52)
(60, 52)
(57, 53)
(58, 53)
(59, 53)
(60, 53)
(50, 57)
(51, 57)
(52, 57)
(50, 58)
(51, 58)
(52, 58)
(50, 59)
(51, 59)
(52, 59)
(50, 60)
(51, 60)
(52, 60)
(50, 61)
(51, 61)
(52, 61)
(53, 61)
(50, 62)
(51, 62)
(52, 62)
(53, 62)
(50, 63)
(51, 63)
(52, 63)
(53, 63)
(50, 64)
(51, 64)
(52, 64)
(53, 64)
(50, 65)
(51, 65)
(52, 65)
(53, 65)
(46, 69)
(47, 69)
(48, 69)
(49, 69)
(46, 70)
(47, 70)
(48, 70)
(49, 70)
(46, 71)
(47, 71)
(48, 71)
(49, 71)
(46, 72)
(47, 72)
(48, 72)
(49, 72)
(53, 72)
(54, 72)
(55, 72)
(56, 72)
(53, 73)
(54, 73)
(55, 73)
(56, 73)
(53, 74)
(54, 74)
(55, 74)
(56, 74)
(53, 75)
(54, 75)
(55, 75)
(56, 75)
(28, 76)
(29, 76)
(30, 76)
(31, 76)
(32, 76)
(28, 77)
(29, 77)
(30, 77)
(31, 77)
(32, 77)
(28, 78)
(29, 78)
(30, 78)
(31, 78)
(32, 78)
-
(0, 1, 1.0, -1, 0.5)
(1, 4, 1.0, -1, 0.5)
(2, 5, 1.0, -1, 0.5)
(3, 4, 1.0, -1, 0.5)
(4, 5, 1.0, -1, 0.5)
(5, 2, 1.0, -1, 0.5)
(6, 1, 1.0, -1, 0.5)
(7, 2, 1.0, -1, 0.5)
(8, 3, 1.0, -1, 0.5)
(9, 3, 1.0, -1, 0.5)
-
(0, (58,43), (30,1))
(1, (54,60), (38,85))
(2, (18,94), (20,41))
(3, (27,44), (3,25))
(4, (7,76), (49,33))
(5, (47,45), (88,40))
(6, (24,75), (18,8))
(7, (58,24), (88,22))
(8, (11,72), (36,22))
(9, (18,19), (93,58))
