100
(76, 21)
(77, 21)
(78, 21)
(76, 22)
(77, 22)
(78, 22)
(76, 23)
(77, 23)
(78, 23)
(76, 24)
(77, 24)
(78, 24)
(76, 25)
(77, 25)
(78, 25)
(60, 40)
(61, 40)
(62, 40)
(60, 41)
(61, 41)
(62, 41)
(60, 42)
(61, 42)
(62, 42)
(60, 43)
(61, 43)
(62, 43)
(51, 51)
(52, 51)
(53, 51)
(51, 52)
(52, 52)
(53, 52)
(51, 53)
(52, 53)
(53, 53)
(51, 54)
(52, 54)
(53, 54)
(51, 55)
(52, 55)
(53, 55)
(50, 71)
(51, 71)
(52, 71)
(50, 72)
(51, 72)
(52, 72)
(50, 73)
(51, 73)
(52, 73)
(25, 85)
(26, 85)
(27, 85)
(25, 86)
(26, 86)
(27, 86)
(25, 87)
(26, 87)
(27, 87)
(25, 88)
(26, 88)
(27, 88)
-
(0, 2, 1.0, -1, 0.5)
(1, 1, 1.0, -1, 0.5)
(2, 2, 1.0, -1, 0.5)
(3, 4, 1.0, -1, 0.5)
(4, 3, 1.0, -1, 0.5)
(5, 4, 1.0, -1, 0.5)
(6, 1, 1.0, -1, 0.5)
(7, 3, 1.0, -1, 0.5)
(8, 5, 1.0, -1, 0.5)
(9, 5, 1.0, -1, 0.5)
-
(0, (49,40), (38,98))
(1, (33,29), (80,31))
(2, (71,96), (19,45))
(3, (54,93), (45,54))
(4, (61,56), (13,39))
(5, (39,2), (44,76))
(6, (92,40), (57,65))
(7, (0,0), (47,27))
(8, (6,15), (18,92))
(9, (66,44), (5,23))
