100
(80, 4)
(81, 4)
(82, 4)
(83, 4)
(80, 5)
(81, 5)
(82, 5)
(83, 5)
(80, 6)
(81, 6)
(82, 6)
(83, 6)
(80, 7)
(81, 7)
(82, 7)
(83, 7)
(33, 8)
(34, 8)
(35, 8)
(33, 9)
(34, 9)
(35, 9)
(33, 10)
(34, 10)
(35, 10)
(33, 11)
(34, 11)
(35, 11)
(33, 12)
(34, 12)
(35, 12)
(64, 28)
(65, 28)
(66, 28)
(64, 29)
(65, 29)
(66, 29)
(64, 30)
(65, 30)
(66, 30)
(64, 31)
(65, 31)
(66, 31)
(72, 32)
(73, 32)
(74, 32)
(75, 32)
(56, 33)
(57, 33)
(58, 33)
(59, 33)
(72, 33)
(73, 33)
(74, 33)
(75, 33)
(56, 34)
(57, 34)
(58, 34)
(59, 34)
(72, 34)
(73, 34)
(74, 34)
(75, 34)
(56, 35)
(57, 35)
(58, 35)
(59, 35)
(56, 36)
(57, 36)
(58, 36)
(59, 36)
(56, 37)
(57, 37)
(58, 37)
(59, 37)
(18, 38)
(19, 38)
(20, 38)
(21, 38)
(22, 38)
(18, 39)
(19, 39)
(20, 39)
(21, 39)
(22, 39)
(45, 39)
(46, 39)
(47, 39)
(48, 39)
(49, 39)
(18, 40)
(19, 40)
(20, 40)
(21, 40)
(22, 40)
(45, 40)
(46, 40)
(47, 40)
(48, 40)
(49, 40)
(18, 41)
(19, 41)
(20, 41)
(21, 41)
(22, 41)
(45, 41)
(46, 41)
(47, 41)
(48, 41)
(49, 41)
(18, 42)
(19, 42)
(20, 42)
(21, 42)
(22, 42)
(61, 54)
(62, 54)
(63, 54)
(64, 54)
(65, 54)
(61, 55)
(62, 55)
(63, 55)
(64, 55)
(65, 55)
(61, 56)
(62, 56)
(63, 56)
(64, 56)
(65, 56)
(21, 57)
(22, 57)
(23, 57)
(21, 58)
(22, 58)
(23, 58)
(31, 58)
(32, 58)
(33, 58)
(34, 58)
(35, 58)
(0, 59)
(1, 59)
(2, 59)
(3, 59)
(4, 59)
(21, 59)
(22, 59)
(23, 59)
(31, 59)
(32, 59)
(33, 59)
(34, 59)
(35, 59)
(0, 60)
(1, 60)
(2, 60)
(3, 60)
(4, 60)
(31, 60)
(32, 60)
(33, 60)
(34, 60)
(35, 60)
(0, 61)
(1, 61)
(2, 61)
(3, 61)
(4, 61)
(31, 61)
(32, 61)
(33, 61)
(34, 61)
(35, 61)
(27, 74)
(28, 74)
(29, 74)
(30, 74)
(31, 74)
(27, 75)
(28, 75)
(29, 75)
(30, 75)
(31, 75)
(27, 76)
(28, 76)
(29, 76)
(30, 76)
(31, 76)
(73, 79)
(74, 79)
(75, 79)
(76, 79)
(73, 80)
(74, 80)
(75, 80)
(76, 80)
(73, 81)
(74, 81)
(75, 81)
(76, 81)
(52, 84)
(53, 84)
(54, 84)
(55, 84)
(56, 84)
(52, 85)
(53, 85)
(54, 85)
(55, 85)
(56, 85)
(52, 86)
(53, 86)
(54, 86)
(55, 86)
(56, 86)
(86, 87)
(87, 87)
(88, 87)
(86, 88)
(87, 88)
(88, 88)
(86, 89)
(87, 89)
(88, 89)
(86, 90)
(87, 90)
(88, 90)
(86, 91)
(87, 91)
(88, 91)
-
(0, 4, 1.0, -1, 0.5)
(1, 3, 1.0, -1, 0.5)
(2, 5, 1.0, -1, 0.5)
(3, 1, 1.0, -1, 0.5)
(4, 5, 1.0, -1, 0.5)
(5, 4, 1.0, -1, 0.5)
(6, 1, 1.0, -1, 0.5)
(7, 3, 1.0, -1, 0.5)
(8, 2, 1.0, -1, 0.5)
(9, 2, 1.0, -1, 0.5)
-
(0, (95,77), (48,70))
(1, (7,56), (80,80))
(2, (77,63), (4,45))
(3, (54,80), (11,11))
(4, (53,71), (1,78))
(5, (52,28), (83,52))
(6, (20,26), (37,53))
(7, (97,33), (46,74))
(8, (22,89), (22,43))
(9, (90,37), (22,35))
