100
(33, 18)
(34, 18)
(35, 18)
(36, 18)
(37, 18)
(33, 19)
(34, 19)
(35, 19)
(36, 19)
(37, 19)
(33, 20)
(34, 20)
(35, 20)
(36, 20)
(37, 20)
(33, 21)
(34, 21)
(35, 21)
(36, 21)
(37, 21)
(33, 22)
(34, 22)
(35, 22)
(36, 22)
(37, 22)
(7, 23)
(8, 23)
(9, 23)
(7, 24)
(8, 24)
(9, 24)
(7, 25)
(8, 25)
(9, 25)
(60, 41)
(61, 41)
(62, 41)
(63, 41)
(64, 41)
(60, 42)
(61, 42)
(62, 42)
(63, 42)
(64, 42)
(60, 43)
(61, 43)
(62, 43)
(63, 43)
(64, 43)
(55, 44)
(56, 44)
(57, 44)
(60, 44)
(61, 44)
(62, 44)
(63, 44)
(64, 44)
(55, 45)
(56, 45)
(57, 45)
(60, 45)
(61, 45)
(62, 45)
(63, 45)
(64, 45)
(55, 46)
(56, 46)
(57, 46)
(86, 47)
(87, 47)
(88, 47)
(86, 48)
(87, 48)
(88, 48)
(86, 49)
(87, 49)
(88, 49)
(87, 54)
(88, 54)
(89, 54)
(87, 55)
(88, 55)
(89, 55)
(87, 56)
(88, 56)
(89, 56)
(87, 57)
(88, 57)
(89, 57)
(64, 61)
(65, 61)
(66, 61)
(67, 61)
(64, 62)
(65, 62)
(66, 62)
(67, 62)
(64, 63)
(65, 63)
(66, 63)
(67, 63)
(56, 66)
(57, 66)
(58, 66)
(59, 66)
(60, 66)
(56, 67)
(57, 67)
(58, 67)
(59, 67)
(60, 67)
(56, 68)
(57, 68)
(58, 68)
(59, 68)
(60, 68)
(56, 69)
(57, 69)
(58, 69)
(59, 69)
(60, 69)
(56, 70)
(57, 70)
(58, 70)
(59, 70)
(60, 70)
(19, 75)
(20, 75)
(21, 75)
(22, 75)
(23, 75)
(27, 75)
(28, 75)
(29, 75)
(30, 75)
(31, 75)
(19, 76)
(20, 76)
(21, 76)
(22, 76)
(23, 76)
(27, 76)
(28, 76)
(29, 76)
(30, 76)
(31, 76)
(19, 77)
(20, 77)
(21, 77)
(22, 77)
(23, 77)
(27, 77)
(28, 77)
(29, 77)
(30, 77)
(31, 77)
(19, 78)
(20, 78)
(21, 78)
(22, 78)
(23, 78)
(19, 79)
(20, 79)
(21, 79)
(22, 79)
(23, 79)
(1, 80)
(2, 80)
(3, 80)
(1, 81)
(2, 81)
(3, 81)
(1, 82)
(2, 82)
(3, 82)
(1, 83)
(2, 83)
(3, 83)
(82, 83)
(83, 83)
(84, 83)
(85, 83)
(1, 84)
(2, 84)
(3, 84)
(82, 84)
(83, 84)
(84, 84)
(85, 84)
(47, 85)
(48, 85)
(49, 85)
(50, 85)
(82, 85)
(83, 85)
(84, 85)
(85, 85)
(47, 86)
(48, 86)
(49, 86)
(50, 86)
(82, 86)
(83, 86)
(84, 86)
(85, 86)
(47, 87)
(48, 87)
(49, 87)
(50, 87)
(82, 87)
(83, 87)
(84, 87)
(85, 87)
(47, 88)
(48, 88)
(49, 88)
(50, 88)
(53, 89)
(54, 89)
(55, 89)
(56, 89)
(53, 90)
(54, 90)
(55, 90)
(56, 90)
(53, 91)
(54, 91)
(55, 91)
(56, 91)
(53, 92)
(54, 92)
(55, 92)
(56, 92)
(45, 95)
(46, 95)
(47, 95)
(45, 96)
(46, 96)
(47, 96)
(45, 97)
(46, 97)
(47, 97)
(45, 98)
(46, 98)
(47, 98)
(45, 99)
(46, 99)
(47, 99)
-
(0, 2, 1.0, -1, 0.5)
(1, 4, 1.0, -1, 0.5)
(2, 4, 1.0, -1, 0.5)
(3, 1, 1.0, -1, 0.5)
(4, 5, 1.0, -1, 0.5)
(5, 5, 1.0, -1, 0.5)
(6, 3, 1.0, -1, 0.5)
(7, 2, 1.0, -1, 0.5)
(8, 3, 1.0, -1, 0.5)
(9, 1, 1.0, -1, 0.5)
-
(0, (77,76), (95,23))
(1, (33,6), (49,66))
(2, (70,11), (18,27))
(3, (65,79), (24,61))
(4, (67,94), (91,71))
(5, (22,48), (68,88))
(6, (52,85), (23,90))
(7, (49,70), (14,43))
(8, (60,8), (94,56))
(9, (93,79), (55,86))
