100
(35, 13)
(36, 13)
(37, 13)
(35, 14)
(36, 14)
(37, 14)
(35, 15)
(36, 15)
(37, 15)
(96, 16)
(97, 16)
(98, 16)
(96, 17)
(97, 17)
(98, 17)
(96, 18)
(97, 18)
(98, 18)
(96, 19)
(97, 19)
(98, 19)
(96, 20)
(97, 20)
(98, 20)
(45, 36)
(46, 36)
(47, 36)
(10, 37)
(11, 37)
(12, 37)
(13, 37)
(14, 37)
(21, 37)
(22, 37)
(23, 37)
(24, 37)
(45, 37)
(46, 37)
(47, 37)
(10, 38)
(11, 38)
(12, 38)
(13, 38)
(14, 38)
(21, 38)
(22, 38)
(23, 38)
(24, 38)
(45, 38)
(46, 38)
(47, 38)
(10, 39)
(11, 39)
(12, 39)
(13, 39)
(14, 39)
(21, 39)
(22, 39)
(23, 39)
(24, 39)
(45, 39)
(46, 39)
(47, 39)
(10, 40)
(11, 40)
(12, 40)
(13, 40)
(14, 40)
(21, 40)
(22, 40)
(23, 40)
(24, 40)
(45, 40)
(46, 40)
(47, 40)
(10, 41)
(11, 41)
(12, 41)
(13, 41)
(14, 41)
(21, 41)
(22, 41)
(23, 41)
(24, 41)
(30, 64)
(31, 64)
(32, 64)
(76, 64)
(77, 64)
(78, 64)
(79, 64)
(30, 65)
(31, 65)
(32, 65)
(76, 65)
(77, 65)
(78, 65)
(79, 65)
(30, 66)
(31, 66)
(32, 66)
(76, 66)
(77, 66)
(78, 66)
(79, 66)
(30, 67)
(31, 67)
(32, 67)
(6, 70)
(7, 70)
(8, 70)
(6, 71)
(7, 71)
(8, 71)
(6, 72)
(7, 72)
(8, 72)
(6, 73)
(7, 73)
(8, 73)
(6, 74)
(7, 74)
(8, 74)
(88, 79)
(89, 79)
(90, 79)
(91, 79)
(88, 80)
(89, 80)
(90, 80)
(91, 80)
(88, 81)
(89, 81)
(90, 81)
(91, 81)
(12, 97)
(13, 97)
(14, 97)
(15, 97)
(12, 98)
(13, 98)
(14, 98)
(15, 98)
(12, 99)
(13, 99)
(14, 99)
(15, 99)
-
(0, 2, 1.0, -1, 0.5)
(1, 4, 1.0, -1, 0.5)
(2, 4, 1.0, -1, 0.5)
(3, 5, 1.0, -1, 0.5)
(4, 3, 1.0, -1, 0.5)
(5, 1, 1.0, -1, 0.5)
(6, 1, 1.0, -1, 0.5)
(7, 3, 1.0, -1, 0.5)
(8, 5, 1.0, -1, 0.5)
(9, 2, 1.0, -1, 0.5)
-
(0, (94,21), (48,4))
(1, (35,65), (7,49))
(2, (57,18), (57,60))
(3, (86,23), (30,47))
(4, (7,46), (18,12))
(5, (29,34), (96,74))
(6, (43,21), (85,98))
(7, (88,50), (14,71))
(8, (17,57), (67,23))
(9, (36,94), (21,12))
