100
(81, 3)
(82, 3)
(83, 3)
(84, 3)
(85, 3)
(81, 4)
(82, 4)
(83, 4)
(84, 4)
(85, 4)
(71, 5)
(72, 5)
(73, 5)
(74, 5)
(75, 5)
(81, 5)
(82, 5)
(83, 5)
(84, 5)
(85, 5)
(20, 6)
(21, 6)
(22, 6)
(23, 6)
(71, 6)
(72, 6)
(73, 6)
(74, 6)
(75, 6)
(81, 6)
(82, 6)
(83, 6)
(84, 6)
(85, 6)
(20, 7)
(21, 7)
(22, 7)
(23, 7)
(31, 7)
(32, 7)
(33, 7)
(34, 7)
(35, 7)
(71, 7)
(72, 7)
(73, 7)
(74, 7)
(75, 7)
(81, 7)
(82, 7)
(83, 7)
(84, 7)
(85, 7)
(13, 8)
(14, 8)
(15, 8)
(16, 8)
(17, 8)
(20, 8)
(21, 8)
(22, 8)
(23, 8)
(31, 8)
(32, 8)
(33, 8)
(34, 8)
(35, 8)
(71, 8)
(72, 8)
(73, 8)
(74, 8)
(75, 8)
(13, 9)
(14, 9)
(15, 9)
(16, 9)
(17, 9)
(31, 9)
(32, 9)
(33, 9)
(34, 9)
(35, 9)
(39, 9)
(40, 9)
(41, 9)
(42, 9)
(85, 9)
(86, 9)
(87, 9)
(88, 9)
(13, 10)
(14, 10)
(15, 10)
(16, 10)
(17, 10)
(31, 10)
(32, 10)
(33, 10)
(34, 10)
(35, 10)
(39, 10)
(40, 10)
(41, 10)
(42, 10)
(85, 10)
(86, 10)
(87, 10)
(88, 10)
(13, 11)
(14, 11)
(15, 11)
(16, 11)
(17, 11)
(31, 11)
(32, 11)
(33, 11)
(34, 11)
(35, 11)
(39, 11)
(40, 11)
(41, 11)
(42, 11)
(70, 11)
(71, 11)
(72, 11)
(73, 11)
(85, 11)
(86, 11)
(87, 11)
(88, 11)
(70, 12)
(71, 12)
(72, 12)
(73, 12)
(85, 12)
(86, 12)
(87, 12)
(88, 12)
(53, 13)
(54, 13)
(55, 13)
(56, 13)
(57, 13)
(70, 13)
(71, 13)
(72, 13)
(73, 13)
(92, 13)
(93, 13)
(94, 13)
(53, 14)
(54, 14)
(55, 14)
(56, 14)
(57, 14)
(70, 14)
(71, 14)
(72, 14)
(73, 14)
(92, 14)
(93, 14)
(94, 14)
(53, 15)
(54, 15)
(55, 15)
(56, 15)
(57, 15)
(70, 15)
(71, 15)
(72, 15)
(73, 15)
(92, 15)
(93, 15)
(94, 15)
(92, 16)
(93, 16)
(94, 16)
(92, 17)
(93, 17)
(94, 17)
(59, 18)
(60, 18)
(61, 18)
(62, 18)
(63, 18)
(59, 19)
(60, 19)
(61, 19)
(62, 19)
(63, 19)
(59, 20)
(60, 20)
(61, 20)
(62, 20)
(63, 20)
(72, 20)
(73, 20)
(74, 20)
(59, 21)
(60, 21)
(61, 21)
(62, 21)
(63, 21)
(72, 21)
(73, 21)
(74, 21)
(97, 21)
(98, 21)
(99, 21)
(59, 22)
(60, 22)
(61, 22)
(62, 22)
(63, 22)
(72, 22)
(73, 22)
(74, 22)
(80, 22)
(81, 22)
(82, 22)
(83, 22)
(97, 22)
(98, 22)
(99, 22)
(72, 23)
(73, 23)
(74, 23)
(80, 23)
(81, 23)
(82, 23)
(83, 23)
(97, 23)
(98, 23)
(99, 23)
(72, 24)
(73, 24)
(74, 24)
(80, 24)
(81, 24)
(82, 24)
(83, 24)
(80, 25)
(81, 25)
(82, 25)
(83, 25)
(80, 26)
(81, 26)
(82, 26)
(83, 26)
(15, 27)
(16, 27)
(17, 27)
(18, 27)
(15, 28)
(16, 28)
(17, 28)
(18, 28)
(51, 28)
(52, 28)
(53, 28)
(90, 28)
(91, 28)
(92, 28)
(93, 28)
(94, 28)
(15, 29)
(16, 29)
(17, 29)
(18, 29)
(51, 29)
(52, 29)
(53, 29)
(90, 29)
(91, 29)
(92, 29)
(93, 29)
(94, 29)
(51, 30)
(52, 30)
(53, 30)
(90, 30)
(91, 30)
(92, 30)
(93, 30)
(94, 30)
(42, 31)
(43, 31)
(44, 31)
(45, 31)
(46, 31)
(51, 31)
(52, 31)
(53, 31)
(90, 31)
(91, 31)
(92, 31)
(93, 31)
(94, 31)
(42, 32)
(43, 32)
(44, 32)
(45, 32)
(46, 32)
(51, 32)
(52, 32)
(53, 32)
(62, 32)
(63, 32)
(64, 32)
(65, 32)
(66, 32)
(42, 33)
(43, 33)
(44, 33)
(45, 33)
(46, 33)
(62, 33)
(63, 33)
(64, 33)
(65, 33)
(66, 33)
(42, 34)
(43, 34)
(44, 34)
(45, 34)
(46, 34)
(62, 34)
(63, 34)
(64, 34)
(65, 34)
(66, 34)
(69, 34)
(70, 34)
(71, 34)
(72, 34)
(73, 34)
(41, 35)
(42, 35)
(43, 35)
(62, 35)
(63, 35)
(64, 35)
(65, 35)
(66, 35)
(69, 35)
(70, 35)
(71, 35)
(72, 35)
(73, 35)
(91, 35)
(92, 35)
(93, 35)
(12, 36)
(13, 36)
(14, 36)
(15, 36)
(16, 36)
(41, 36)
(42, 36)
(43, 36)
(69, 36)
(70, 36)
(71, 36)
(72, 36)
(73, 36)
(91, 36)
(92, 36)
(93, 36)
(12, 37)
(13, 37)
(14, 37)
(15, 37)
(16, 37)
(41, 37)
(42, 37)
(43, 37)
(48, 37)
(49, 37)
(50, 37)
(51, 37)
(69, 37)
(70, 37)
(71, 37)
(72, 37)
(73, 37)
(87, 37)
(88, 37)
(89, 37)
(90, 37)
(91, 37)
(92, 37)
(93, 37)
(12, 38)
(13, 38)
(14, 38)
(15, 38)
(16, 38)
(41, 38)
(42, 38)
(43, 38)
(48, 38)
(49, 38)
(50, 38)
(51, 38)
(69, 38)
(70, 38)
(71, 38)
(72, 38)
(73, 38)
(87, 38)
(88, 38)
(89, 38)
(90, 38)
(91, 38)
(92, 38)
(93, 38)
(12, 39)
(13, 39)
(14, 39)
(15, 39)
(16, 39)
(41, 39)
(42, 39)
(43, 39)
(48, 39)
(49, 39)
(50, 39)
(51, 39)
(64, 39)
(65, 39)
(66, 39)
(87, 39)
(88, 39)
(89, 39)
(90, 39)
(48, 40)
(49, 40)
(50, 40)
(51, 40)
(64, 40)
(65, 40)
(66, 40)
(2, 41)
(3, 41)
(4, 41)
(5, 41)
(6, 41)
(48, 41)
(49, 41)
(50, 41)
(51, 41)
(64, 41)
(65, 41)
(66, 41)
(2, 42)
(3, 42)
(4, 42)
(5, 42)
(6, 42)
(61, 42)
(62, 42)
(63, 42)
(64, 42)
(65, 42)
(66, 42)
(2, 43)
(3, 43)
(4, 43)
(5, 43)
(6, 43)
(61, 43)
(62, 43)
(63, 43)
(64, 43)
(65, 43)
(66, 43)
(68, 43)
(69, 43)
(70, 43)
(71, 43)
(2, 44)
(3, 44)
(4, 44)
(5, 44)
(6, 44)
(30, 44)
(31, 44)
(32, 44)
(33, 44)
(61, 44)
(62, 44)
(63, 44)
(68, 44)
(69, 44)
(70, 44)
(71, 44)
(30, 45)
(31, 45)
(32, 45)
(33, 45)
(55, 45)
(56, 45)
(57, 45)
(58, 45)
(59, 45)
(61, 45)
(62, 45)
(63, 45)
(68, 45)
(69, 45)
(70, 45)
(71, 45)
(30, 46)
(31, 46)
(32, 46)
(33, 46)
(55, 46)
(56, 46)
(57, 46)
(58, 46)
(59, 46)
(68, 46)
(69, 46)
(70, 46)
(71, 46)
(55, 47)
(56, 47)
(57, 47)
(58, 47)
(59, 47)
(82, 47)
(83, 47)
(84, 47)
(85, 47)
(86, 47)
(95, 47)
(96, 47)
(97, 47)
(37, 48)
(38, 48)
(39, 48)
(40, 48)
(55, 48)
(56, 48)
(57, 48)
(58, 48)
(59, 48)
(82, 48)
(83, 48)
(84, 48)
(85, 48)
(86, 48)
(95, 48)
(96, 48)
(97, 48)
(37, 49)
(38, 49)
(39, 49)
(40, 49)
(55, 49)
(56, 49)
(57, 49)
(58, 49)
(59, 49)
(82, 49)
(83, 49)
(84, 49)
(85, 49)
(86, 49)
(95, 49)
(96, 49)
(97, 49)
(37, 50)
(38, 50)
(39, 50)
(40, 50)
(82, 50)
(83, 50)
(84, 50)
(85, 50)
(86, 50)
(37, 51)
(38, 51)
(39, 51)
(40, 51)
(82, 51)
(83, 51)
(84, 51)
(85, 51)
(86, 51)
(37, 52)
(38, 52)
(39, 52)
(40, 52)
(0, 53)
(1, 53)
(2, 53)
(3, 53)
(0, 54)
(1, 54)
(2, 54)
(3, 54)
(0, 55)
(1, 55)
(2, 55)
(3, 55)
(7, 55)
(8, 55)
(9, 55)
(39, 55)
(40, 55)
(41, 55)
(0, 56)
(1, 56)
(2, 56)
(3, 56)
(7, 56)
(8, 56)
(9, 56)
(39, 56)
(40, 56)
(41, 56)
(79, 56)
(80, 56)
(81, 56)
(0, 57)
(1, 57)
(2, 57)
(3, 57)
(7, 57)
(8, 57)
(9, 57)
(39, 57)
(40, 57)
(41, 57)
(79, 57)
(80, 57)
(81, 57)
(39, 58)
(40, 58)
(41, 58)
(73, 58)
(74, 58)
(75, 58)
(76, 58)
(77, 58)
(79, 58)
(80, 58)
(81, 58)
(39, 59)
(40, 59)
(41, 59)
(73, 59)
(74, 59)
(75, 59)
(76, 59)
(77, 59)
(73, 60)
(74, 60)
(75, 60)
(76, 60)
(77, 60)
(9, 61)
(10, 61)
(11, 61)
(12, 61)
(13, 61)
(9, 62)
(10, 62)
(11, 62)
(12, 62)
(13, 62)
(9, 63)
(10, 63)
(11, 63)
(12, 63)
(13, 63)
(9, 64)
(10, 64)
(11, 64)
(12, 64)
(13, 64)
(9, 65)
(10, 65)
(11, 65)
(12, 65)
(13, 65)
(22, 65)
(23, 65)
(24, 65)
(25, 65)
(22, 66)
(23, 66)
(24, 66)
(25, 66)
(22, 67)
(23, 67)
(24, 67)
(25, 67)
(22, 68)
(23, 68)
(24, 68)
(25, 68)
(22, 69)
(23, 69)
(24, 69)
(25, 69)
(10, 70)
(11, 70)
(12, 70)
(13, 70)
(10, 71)
(11, 71)
(12, 71)
(13, 71)
(10, 72)
(11, 72)
(12, 72)
(13, 72)
(10, 73)
(11, 73)
(12, 73)
(13, 73)
(21, 73)
(22, 73)
(23, 73)
(24, 73)
(54, 73)
(55, 73)
(56, 73)
(57, 73)
(10, 74)
(11, 74)
(12, 74)
(13, 74)
(16, 74)
(17, 74)
(18, 74)
(21, 74)
(22, 74)
(23, 74)
(24, 74)
(54, 74)
(55, 74)
(56, 74)
(57, 74)
(16, 75)
(17, 75)
(18, 75)
(21, 75)
(22, 75)
(23, 75)
(24, 75)
(54, 75)
(55, 75)
(56, 75)
(57, 75)
(16, 76)
(17, 76)
(18, 76)
(21, 76)
(22, 76)
(23, 76)
(24, 76)
(54, 76)
(55, 76)
(56, 76)
(57, 76)
(16, 77)
(17, 77)
(18, 77)
(54, 77)
(55, 77)
(56, 77)
(57, 77)
(16, 78)
(17, 78)
(18, 78)
(32, 80)
(33, 80)
(34, 80)
(35, 80)
(36, 80)
(10, 81)
(11, 81)
(12, 81)
(19, 81)
(20, 81)
(21, 81)
(22, 81)
(32, 81)
(33, 81)
(34, 81)
(35, 81)
(36, 81)
(10, 82)
(11, 82)
(12, 82)
(19, 82)
(20, 82)
(21, 82)
(22, 82)
(32, 82)
(33, 82)
(34, 82)
(35, 82)
(36, 82)
(53, 82)
(54, 82)
(55, 82)
(56, 82)
(10, 83)
(11, 83)
(12, 83)
(19, 83)
(20, 83)
(21, 83)
(22, 83)
(53, 83)
(54, 83)
(55, 83)
(56, 83)
(63, 83)
(64, 83)
(65, 83)
(66, 83)
(10, 84)
(11, 84)
(12, 84)
(53, 84)
(54, 84)
(55, 84)
(56, 84)
(63, 84)
(64, 84)
(65, 84)
(66, 84)
(35, 85)
(36, 85)
(37, 85)
(38, 85)
(63, 85)
(64, 85)
(65, 85)
(66, 85)
(35, 86)
(36, 86)
(37, 86)
(38, 86)
(63, 86)
(64, 86)
(65, 86)
(66, 86)
(20, 87)
(21, 87)
(22, 87)
(23, 87)
(35, 87)
(36, 87)
(37, 87)
(38, 87)
(51, 87)
(52, 87)
(53, 87)
(54, 87)
(63, 87)
(64, 87)
(65, 87)
(66, 87)
(20, 88)
(21, 88)
(22, 88)
(23, 88)
(29, 88)
(30, 88)
(31, 88)
(32, 88)
(51, 88)
(52, 88)
(53, 88)
(54, 88)
(20, 89)
(21, 89)
(22, 89)
(23, 89)
(29, 89)
(30, 89)
(31, 89)
(32, 89)
(51, 89)
(52, 89)
(53, 89)
(54, 89)
(20, 90)
(21, 90)
(22, 90)
(23, 90)
(29, 90)
(30, 90)
(31, 90)
(32, 90)
(51, 90)
(52, 90)
(53, 90)
(54, 90)
(29, 91)
(30, 91)
(31, 91)
(32, 91)
(51, 91)
(52, 91)
(53, 91)
(54, 91)
(70, 91)
(71, 91)
(72, 91)
(73, 91)
(29, 92)
(30, 92)
(31, 92)
(32, 92)
(70, 92)
(71, 92)
(72, 92)
(73, 92)
(70, 93)
(71, 93)
(72, 93)
(73, 93)
(79, 93)
(80, 93)
(81, 93)
(82, 93)
(83, 93)
(10, 94)
(11, 94)
(12, 94)
(24, 94)
(25, 94)
(26, 94)
(79, 94)
(80, 94)
(81, 94)
(82, 94)
(83, 94)
(10, 95)
(11, 95)
(12, 95)
(17, 95)
(18, 95)
(19, 95)
(20, 95)
(21, 95)
(24, 95)
(25, 95)
(26, 95)
(48, 95)
(49, 95)
(50, 95)
(51, 95)
(79, 95)
(80, 95)
(81, 95)
(82, 95)
(83, 95)
(10, 96)
(11, 96)
(12, 96)
(17, 96)
(18, 96)
(19, 96)
(20, 96)
(21, 96)
(24, 96)
(25, 96)
(26, 96)
(48, 96)
(49, 96)
(50, 96)
(51, 96)
(10, 97)
(11, 97)
(12, 97)
(17, 97)
(18, 97)
(19, 97)
(20, 97)
(21, 97)
(48, 97)
(49, 97)
(50, 97)
(51, 97)
(10, 98)
(11, 98)
(12, 98)
(48, 98)
(49, 98)
(50, 98)
(51, 98)
(48, 99)
(49, 99)
(50, 99)
(51, 99)
-
(0, 4, 1.0, -1, 0.5)
(1, 1, 1.0, -1, 0.5)
(2, 5, 1.0, -1, 0.5)
(3, 2, 1.0, -1, 0.5)
(4, 2, 1.0, -1, 0.5)
(5, 1, 1.0, -1, 0.5)
(6, 3, 1.0, -1, 0.5)
(7, 4, 1.0, -1, 0.5)
(8, 5, 1.0, -1, 0.5)
(9, 3, 1.0, -1, 0.5)
-
(0, (32,56), (85,16))
(1, (36,15), (77,52))
(2, (92,80), (12,56))
(3, (61,89), (53,41))
(4, (24,15), (67,96))
(5, (76,54), (71,83))
(6, (80,42), (14,12))
(7, (7,33), (49,64))
(8, (23,79), (27,14))
(9, (29,94), (20,36))
