100
(76, 18)
(77, 18)
(78, 18)
(79, 18)
(80, 18)
(76, 19)
(77, 19)
(78, 19)
(79, 19)
(80, 19)
(76, 20)
(77, 20)
(78, 20)
(79, 20)
(80, 20)
(76, 21)
(77, 21)
(78, 21)
(79, 21)
(80, 21)
(64, 31)
(65, 31)
(66, 31)
(67, 31)
(68, 31)
(64, 32)
(65, 32)
(66, 32)
(67, 32)
(68, 32)
(64, 33)
(65, 33)
(66, 33)
(67, 33)
(68, 33)
(64, 34)
(65, 34)
(66, 34)
(67, 34)
(68, 34)
(64, 35)
(65, 35)
(66, 35)
(67, 35)
(68, 35)
(71, 38)
(72, 38)
(73, 38)
(74, 38)
(71, 39)
(72, 39)
(73, 39)
(74, 39)
(71, 40)
(72, 40)
(73, 40)
(74, 40)
(75, 40)
(76, 40)
(77, 40)
(71, 41)
(72, 41)
(73, 41)
(74, 41)
(75, 41)
(76, 41)
(77, 41)
(71, 42)
(72, 42)
(73, 42)
(74, 42)
(75, 42)
(76, 42)
(77, 42)
(44, 47)
(45, 47)
(46, 47)
(44, 48)
(45, 48)
(46, 48)
(44, 49)
(45, 49)
(46, 49)
-
(0, 1, 1.0, -1, 0.5)
(1, 2, 1.0, -1, 0.5)
(2, 3, 1.0, -1, 0.5)
(3, 5, 1.0, -1, 0.5)
(4, 4, 1.0, -1, 0.5)
(5, 2, 1.0, -1, 0.5)
(6, 4, 1.0, -1, 0.5)
(7, 1, 1.0, -1, 0.5)
(8, 3, 1.0, -1, 0.5)
(9, 5, 1.0, -1, 0.5)
-
(0, (84,61), (17,77))
(1, (45,37), (80,63))
(2, (6,54), (86,93))
(3, (28,93), (94,23))
(4, (42,12), (27,57))
(5, (52,77), (30,4))
(6, (49,72), (17,87))
(7, (18,43), (43,19))
(8, (48,2), (10,1))
(9, (71,28), (47,7))
