100
(28, 0)
(29, 0)
(30, 0)
(31, 0)
(34, 0)
(35, 0)
(36, 0)
(37, 0)
(38, 0)
(28, 1)
(29, 1)
(30, 1)
(31, 1)
(34, 1)
(35, 1)
(36, 1)
(37, 1)
(38, 1)
(61, 1)
(62, 1)
(63, 1)
(64, 1)
(28, 2)
(29, 2)
(30, 2)
(31, 2)
(34, 2)
(35, 2)
(36, 2)
(37, 2)
(38, 2)
(61, 2)
(62, 2)
(63, 2)
(64, 2)
(28, 3)
(29, 3)
(30, 3)
(31, 3)
(61, 3)
(62, 3)
(63, 3)
(64, 3)
(28, 4)
(29, 4)
(30, 4)
(31, 4)
(61, 4)
(62, 4)
(63, 4)
(64, 4)
(80, 4)
(81, 4)
(82, 4)
(7, 5)
(8, 5)
(9, 5)
(61, 5)
(62, 5)
(63, 5)
(64, 5)
(80, 5)
(81, 5)
(82, 5)
(7, 6)
(8, 6)
(9, 6)
(80, 6)
(81, 6)
(82, 6)
(7, 7)
(8, 7)
(9, 7)
(19, 7)
(20, 7)
(21, 7)
(80, 7)
(81, 7)
(82, 7)
(19, 8)
(20, 8)
(21, 8)
(96, 8)
(97, 8)
(98, 8)
(99, 8)
(19, 9)
(20, 9)
(21, 9)
(96, 9)
(97, 9)
(98, 9)
(99, 9)
(54, 10)
(55, 10)
(56, 10)
(96, 10)
(97, 10)
(98, 10)
(99, 10)
(54, 11)
(55, 11)
(56, 11)
(72, 11)
(73, 11)
(74, 11)
(75, 11)
(54, 12)
(55, 12)
(56, 12)
(58, 12)
(59, 12)
(60, 12)
(72, 12)
(73, 12)
(74, 12)
(75, 12)
(28, 13)
(29, 13)
(30, 13)
(31, 13)
(54, 13)
(55, 13)
(56, 13)
(58, 13)
(59, 13)
(60, 13)
(72, 13)
(73, 13)
(74, 13)
(75, 13)
(28, 14)
(29, 14)
(30, 14)
(31, 14)
(58, 14)
(59, 14)
(60, 14)
(28, 15)
(29, 15)
(30, 15)
(31, 15)
(58, 15)
(59, 15)
(60, 15)
(89, 15)
(90, 15)
(91, 15)
(89, 16)
(90, 16)
(91, 16)
(18, 17)
(19, 17)
(20, 17)
(89, 17)
(90, 17)
(91, 17)
(18, 18)
(19, 18)
(20, 18)
(26, 18)
(27, 18)
(28, 18)
(29, 18)
(89, 18)
(90, 18)
(91, 18)
(18, 19)
(19, 19)
(20, 19)
(26, 19)
(27, 19)
(28, 19)
(29, 19)
(46, 19)
(47, 19)
(48, 19)
(49, 19)
(50, 19)
(18, 20)
(19, 20)
(20, 20)
(26, 20)
(27, 20)
(28, 20)
(29, 20)
(46, 20)
(47, 20)
(48, 20)
(49, 20)
(50, 20)
(66, 20)
(67, 20)
(68, 20)
(69, 20)
(70, 20)
(4, 21)
(5, 21)
(6, 21)
(7, 21)
(26, 21)
(27, 21)
(28, 21)
(29, 21)
(46, 21)
(47, 21)
(48, 21)
(49, 21)
(50, 21)
(66, 21)
(67, 21)
(68, 21)
(69, 21)
(70, 21)
(4, 22)
(5, 22)
(6, 22)
(7, 22)
(46, 22)
(47, 22)
(48, 22)
(49, 22)
(50, 22)
(66, 22)
(67, 22)
(68, 22)
(69, 22)
(70, 22)
(75, 22)
(76, 22)
(77, 22)
(78, 22)
(79, 22)
(4, 23)
(5, 23)
(6, 23)
(7, 23)
(75, 23)
(76, 23)
(77, 23)
(78, 23)
(79, 23)
(4, 24)
(5, 24)
(6, 24)
(7, 24)
(75, 24)
(76, 24)
(77, 24)
(78, 24)
(79, 24)
(1, 25)
(2, 25)
(3, 25)
(75, 25)
(76, 25)
(77, 25)
(78, 25)
(79, 25)
(1, 26)
(2, 26)
(3, 26)
(43, 26)
(44, 26)
(45, 26)
(1, 27)
(2, 27)
(3, 27)
(43, 27)
(44, 27)
(45, 27)
(8, 28)
(9, 28)
(10, 28)
(43, 28)
(44, 28)
(45, 28)
(75, 28)
(76, 28)
(77, 28)
(78, 28)
(8, 29)
(9, 29)
(10, 29)
(75, 29)
(76, 29)
(77, 29)
(78, 29)
(1, 30)
(2, 30)
(3, 30)
(8, 30)
(9, 30)
(10, 30)
(75, 30)
(76, 30)
(77, 30)
(78, 30)
(1, 31)
(2, 31)
(3, 31)
(8, 31)
(9, 31)
(10, 31)
(70, 31)
(71, 31)
(72, 31)
(73, 31)
(74, 31)
(75, 31)
(76, 31)
(77, 31)
(78, 31)
(1, 32)
(2, 32)
(3, 32)
(8, 32)
(9, 32)
(10, 32)
(70, 32)
(71, 32)
(72, 32)
(73, 32)
(74, 32)
(75, 32)
(76, 32)
(77, 32)
(78, 32)
(1, 33)
(2, 33)
(3, 33)
(70, 33)
(71, 33)
(72, 33)
(73, 33)
(74, 33)
(75, 33)
(76, 33)
(77, 33)
(78, 33)
(92, 33)
(93, 33)
(94, 33)
(95, 33)
(96, 33)
(1, 34)
(2, 34)
(3, 34)
(10, 34)
(11, 34)
(12, 34)
(43, 34)
(44, 34)
(45, 34)
(70, 34)
(71, 34)
(72, 34)
(73, 34)
(92, 34)
(93, 34)
(94, 34)
(95, 34)
(96, 34)
(10, 35)
(11, 35)
(12, 35)
(43, 35)
(44, 35)
(45, 35)
(92, 35)
(93, 35)
(94, 35)
(95, 35)
(96, 35)
(10, 36)
(11, 36)
(12, 36)
(43, 36)
(44, 36)
(45, 36)
(92, 36)
(93, 36)
(94, 36)
(95, 36)
(40, 37)
(41, 37)
(42, 37)
(43, 37)
(44, 37)
(45, 37)
(92, 37)
(93, 37)
(94, 37)
(95, 37)
(40, 38)
(41, 38)
(42, 38)
(43, 38)
(44, 38)
(45, 38)
(92, 38)
(93, 38)
(94, 38)
(95, 38)
(40, 39)
(41, 39)
(42, 39)
(45, 39)
(46, 39)
(47, 39)
(48, 39)
(92, 39)
(93, 39)
(94, 39)
(95, 39)
(40, 40)
(41, 40)
(42, 40)
(45, 40)
(46, 40)
(47, 40)
(48, 40)
(40, 41)
(41, 41)
(42, 41)
(45, 41)
(46, 41)
(47, 41)
(48, 41)
(88, 41)
(89, 41)
(90, 41)
(91, 41)
(45, 42)
(46, 42)
(47, 42)
(48, 42)
(88, 42)
(89, 42)
(90, 42)
(91, 42)
(45, 43)
(46, 43)
(47, 43)
(48, 43)
(49, 43)
(50, 43)
(51, 43)
(52, 43)
(53, 43)
(88, 43)
(89, 43)
(90, 43)
(91, 43)
(49, 44)
(50, 44)
(51, 44)
(52, 44)
(53, 44)
(88, 44)
(89, 44)
(90, 44)
(91, 44)
(49, 45)
(50, 45)
(51, 45)
(52, 45)
(53, 45)
(49, 46)
(50, 46)
(51, 46)
(52, 46)
(53, 46)
(27, 47)
(28, 47)
(29, 47)
(30, 47)
(49, 47)
(50, 47)
(51, 47)
(52, 47)
(53, 47)
(27, 48)
(28, 48)
(29, 48)
(30, 48)
(52, 48)
(53, 48)
(54, 48)
(55, 48)
(27, 49)
(28, 49)
(29, 49)
(30, 49)
(42, 49)
(43, 49)
(44, 49)
(45, 49)
(46, 49)
(52, 49)
(53, 49)
(54, 49)
(55, 49)
(79, 49)
(80, 49)
(81, 49)
(82, 49)
(83, 49)
(42, 50)
(43, 50)
(44, 50)
(45, 50)
(46, 50)
(52, 50)
(53, 50)
(54, 50)
(55, 50)
(79, 50)
(80, 50)
(81, 50)
(82, 50)
(83, 50)
(91, 50)
(92, 50)
(93, 50)
(42, 51)
(43, 51)
(44, 51)
(45, 51)
(46, 51)
(52, 51)
(53, 51)
(54, 51)
(55, 51)
(79, 51)
(80, 51)
(81, 51)
(82, 51)
(83, 51)
(91, 51)
(92, 51)
(93, 51)
(45, 52)
(46, 52)
(47, 52)
(79, 52)
(80, 52)
(81, 52)
(82, 52)
(83, 52)
(91, 52)
(92, 52)
(93, 52)
(45, 53)
(46, 53)
(47, 53)
(91, 53)
(92, 53)
(93, 53)
(45, 54)
(46, 54)
(47, 54)
(61, 54)
(62, 54)
(63, 54)
(91, 54)
(92, 54)
(93, 54)
(10, 55)
(11, 55)
(12, 55)
(13, 55)
(14, 55)
(45, 55)
(46, 55)
(47, 55)
(61, 55)
(62, 55)
(63, 55)
(10, 56)
(11, 56)
(12, 56)
(13, 56)
(14, 56)
(16, 56)
(17, 56)
(18, 56)
(45, 56)
(46, 56)
(47, 56)
(61, 56)
(62, 56)
(63, 56)
(72, 56)
(73, 56)
(74, 56)
(10, 57)
(11, 57)
(12, 57)
(13, 57)
(14, 57)
(16, 57)
(17, 57)
(18, 57)
(40, 57)
(41, 57)
(42, 57)
(43, 57)
(61, 57)
(62, 57)
(63, 57)
(72, 57)
(73, 57)
(74, 57)
(10, 58)
(11, 58)
(12, 58)
(13, 58)
(14, 58)
(16, 58)
(17, 58)
(18, 58)
(20, 58)
(21, 58)
(22, 58)
(23, 58)
(24, 58)
(40, 58)
(41, 58)
(42, 58)
(43, 58)
(72, 58)
(73, 58)
(74, 58)
(10, 59)
(11, 59)
(12, 59)
(13, 59)
(14, 59)
(16, 59)
(17, 59)
(18, 59)
(20, 59)
(21, 59)
(22, 59)
(23, 59)
(24, 59)
(40, 59)
(41, 59)
(42, 59)
(43, 59)
(7, 60)
(8, 60)
(9, 60)
(12, 60)
(13, 60)
(14, 60)
(15, 60)
(16, 60)
(17, 60)
(18, 60)
(20, 60)
(21, 60)
(22, 60)
(23, 60)
(24, 60)
(40, 60)
(41, 60)
(42, 60)
(43, 60)
(7, 61)
(8, 61)
(9, 61)
(12, 61)
(13, 61)
(14, 61)
(15, 61)
(41, 61)
(42, 61)
(43, 61)
(7, 62)
(8, 62)
(9, 62)
(12, 62)
(13, 62)
(14, 62)
(15, 62)
(41, 62)
(42, 62)
(43, 62)
(83, 62)
(84, 62)
(85, 62)
(86, 62)
(87, 62)
(12, 63)
(13, 63)
(14, 63)
(15, 63)
(32, 63)
(33, 63)
(34, 63)
(35, 63)
(36, 63)
(41, 63)
(42, 63)
(43, 63)
(83, 63)
(84, 63)
(85, 63)
(86, 63)
(87, 63)
(32, 64)
(33, 64)
(34, 64)
(35, 64)
(36, 64)
(41, 64)
(42, 64)
(43, 64)
(83, 64)
(84, 64)
(85, 64)
(86, 64)
(87, 64)
(89, 64)
(90, 64)
(91, 64)
(92, 64)
(93, 64)
(20, 65)
(21, 65)
(22, 65)
(32, 65)
(33, 65)
(34, 65)
(35, 65)
(36, 65)
(60, 65)
(61, 65)
(62, 65)
(63, 65)
(89, 65)
(90, 65)
(91, 65)
(92, 65)
(93, 65)
(9, 66)
(10, 66)
(11, 66)
(12, 66)
(13, 66)
(14, 66)
(15, 66)
(20, 66)
(21, 66)
(22, 66)
(60, 66)
(61, 66)
(62, 66)
(63, 66)
(89, 66)
(90, 66)
(91, 66)
(92, 66)
(93, 66)
(9, 67)
(10, 67)
(11, 67)
(12, 67)
(13, 67)
(14, 67)
(15, 67)
(20, 67)
(21, 67)
(22, 67)
(44, 67)
(45, 67)
(46, 67)
(60, 67)
(61, 67)
(62, 67)
(63, 67)
(84, 67)
(85, 67)
(86, 67)
(87, 67)
(89, 67)
(90, 67)
(91, 67)
(92, 67)
(93, 67)
(9, 68)
(10, 68)
(11, 68)
(12, 68)
(13, 68)
(14, 68)
(15, 68)
(32, 68)
(33, 68)
(34, 68)
(35, 68)
(36, 68)
(44, 68)
(45, 68)
(46, 68)
(77, 68)
(78, 68)
(79, 68)
(84, 68)
(85, 68)
(86, 68)
(87, 68)
(32, 69)
(33, 69)
(34, 69)
(35, 69)
(36, 69)
(44, 69)
(45, 69)
(46, 69)
(77, 69)
(78, 69)
(79, 69)
(84, 69)
(85, 69)
(86, 69)
(87, 69)
(32, 70)
(33, 70)
(34, 70)
(35, 70)
(36, 70)
(44, 70)
(45, 70)
(46, 70)
(50, 70)
(51, 70)
(52, 70)
(53, 70)
(77, 70)
(78, 70)
(79, 70)
(84, 70)
(85, 70)
(86, 70)
(87, 70)
(32, 71)
(33, 71)
(34, 71)
(35, 71)
(36, 71)
(44, 71)
(45, 71)
(46, 71)
(50, 71)
(51, 71)
(52, 71)
(53, 71)
(84, 71)
(85, 71)
(86, 71)
(87, 71)
(50, 72)
(51, 72)
(52, 72)
(53, 72)
(9, 73)
(10, 73)
(11, 73)
(12, 73)
(13, 73)
(29, 73)
(30, 73)
(31, 73)
(32, 73)
(33, 73)
(9, 74)
(10, 74)
(11, 74)
(12, 74)
(13, 74)
(29, 74)
(30, 74)
(31, 74)
(32, 74)
(33, 74)
(74, 74)
(75, 74)
(76, 74)
(77, 74)
(0, 75)
(1, 75)
(2, 75)
(3, 75)
(5, 75)
(6, 75)
(7, 75)
(8, 75)
(9, 75)
(10, 75)
(11, 75)
(12, 75)
(13, 75)
(29, 75)
(30, 75)
(31, 75)
(32, 75)
(33, 75)
(74, 75)
(75, 75)
(76, 75)
(77, 75)
(0, 76)
(1, 76)
(2, 76)
(3, 76)
(5, 76)
(6, 76)
(7, 76)
(8, 76)
(29, 76)
(30, 76)
(31, 76)
(32, 76)
(33, 76)
(35, 76)
(36, 76)
(37, 76)
(38, 76)
(74, 76)
(75, 76)
(76, 76)
(77, 76)
(0, 77)
(1, 77)
(2, 77)
(3, 77)
(5, 77)
(6, 77)
(7, 77)
(8, 77)
(35, 77)
(36, 77)
(37, 77)
(38, 77)
(74, 77)
(75, 77)
(76, 77)
(77, 77)
(0, 78)
(1, 78)
(2, 78)
(3, 78)
(35, 78)
(36, 78)
(37, 78)
(38, 78)
(16, 79)
(17, 79)
(18, 79)
(19, 79)
(20, 79)
(35, 79)
(36, 79)
(37, 79)
(38, 79)
(62, 79)
(63, 79)
(64, 79)
(16, 80)
(17, 80)
(18, 80)
(19, 80)
(20, 80)
(26, 80)
(27, 80)
(28, 80)
(29, 80)
(52, 80)
(53, 80)
(54, 80)
(55, 80)
(62, 80)
(63, 80)
(64, 80)
(71, 80)
(72, 80)
(73, 80)
(74, 80)
(16, 81)
(17, 81)
(18, 81)
(19, 81)
(20, 81)
(26, 81)
(27, 81)
(28, 81)
(29, 81)
(37, 81)
(38, 81)
(39, 81)
(40, 81)
(52, 81)
(53, 81)
(54, 81)
(55, 81)
(56, 81)
(57, 81)
(58, 81)
(62, 81)
(63, 81)
(64, 81)
(71, 81)
(72, 81)
(73, 81)
(74, 81)
(26, 82)
(27, 82)
(28, 82)
(29, 82)
(37, 82)
(38, 82)
(39, 82)
(40, 82)
(52, 82)
(53, 82)
(54, 82)
(55, 82)
(56, 82)
(57, 82)
(58, 82)
(62, 82)
(63, 82)
(64, 82)
(71, 82)
(72, 82)
(73, 82)
(74, 82)
(4, 83)
(5, 83)
(6, 83)
(37, 83)
(38, 83)
(39, 83)
(40, 83)
(56, 83)
(57, 83)
(58, 83)
(62, 83)
(63, 83)
(64, 83)
(65, 83)
(66, 83)
(67, 83)
(68, 83)
(71, 83)
(72, 83)
(73, 83)
(74, 83)
(4, 84)
(5, 84)
(6, 84)
(37, 84)
(38, 84)
(39, 84)
(40, 84)
(56, 84)
(57, 84)
(58, 84)
(65, 84)
(66, 84)
(67, 84)
(68, 84)
(71, 84)
(72, 84)
(73, 84)
(74, 84)
(4, 85)
(5, 85)
(6, 85)
(30, 85)
(31, 85)
(32, 85)
(33, 85)
(37, 85)
(38, 85)
(39, 85)
(40, 85)
(65, 85)
(66, 85)
(67, 85)
(68, 85)
(4, 86)
(5, 86)
(6, 86)
(30, 86)
(31, 86)
(32, 86)
(33, 86)
(65, 86)
(66, 86)
(67, 86)
(68, 86)
(4, 87)
(5, 87)
(6, 87)
(30, 87)
(31, 87)
(32, 87)
(33, 87)
(74, 87)
(75, 87)
(76, 87)
(77, 87)
(78, 87)
(74, 88)
(75, 88)
(76, 88)
(77, 88)
(78, 88)
(74, 89)
(75, 89)
(76, 89)
(77, 89)
(78, 89)
(21, 90)
(22, 90)
(23, 90)
(24, 90)
(25, 90)
(74, 90)
(75, 90)
(76, 90)
(77, 90)
(78, 90)
(12, 91)
(13, 91)
(14, 91)
(15, 91)
(21, 91)
(22, 91)
(23, 91)
(24, 91)
(25, 91)
(12, 92)
(13, 92)
(14, 92)
(15, 92)
(21, 92)
(22, 92)
(23, 92)
(24, 92)
(25, 92)
(12, 93)
(13, 93)
(14, 93)
(15, 93)
(21, 93)
(22, 93)
(23, 93)
(24, 93)
(25, 93)
(76, 93)
(77, 93)
(78, 93)
(79, 93)
(7, 94)
(8, 94)
(9, 94)
(10, 94)
(12, 94)
(13, 94)
(14, 94)
(15, 94)
(68, 94)
(69, 94)
(70, 94)
(71, 94)
(76, 94)
(77, 94)
(78, 94)
(79, 94)
(7, 95)
(8, 95)
(9, 95)
(10, 95)
(12, 95)
(13, 95)
(14, 95)
(15, 95)
(37, 95)
(38, 95)
(39, 95)
(64, 95)
(65, 95)
(66, 95)
(68, 95)
(69, 95)
(70, 95)
(71, 95)
(76, 95)
(77, 95)
(78, 95)
(79, 95)
(7, 96)
(8, 96)
(9, 96)
(10, 96)
(37, 96)
(38, 96)
(39, 96)
(64, 96)
(65, 96)
(66, 96)
(68, 96)
(69, 96)
(70, 96)
(71, 96)
(87, 96)
(88, 96)
(89, 96)
(7, 97)
(8, 97)
(9, 97)
(10, 97)
(37, 97)
(38, 97)
(39, 97)
(64, 97)
(65, 97)
(66, 97)
(68, 97)
(69, 97)
(70, 97)
(71, 97)
(87, 97)
(88, 97)
(89, 97)
(7, 98)
(8, 98)
(9, 98)
(10, 98)
(87, 98)
(88, 98)
(89, 98)
(87, 99)
(88, 99)
(89, 99)
-
(0, 5, 1.0, -1, 0.5)
(1, 4, 1.0, -1, 0.5)
(2, 1, 1.0, -1, 0.5)
(3, 2, 1.0, -1, 0.5)
(4, 5, 1.0, -1, 0.5)
(5, 1, 1.0, -1, 0.5)
(6, 2, 1.0, -1, 0.5)
(7, 3, 1.0, -1, 0.5)
(8, 4, 1.0, -1, 0.5)
(9, 3, 1.0, -1, 0.5)
-
(0, (11,15), (86,76))
(1, (11,49), (93,23))
(2, (7,92), (57,96))
(3, (82,81), (45,75))
(4, (63,42), (93,85))
(5, (79,75), (49,52))
(6, (26,75), (79,39))
(7, (84,2), (68,44))
(8, (30,41), (28,94))
(9, (21,28), (70,14))
