100
(46, 41)
(47, 41)
(48, 41)
(46, 42)
(47, 42)
(48, 42)
(46, 43)
(47, 43)
(48, 43)
(61, 44)
(62, 44)
(63, 44)
(1, 45)
(2, 45)
(3, 45)
(4, 45)
(61, 45)
(62, 45)
(63, 45)
(1, 46)
(2, 46)
(3, 46)
(4, 46)
(61, 46)
(62, 46)
(63, 46)
(1, 47)
(2, 47)
(3, 47)
(4, 47)
(1, 48)
(2, 48)
(3, 48)
(4, 48)
(15, 49)
(16, 49)
(17, 49)
(18, 49)
(15, 50)
(16, 50)
(17, 50)
(18, 50)
(15, 51)
(16, 51)
(17, 51)
(18, 51)
(15, 52)
(16, 52)
(17, 52)
(18, 52)
(97, 53)
(98, 53)
(99, 53)
(97, 54)
(98, 54)
(99, 54)
(97, 55)
(98, 55)
(99, 55)
(97, 56)
(98, 56)
(99, 56)
(10, 57)
(11, 57)
(12, 57)
(13, 57)
(10, 58)
(11, 58)
(12, 58)
(13, 58)
(10, 59)
(11, 59)
(12, 59)
(13, 59)
(0, 65)
(1, 65)
(2, 65)
(3, 65)
(0, 66)
(1, 66)
(2, 66)
(3, 66)
(0, 67)
(1, 67)
(2, 67)
(3, 67)
(29, 75)
(30, 75)
(31, 75)
(29, 76)
(30, 76)
(31, 76)
(29, 77)
(30, 77)
(31, 77)
(29, 78)
(30, 78)
(31, 78)
(53, 78)
(54, 78)
(55, 78)
(56, 78)
(57, 78)
(29, 79)
(30, 79)
(31, 79)
(53, 79)
(54, 79)
(55, 79)
(56, 79)
(57, 79)
(53, 80)
(54, 80)
(55, 80)
(56, 80)
(57, 80)
(49, 83)
(50, 83)
(51, 83)
(52, 83)
(49, 84)
(50, 84)
(51, 84)
(52, 84)
(49, 85)
(50, 85)
(51, 85)
(52, 85)
(49, 86)
(50, 86)
(51, 86)
(52, 86)
(49, 87)
(50, 87)
(51, 87)
(52, 87)
-
(0, 2, 1.0, -1, 0.5)
(1, 1, 1.0, -1, 0.5)
(2, 4, 1.0, -1, 0.5)
(3, 3, 1.0, -1, 0.5)
(4, 4, 1.0, -1, 0.5)
(5, 3, 1.0, -1, 0.5)
(6, 1, 1.0, -1, 0.5)
(7, 5, 1.0, -1, 0.5)
(8, 2, 1.0, -1, 0.5)
(9, 5, 1.0, -1, 0.5)
-
(0, (81,93), (4,96))
(1, (70,54), (88,93))
(2, (19,68), (28,4))
(3, (29,30), (69,36))
(4, (53,49), (77,23))
(5, (31,58), (21,94))
(6, (64,18), (25,78))
(7, (8,5), (48,71))
(8, (23,57), (41,9))
(9, (85,17), (83,79))
