100
(61, 35)
(62, 35)
(63, 35)
(61, 36)
(62, 36)
(63, 36)
(5, 37)
(6, 37)
(7, 37)
(8, 37)
(61, 37)
(62, 37)
(63, 37)
(5, 38)
(6, 38)
(7, 38)
(8, 38)
(5, 39)
(6, 39)
(7, 39)
(8, 39)
(5, 40)
(6, 40)
(7, 40)
(8, 40)
(5, 41)
(6, 41)
(7, 41)
(8, 41)
(37, 63)
(38, 63)
(39, 63)
(40, 63)
(41, 63)
(37, 64)
(38, 64)
(39, 64)
(40, 64)
(41, 64)
(37, 65)
(38, 65)
(39, 65)
(40, 65)
(41, 65)
(37, 66)
(38, 66)
(39, 66)
(40, 66)
(41, 66)
(37, 67)
(38, 67)
(39, 67)
(40, 67)
(41, 67)
(7, 77)
(8, 77)
(9, 77)
(7, 78)
(8, 78)
(9, 78)
(7, 79)
(8, 79)
(9, 79)
(7, 80)
(8, 80)
(9, 80)
(89, 87)
(90, 87)
(91, 87)
(92, 87)
(89, 88)
(90, 88)
(91, 88)
(92, 88)
(89, 89)
(90, 89)
(91, 89)
(92, 89)
(89, 90)
(90, 90)
(91, 90)
(92, 90)
-
(0, 4, 1.0, -1, 0.5)
(1, 1, 1.0, -1, 0.5)
(2, 4, 1.0, -1, 0.5)
(3, 3, 1.0, -1, 0.5)
(4, 1, 1.0, -1, 0.5)
(5, 5, 1.0, -1, 0.5)
(6, 3, 1.0, -1, 0.5)
(7, 2, 1.0, -1, 0.5)
(8, 5, 1.0, -1, 0.5)
(9, 2, 1.0, -1, 0.5)
-
(0, (52,3), (56,68))
(1, (56,67), (1,4))
(2, (69,80), (37,89))
(3, (43,50), (35,8))
(4, (93,81), (56,11))
(5, (39,34), (8,62))
(6, (92,2), (53,0))
(7, (46,97), (72,62))
(8, (66,17), (29,62))
(9, (88,69), (8,32))
