100
(28, 1)
(29, 1)
(30, 1)
(31, 1)
(32, 1)
(35, 1)
(36, 1)
(37, 1)
(38, 1)
(28, 2)
(29, 2)
(30, 2)
(31, 2)
(32, 2)
(35, 2)
(36, 2)
(37, 2)
(38, 2)
(28, 3)
(29, 3)
(30, 3)
(31, 3)
(32, 3)
(35, 3)
(36, 3)
(37, 3)
(38, 3)
(35, 4)
(36, 4)
(37, 4)
(38, 4)
(0, 20)
(1, 20)
(2, 20)
(3, 20)
(4, 20)
(0, 21)
(1, 21)
(2, 21)
(3, 21)
(4, 21)
(0, 22)
(1, 22)
(2, 22)
(3, 22)
(4, 22)
(78, 25)
(79, 25)
(80, 25)
(81, 25)
(82, 25)
(78, 26)
(79, 26)
(80, 26)
(81, 26)
(82, 26)
(78, 27)
(79, 27)
(80, 27)
(81, 27)
(82, 27)
(78, 28)
(79, 28)
(80, 28)
(81, 28)
(82, 28)
(78, 29)
(79, 29)
(80, 29)
(81, 29)
(82, 29)
(6, 34)
(7, 34)
(8, 34)
(9, 34)
(10, 34)
(6, 35)
(7, 35)
(8, 35)
(9, 35)
(10, 35)
(6, 36)
(7, 36)
(8, 36)
(9, 36)
(10, 36)
(85, 37)
(86, 37)
(87, 37)
(85, 38)
(86, 38)
(87, 38)
(85, 39)
(86, 39)
(87, 39)
(85, 40)
(86, 40)
(87, 40)
(77, 51)
(78, 51)
(79, 51)
(80, 51)
(77, 52)
(78, 52)
(79, 52)
(80, 52)
(77, 53)
(78, 53)
(79, 53)
(80, 53)
(47, 76)
(48, 76)
(49, 76)
(50, 76)
(47, 77)
(48, 77)
(49, 77)
(50, 77)
(47, 78)
(48, 78)
(49, 78)
(50, 78)
(47, 79)
(48, 79)
(49, 79)
(50, 79)
(52, 86)
(53, 86)
(54, 86)
(55, 86)
(52, 87)
(53, 87)
(54, 87)
(55, 87)
(52, 88)
(53, 88)
(54, 88)
(55, 88)
(33, 89)
(34, 89)
(35, 89)
(36, 89)
(37, 89)
(52, 89)
(53, 89)
(54, 89)
(55, 89)
(33, 90)
(34, 90)
(35, 90)
(36, 90)
(37, 90)
(52, 90)
(53, 90)
(54, 90)
(55, 90)
(33, 91)
(34, 91)
(35, 91)
(36, 91)
(37, 91)
(33, 92)
(34, 92)
(35, 92)
(36, 92)
(37, 92)
-
(0, 5, 1.0, -1, 0.5)
(1, 1, 1.0, -1, 0.5)
(2, 1, 1.0, -1, 0.5)
(3, 2, 1.0, -1, 0.5)
(4, 4, 1.0, -1, 0.5)
(5, 3, 1.0, -1, 0.5)
(6, 2, 1.0, -1, 0.5)
(7, 5, 1.0, -1, 0.5)
(8, 4, 1.0, -1, 0.5)
(9, 3, 1.0, -1, 0.5)
-
(0, (33,84), (65,48))
(1, (21,70), (62,49))
(2, (0,19), (24,47))
(3, (72,54), (42,59))
(4, (16,40), (9,71))
(5, (71,88), (39,16))
(6, (55,56), (8,54))
(7, (37,71), (21,18))
(8, (23,55), (5,78))
(9, (48,69), (68,91))
