100
(80, 0)
(81, 0)
(82, 0)
(83, 0)
(96, 0)
(97, 0)
(98, 0)
(47, 1)
(48, 1)
(49, 1)
(60, 1)
(61, 1)
(62, 1)
(63, 1)
(80, 1)
(81, 1)
(82, 1)
(83, 1)
(96, 1)
(97, 1)
(98, 1)
(35, 2)
(36, 2)
(37, 2)
(38, 2)
(39, 2)
(47, 2)
(48, 2)
(49, 2)
(60, 2)
(61, 2)
(62, 2)
(63, 2)
(80, 2)
(81, 2)
(82, 2)
(83, 2)
(96, 2)
(97, 2)
(98, 2)
(35, 3)
(36, 3)
(37, 3)
(38, 3)
(39, 3)
(47, 3)
(48, 3)
(49, 3)
(51, 3)
(52, 3)
(53, 3)
(54, 3)
(60, 3)
(61, 3)
(62, 3)
(63, 3)
(80, 3)
(81, 3)
(82, 3)
(83, 3)
(22, 4)
(23, 4)
(24, 4)
(25, 4)
(26, 4)
(35, 4)
(36, 4)
(37, 4)
(38, 4)
(39, 4)
(47, 4)
(48, 4)
(49, 4)
(51, 4)
(52, 4)
(53, 4)
(54, 4)
(80, 4)
(81, 4)
(82, 4)
(83, 4)
(22, 5)
(23, 5)
(24, 5)
(25, 5)
(26, 5)
(47, 5)
(48, 5)
(49, 5)
(51, 5)
(52, 5)
(53, 5)
(54, 5)
(22, 6)
(23, 6)
(24, 6)
(25, 6)
(26, 6)
(51, 6)
(52, 6)
(53, 6)
(54, 6)
(22, 7)
(23, 7)
(24, 7)
(25, 7)
(26, 7)
(22, 8)
(23, 8)
(24, 8)
(25, 8)
(26, 8)
(37, 8)
(38, 8)
(39, 8)
(40, 8)
(41, 8)
(61, 8)
(62, 8)
(63, 8)
(64, 8)
(37, 9)
(38, 9)
(39, 9)
(40, 9)
(41, 9)
(61, 9)
(62, 9)
(63, 9)
(64, 9)
(37, 10)
(38, 10)
(39, 10)
(40, 10)
(41, 10)
(50, 10)
(51, 10)
(52, 10)
(53, 10)
(61, 10)
(62, 10)
(63, 10)
(64, 10)
(31, 11)
(32, 11)
(33, 11)
(34, 11)
(50, 11)
(51, 11)
(52, 11)
(53, 11)
(31, 12)
(32, 12)
(33, 12)
(34, 12)
(50, 12)
(51, 12)
(52, 12)
(53, 12)
(16, 13)
(17, 13)
(18, 13)
(19, 13)
(31, 13)
(32, 13)
(33, 13)
(34, 13)
(16, 14)
(17, 14)
(18, 14)
(19, 14)
(31, 14)
(32, 14)
(33, 14)
(34, 14)
(79, 14)
(80, 14)
(81, 14)
(16, 15)
(17, 15)
(18, 15)
(19, 15)
(79, 15)
(80, 15)
(81, 15)
(16, 16)
(17, 16)
(18, 16)
(19, 16)
(79, 16)
(80, 16)
(81, 16)
(88, 16)
(89, 16)
(90, 16)
(91, 16)
(79, 17)
(80, 17)
(81, 17)
(88, 17)
(89, 17)
(90, 17)
(91, 17)
(7, 18)
(8, 18)
(9, 18)
(10, 18)
(79, 18)
(80, 18)
(81, 18)
(88, 18)
(89, 18)
(90, 18)
(91, 18)
(7, 19)
(8, 19)
(9, 19)
(10, 19)
(24, 19)
(25, 19)
(26, 19)
(27, 19)
(28, 19)
(7, 20)
(8, 20)
(9, 20)
(10, 20)
(24, 20)
(25, 20)
(26, 20)
(27, 20)
(28, 20)
(24, 21)
(25, 21)
(26, 21)
(27, 21)
(28, 21)
(24, 22)
(25, 22)
(26, 22)
(27, 22)
(28, 22)
(78, 22)
(79, 22)
(80, 22)
(81, 22)
(24, 23)
(25, 23)
(26, 23)
(27, 23)
(28, 23)
(78, 23)
(79, 23)
(80, 23)
(81, 23)
(89, 23)
(90, 23)
(91, 23)
(92, 23)
(93, 23)
(6, 24)
(7, 24)
(8, 24)
(9, 24)
(78, 24)
(79, 24)
(80, 24)
(81, 24)
(89, 24)
(90, 24)
(91, 24)
(92, 24)
(93, 24)
(6, 25)
(7, 25)
(8, 25)
(9, 25)
(78, 25)
(79, 25)
(80, 25)
(81, 25)
(89, 25)
(90, 25)
(91, 25)
(92, 25)
(93, 25)
(6, 26)
(7, 26)
(8, 26)
(9, 26)
(78, 26)
(79, 26)
(80, 26)
(81, 26)
(89, 26)
(90, 26)
(91, 26)
(92, 26)
(93, 26)
(6, 27)
(7, 27)
(8, 27)
(9, 27)
(89, 27)
(90, 27)
(91, 27)
(92, 27)
(93, 27)
(21, 29)
(22, 29)
(23, 29)
(24, 29)
(75, 29)
(76, 29)
(77, 29)
(21, 30)
(22, 30)
(23, 30)
(24, 30)
(75, 30)
(76, 30)
(77, 30)
(87, 30)
(88, 30)
(89, 30)
(90, 30)
(21, 31)
(22, 31)
(23, 31)
(24, 31)
(75, 31)
(76, 31)
(77, 31)
(87, 31)
(88, 31)
(89, 31)
(90, 31)
(21, 32)
(22, 32)
(23, 32)
(24, 32)
(87, 32)
(88, 32)
(89, 32)
(90, 32)
(21, 33)
(22, 33)
(23, 33)
(24, 33)
(56, 33)
(57, 33)
(58, 33)
(59, 33)
(87, 33)
(88, 33)
(89, 33)
(90, 33)
(56, 34)
(57, 34)
(58, 34)
(59, 34)
(87, 34)
(88, 34)
(89, 34)
(90, 34)
(45, 35)
(46, 35)
(47, 35)
(56, 35)
(57, 35)
(58, 35)
(59, 35)
(45, 36)
(46, 36)
(47, 36)
(56, 36)
(57, 36)
(58, 36)
(59, 36)
(45, 37)
(46, 37)
(47, 37)
(56, 37)
(57, 37)
(58, 37)
(59, 37)
(45, 38)
(46, 38)
(47, 38)
(26, 39)
(27, 39)
(28, 39)
(29, 39)
(66, 39)
(67, 39)
(68, 39)
(69, 39)
(72, 39)
(73, 39)
(74, 39)
(75, 39)
(76, 39)
(15, 40)
(16, 40)
(17, 40)
(18, 40)
(19, 40)
(26, 40)
(27, 40)
(28, 40)
(29, 40)
(55, 40)
(56, 40)
(57, 40)
(58, 40)
(59, 40)
(66, 40)
(67, 40)
(68, 40)
(69, 40)
(72, 40)
(73, 40)
(74, 40)
(75, 40)
(76, 40)
(15, 41)
(16, 41)
(17, 41)
(18, 41)
(19, 41)
(26, 41)
(27, 41)
(28, 41)
(29, 41)
(55, 41)
(56, 41)
(57, 41)
(58, 41)
(59, 41)
(66, 41)
(67, 41)
(68, 41)
(69, 41)
(72, 41)
(73, 41)
(74, 41)
(75, 41)
(76, 41)
(77, 41)
(78, 41)
(79, 41)
(80, 41)
(81, 41)
(15, 42)
(16, 42)
(17, 42)
(18, 42)
(19, 42)
(26, 42)
(27, 42)
(28, 42)
(29, 42)
(55, 42)
(56, 42)
(57, 42)
(58, 42)
(59, 42)
(64, 42)
(65, 42)
(66, 42)
(72, 42)
(73, 42)
(74, 42)
(75, 42)
(76, 42)
(77, 42)
(78, 42)
(79, 42)
(80, 42)
(81, 42)
(15, 43)
(16, 43)
(17, 43)
(18, 43)
(19, 43)
(26, 43)
(27, 43)
(28, 43)
(29, 43)
(55, 43)
(56, 43)
(57, 43)
(58, 43)
(59, 43)
(64, 43)
(65, 43)
(66, 43)
(77, 43)
(78, 43)
(79, 43)
(80, 43)
(81, 43)
(60, 44)
(61, 44)
(62, 44)
(63, 44)
(64, 44)
(65, 44)
(66, 44)
(72, 44)
(73, 44)
(74, 44)
(77, 44)
(78, 44)
(79, 44)
(80, 44)
(81, 44)
(60, 45)
(61, 45)
(62, 45)
(63, 45)
(64, 45)
(65, 45)
(66, 45)
(72, 45)
(73, 45)
(74, 45)
(77, 45)
(78, 45)
(79, 45)
(80, 45)
(81, 45)
(26, 46)
(27, 46)
(28, 46)
(29, 46)
(39, 46)
(40, 46)
(41, 46)
(42, 46)
(60, 46)
(61, 46)
(62, 46)
(63, 46)
(72, 46)
(73, 46)
(74, 46)
(90, 46)
(91, 46)
(92, 46)
(93, 46)
(26, 47)
(27, 47)
(28, 47)
(29, 47)
(39, 47)
(40, 47)
(41, 47)
(42, 47)
(60, 47)
(61, 47)
(62, 47)
(63, 47)
(64, 47)
(72, 47)
(73, 47)
(74, 47)
(90, 47)
(91, 47)
(92, 47)
(93, 47)
(1, 48)
(2, 48)
(3, 48)
(4, 48)
(5, 48)
(26, 48)
(27, 48)
(28, 48)
(29, 48)
(39, 48)
(40, 48)
(41, 48)
(42, 48)
(51, 48)
(52, 48)
(53, 48)
(54, 48)
(60, 48)
(61, 48)
(62, 48)
(63, 48)
(64, 48)
(72, 48)
(73, 48)
(74, 48)
(90, 48)
(91, 48)
(92, 48)
(93, 48)
(1, 49)
(2, 49)
(3, 49)
(4, 49)
(5, 49)
(51, 49)
(52, 49)
(53, 49)
(54, 49)
(60, 49)
(61, 49)
(62, 49)
(63, 49)
(64, 49)
(90, 49)
(91, 49)
(92, 49)
(93, 49)
(1, 50)
(2, 50)
(3, 50)
(4, 50)
(5, 50)
(51, 50)
(52, 50)
(53, 50)
(54, 50)
(60, 50)
(61, 50)
(62, 50)
(63, 50)
(64, 50)
(0, 51)
(1, 51)
(2, 51)
(51, 51)
(52, 51)
(53, 51)
(54, 51)
(0, 52)
(1, 52)
(2, 52)
(85, 52)
(86, 52)
(87, 52)
(0, 53)
(1, 53)
(2, 53)
(85, 53)
(86, 53)
(87, 53)
(89, 53)
(90, 53)
(91, 53)
(92, 53)
(0, 54)
(1, 54)
(2, 54)
(36, 54)
(37, 54)
(38, 54)
(39, 54)
(40, 54)
(85, 54)
(86, 54)
(87, 54)
(89, 54)
(90, 54)
(91, 54)
(92, 54)
(0, 55)
(1, 55)
(2, 55)
(6, 55)
(7, 55)
(8, 55)
(9, 55)
(10, 55)
(36, 55)
(37, 55)
(38, 55)
(39, 55)
(40, 55)
(46, 55)
(47, 55)
(48, 55)
(85, 55)
(86, 55)
(87, 55)
(89, 55)
(90, 55)
(91, 55)
(92, 55)
(6, 56)
(7, 56)
(8, 56)
(9, 56)
(10, 56)
(36, 56)
(37, 56)
(38, 56)
(39, 56)
(40, 56)
(46, 56)
(47, 56)
(48, 56)
(74, 56)
(75, 56)
(76, 56)
(85, 56)
(86, 56)
(87, 56)
(89, 56)
(90, 56)
(91, 56)
(92, 56)
(95, 56)
(96, 56)
(97, 56)
(98, 56)
(99, 56)
(6, 57)
(7, 57)
(8, 57)
(9, 57)
(10, 57)
(42, 57)
(43, 57)
(44, 57)
(45, 57)
(46, 57)
(47, 57)
(48, 57)
(74, 57)
(75, 57)
(76, 57)
(95, 57)
(96, 57)
(97, 57)
(98, 57)
(99, 57)
(6, 58)
(7, 58)
(8, 58)
(9, 58)
(10, 58)
(42, 58)
(43, 58)
(44, 58)
(45, 58)
(74, 58)
(75, 58)
(76, 58)
(95, 58)
(96, 58)
(97, 58)
(98, 58)
(99, 58)
(5, 59)
(6, 59)
(7, 59)
(8, 59)
(42, 59)
(43, 59)
(44, 59)
(45, 59)
(74, 59)
(75, 59)
(76, 59)
(95, 59)
(96, 59)
(97, 59)
(98, 59)
(99, 59)
(5, 60)
(6, 60)
(7, 60)
(8, 60)
(42, 60)
(43, 60)
(44, 60)
(45, 60)
(95, 60)
(96, 60)
(97, 60)
(98, 60)
(99, 60)
(5, 61)
(6, 61)
(7, 61)
(8, 61)
(14, 61)
(15, 61)
(16, 61)
(17, 61)
(20, 61)
(21, 61)
(22, 61)
(23, 61)
(42, 61)
(43, 61)
(44, 61)
(45, 61)
(5, 62)
(6, 62)
(7, 62)
(8, 62)
(14, 62)
(15, 62)
(16, 62)
(17, 62)
(20, 62)
(21, 62)
(22, 62)
(23, 62)
(92, 62)
(93, 62)
(94, 62)
(5, 63)
(6, 63)
(7, 63)
(8, 63)
(14, 63)
(15, 63)
(16, 63)
(17, 63)
(20, 63)
(21, 63)
(22, 63)
(23, 63)
(84, 63)
(85, 63)
(86, 63)
(87, 63)
(88, 63)
(92, 63)
(93, 63)
(94, 63)
(14, 64)
(15, 64)
(16, 64)
(17, 64)
(78, 64)
(79, 64)
(80, 64)
(81, 64)
(82, 64)
(84, 64)
(85, 64)
(86, 64)
(87, 64)
(88, 64)
(92, 64)
(93, 64)
(94, 64)
(78, 65)
(79, 65)
(80, 65)
(81, 65)
(82, 65)
(84, 65)
(85, 65)
(86, 65)
(87, 65)
(88, 65)
(92, 65)
(93, 65)
(94, 65)
(41, 66)
(42, 66)
(43, 66)
(44, 66)
(45, 66)
(78, 66)
(79, 66)
(80, 66)
(81, 66)
(82, 66)
(84, 66)
(85, 66)
(86, 66)
(87, 66)
(88, 66)
(92, 66)
(93, 66)
(94, 66)
(8, 67)
(9, 67)
(10, 67)
(11, 67)
(41, 67)
(42, 67)
(43, 67)
(44, 67)
(45, 67)
(78, 67)
(79, 67)
(80, 67)
(81, 67)
(82, 67)
(84, 67)
(85, 67)
(86, 67)
(87, 67)
(88, 67)
(8, 68)
(9, 68)
(10, 68)
(11, 68)
(13, 68)
(14, 68)
(15, 68)
(16, 68)
(41, 68)
(42, 68)
(43, 68)
(44, 68)
(45, 68)
(8, 69)
(9, 69)
(10, 69)
(11, 69)
(13, 69)
(14, 69)
(15, 69)
(16, 69)
(80, 69)
(81, 69)
(82, 69)
(2, 70)
(3, 70)
(4, 70)
(13, 70)
(14, 70)
(15, 70)
(16, 70)
(34, 70)
(35, 70)
(36, 70)
(80, 70)
(81, 70)
(82, 70)
(2, 71)
(3, 71)
(4, 71)
(34, 71)
(35, 71)
(36, 71)
(80, 71)
(81, 71)
(82, 71)
(88, 71)
(89, 71)
(90, 71)
(2, 72)
(3, 72)
(4, 72)
(34, 72)
(35, 72)
(36, 72)
(48, 72)
(49, 72)
(50, 72)
(51, 72)
(52, 72)
(53, 72)
(54, 72)
(55, 72)
(64, 72)
(65, 72)
(66, 72)
(78, 72)
(79, 72)
(80, 72)
(81, 72)
(82, 72)
(88, 72)
(89, 72)
(90, 72)
(2, 73)
(3, 73)
(4, 73)
(23, 73)
(24, 73)
(25, 73)
(26, 73)
(48, 73)
(49, 73)
(50, 73)
(51, 73)
(52, 73)
(53, 73)
(54, 73)
(55, 73)
(64, 73)
(65, 73)
(66, 73)
(78, 73)
(79, 73)
(80, 73)
(81, 73)
(82, 73)
(88, 73)
(89, 73)
(90, 73)
(23, 74)
(24, 74)
(25, 74)
(26, 74)
(48, 74)
(49, 74)
(50, 74)
(51, 74)
(52, 74)
(53, 74)
(54, 74)
(55, 74)
(64, 74)
(65, 74)
(66, 74)
(78, 74)
(79, 74)
(80, 74)
(81, 74)
(82, 74)
(88, 74)
(89, 74)
(90, 74)
(23, 75)
(24, 75)
(25, 75)
(26, 75)
(48, 75)
(49, 75)
(50, 75)
(51, 75)
(52, 75)
(53, 75)
(54, 75)
(55, 75)
(78, 75)
(79, 75)
(80, 75)
(81, 75)
(82, 75)
(88, 75)
(89, 75)
(90, 75)
(11, 76)
(12, 76)
(13, 76)
(14, 76)
(15, 76)
(23, 76)
(24, 76)
(25, 76)
(26, 76)
(48, 76)
(49, 76)
(50, 76)
(51, 76)
(11, 77)
(12, 77)
(13, 77)
(14, 77)
(15, 77)
(23, 77)
(24, 77)
(25, 77)
(26, 77)
(84, 77)
(85, 77)
(86, 77)
(87, 77)
(88, 77)
(11, 78)
(12, 78)
(13, 78)
(14, 78)
(15, 78)
(43, 78)
(44, 78)
(45, 78)
(47, 78)
(48, 78)
(49, 78)
(50, 78)
(51, 78)
(84, 78)
(85, 78)
(86, 78)
(87, 78)
(88, 78)
(43, 79)
(44, 79)
(45, 79)
(47, 79)
(48, 79)
(49, 79)
(50, 79)
(51, 79)
(79, 79)
(80, 79)
(81, 79)
(82, 79)
(84, 79)
(85, 79)
(86, 79)
(87, 79)
(88, 79)
(43, 80)
(44, 80)
(45, 80)
(47, 80)
(48, 80)
(49, 80)
(50, 80)
(51, 80)
(79, 80)
(80, 80)
(81, 80)
(82, 80)
(86, 80)
(87, 80)
(88, 80)
(92, 80)
(93, 80)
(94, 80)
(95, 80)
(96, 80)
(7, 81)
(8, 81)
(9, 81)
(47, 81)
(48, 81)
(49, 81)
(50, 81)
(51, 81)
(79, 81)
(80, 81)
(81, 81)
(82, 81)
(86, 81)
(87, 81)
(88, 81)
(92, 81)
(93, 81)
(94, 81)
(95, 81)
(96, 81)
(7, 82)
(8, 82)
(9, 82)
(47, 82)
(48, 82)
(49, 82)
(50, 82)
(51, 82)
(79, 82)
(80, 82)
(81, 82)
(82, 82)
(86, 82)
(87, 82)
(88, 82)
(92, 82)
(93, 82)
(94, 82)
(95, 82)
(96, 82)
(7, 83)
(8, 83)
(9, 83)
(79, 83)
(80, 83)
(81, 83)
(82, 83)
(86, 83)
(87, 83)
(88, 83)
(92, 83)
(93, 83)
(94, 83)
(95, 83)
(96, 83)
(7, 84)
(8, 84)
(9, 84)
(86, 84)
(87, 84)
(88, 84)
(7, 85)
(8, 85)
(9, 85)
(52, 87)
(53, 87)
(54, 87)
(55, 87)
(56, 87)
(23, 88)
(24, 88)
(25, 88)
(26, 88)
(48, 88)
(49, 88)
(50, 88)
(51, 88)
(52, 88)
(53, 88)
(54, 88)
(55, 88)
(56, 88)
(92, 88)
(93, 88)
(94, 88)
(95, 88)
(96, 88)
(23, 89)
(24, 89)
(25, 89)
(26, 89)
(48, 89)
(49, 89)
(50, 89)
(51, 89)
(52, 89)
(53, 89)
(54, 89)
(55, 89)
(56, 89)
(92, 89)
(93, 89)
(94, 89)
(95, 89)
(96, 89)
(23, 90)
(24, 90)
(25, 90)
(26, 90)
(48, 90)
(49, 90)
(50, 90)
(51, 90)
(52, 90)
(53, 90)
(54, 90)
(55, 90)
(56, 90)
(92, 90)
(93, 90)
(94, 90)
(95, 90)
(96, 90)
(23, 91)
(24, 91)
(25, 91)
(26, 91)
(41, 91)
(42, 91)
(43, 91)
(48, 91)
(49, 91)
(50, 91)
(51, 91)
(52, 91)
(53, 91)
(54, 91)
(55, 91)
(56, 91)
(59, 91)
(60, 91)
(61, 91)
(62, 91)
(86, 91)
(87, 91)
(88, 91)
(92, 91)
(93, 91)
(94, 91)
(95, 91)
(96, 91)
(41, 92)
(42, 92)
(43, 92)
(48, 92)
(49, 92)
(50, 92)
(51, 92)
(59, 92)
(60, 92)
(61, 92)
(62, 92)
(86, 92)
(87, 92)
(88, 92)
(92, 92)
(93, 92)
(94, 92)
(95, 92)
(96, 92)
(30, 93)
(31, 93)
(32, 93)
(33, 93)
(41, 93)
(42, 93)
(43, 93)
(59, 93)
(60, 93)
(61, 93)
(62, 93)
(86, 93)
(87, 93)
(88, 93)
(19, 94)
(20, 94)
(21, 94)
(22, 94)
(30, 94)
(31, 94)
(32, 94)
(33, 94)
(41, 94)
(42, 94)
(43, 94)
(59, 94)
(60, 94)
(61, 94)
(62, 94)
(66, 94)
(67, 94)
(68, 94)
(69, 94)
(86, 94)
(87, 94)
(88, 94)
(19, 95)
(20, 95)
(21, 95)
(22, 95)
(30, 95)
(31, 95)
(32, 95)
(33, 95)
(41, 95)
(42, 95)
(43, 95)
(59, 95)
(60, 95)
(61, 95)
(62, 95)
(66, 95)
(67, 95)
(68, 95)
(69, 95)
(86, 95)
(87, 95)
(88, 95)
(19, 96)
(20, 96)
(21, 96)
(22, 96)
(30, 96)
(31, 96)
(32, 96)
(33, 96)
(66, 96)
(67, 96)
(68, 96)
(69, 96)
(19, 97)
(20, 97)
(21, 97)
(22, 97)
(30, 97)
(31, 97)
(32, 97)
(33, 97)
(66, 97)
(67, 97)
(68, 97)
(69, 97)
(94, 97)
(95, 97)
(96, 97)
(97, 97)
(98, 97)
(19, 98)
(20, 98)
(21, 98)
(22, 98)
(66, 98)
(67, 98)
(68, 98)
(69, 98)
(94, 98)
(95, 98)
(96, 98)
(97, 98)
(98, 98)
(94, 99)
(95, 99)
(96, 99)
(97, 99)
(98, 99)
-
(0, 2, 1.0, -1, 0.5)
(1, 2, 1.0, -1, 0.5)
(2, 4, 1.0, -1, 0.5)
(3, 5, 1.0, -1, 0.5)
(4, 1, 1.0, -1, 0.5)
(5, 1, 1.0, -1, 0.5)
(6, 5, 1.0, -1, 0.5)
(7, 3, 1.0, -1, 0.5)
(8, 4, 1.0, -1, 0.5)
(9, 3, 1.0, -1, 0.5)
-
(0, (15,37), (73,79))
(1, (5,30), (5,87))
(2, (1,15), (67,44))
(3, (82,7), (5,42))
(4, (56,96), (10,85))
(5, (36,18), (27,96))
(6, (74,2), (4,7))
(7, (8,0), (50,23))
(8, (92,13), (17,31))
(9, (19,50), (92,9))
