100
(38, 0)
(39, 0)
(40, 0)
(62, 0)
(63, 0)
(64, 0)
(38, 1)
(39, 1)
(40, 1)
(62, 1)
(63, 1)
(64, 1)
(38, 2)
(39, 2)
(40, 2)
(62, 2)
(63, 2)
(64, 2)
(74, 2)
(75, 2)
(76, 2)
(77, 2)
(78, 2)
(4, 3)
(5, 3)
(6, 3)
(7, 3)
(8, 3)
(38, 3)
(39, 3)
(40, 3)
(55, 3)
(56, 3)
(57, 3)
(64, 3)
(65, 3)
(66, 3)
(67, 3)
(74, 3)
(75, 3)
(76, 3)
(77, 3)
(78, 3)
(4, 4)
(5, 4)
(6, 4)
(7, 4)
(8, 4)
(38, 4)
(39, 4)
(40, 4)
(55, 4)
(56, 4)
(57, 4)
(64, 4)
(65, 4)
(66, 4)
(67, 4)
(74, 4)
(75, 4)
(76, 4)
(77, 4)
(78, 4)
(4, 5)
(5, 5)
(6, 5)
(7, 5)
(8, 5)
(45, 5)
(46, 5)
(47, 5)
(48, 5)
(49, 5)
(55, 5)
(56, 5)
(57, 5)
(64, 5)
(65, 5)
(66, 5)
(67, 5)
(74, 5)
(75, 5)
(76, 5)
(77, 5)
(78, 5)
(30, 6)
(31, 6)
(32, 6)
(33, 6)
(45, 6)
(46, 6)
(47, 6)
(48, 6)
(49, 6)
(64, 6)
(65, 6)
(66, 6)
(67, 6)
(74, 6)
(75, 6)
(76, 6)
(77, 6)
(78, 6)
(30, 7)
(31, 7)
(32, 7)
(33, 7)
(45, 7)
(46, 7)
(47, 7)
(48, 7)
(49, 7)
(64, 7)
(65, 7)
(66, 7)
(67, 7)
(75, 7)
(76, 7)
(77, 7)
(78, 7)
(30, 8)
(31, 8)
(32, 8)
(33, 8)
(45, 8)
(46, 8)
(47, 8)
(48, 8)
(49, 8)
(75, 8)
(76, 8)
(77, 8)
(78, 8)
(4, 9)
(5, 9)
(6, 9)
(30, 9)
(31, 9)
(32, 9)
(33, 9)
(75, 9)
(76, 9)
(77, 9)
(78, 9)
(4, 10)
(5, 10)
(6, 10)
(30, 10)
(31, 10)
(32, 10)
(33, 10)
(91, 10)
(92, 10)
(93, 10)
(94, 10)
(4, 11)
(5, 11)
(6, 11)
(91, 11)
(92, 11)
(93, 11)
(94, 11)
(91, 12)
(92, 12)
(93, 12)
(94, 12)
(48, 13)
(49, 13)
(50, 13)
(51, 13)
(80, 13)
(81, 13)
(82, 13)
(83, 13)
(84, 13)
(8, 14)
(9, 14)
(10, 14)
(11, 14)
(48, 14)
(49, 14)
(50, 14)
(51, 14)
(80, 14)
(81, 14)
(82, 14)
(83, 14)
(84, 14)
(8, 15)
(9, 15)
(10, 15)
(11, 15)
(48, 15)
(49, 15)
(50, 15)
(51, 15)
(80, 15)
(81, 15)
(82, 15)
(83, 15)
(84, 15)
(8, 16)
(9, 16)
(10, 16)
(11, 16)
(48, 16)
(49, 16)
(50, 16)
(51, 16)
(80, 16)
(81, 16)
(82, 16)
(83, 16)
(84, 16)
(80, 17)
(81, 17)
(82, 17)
(83, 17)
(84, 17)
(71, 18)
(72, 18)
(73, 18)
(71, 19)
(72, 19)
(73, 19)
(93, 19)
(94, 19)
(95, 19)
(71, 20)
(72, 20)
(73, 20)
(93, 20)
(94, 20)
(95, 20)
(71, 21)
(72, 21)
(73, 21)
(93, 21)
(94, 21)
(95, 21)
(64, 22)
(65, 22)
(66, 22)
(67, 22)
(68, 22)
(71, 22)
(72, 22)
(73, 22)
(75, 22)
(76, 22)
(77, 22)
(78, 22)
(64, 23)
(65, 23)
(66, 23)
(67, 23)
(68, 23)
(75, 23)
(76, 23)
(77, 23)
(78, 23)
(64, 24)
(65, 24)
(66, 24)
(67, 24)
(68, 24)
(75, 24)
(76, 24)
(77, 24)
(78, 24)
(64, 25)
(65, 25)
(66, 25)
(67, 25)
(68, 25)
(1, 27)
(2, 27)
(3, 27)
(4, 27)
(5, 27)
(64, 27)
(65, 27)
(66, 27)
(67, 27)
(93, 27)
(94, 27)
(95, 27)
(1, 28)
(2, 28)
(3, 28)
(4, 28)
(5, 28)
(39, 28)
(40, 28)
(41, 28)
(64, 28)
(65, 28)
(66, 28)
(67, 28)
(93, 28)
(94, 28)
(95, 28)
(1, 29)
(2, 29)
(3, 29)
(4, 29)
(5, 29)
(6, 29)
(7, 29)
(8, 29)
(39, 29)
(40, 29)
(41, 29)
(64, 29)
(65, 29)
(66, 29)
(67, 29)
(85, 29)
(86, 29)
(87, 29)
(93, 29)
(94, 29)
(95, 29)
(1, 30)
(2, 30)
(3, 30)
(4, 30)
(5, 30)
(6, 30)
(7, 30)
(8, 30)
(39, 30)
(40, 30)
(41, 30)
(64, 30)
(65, 30)
(66, 30)
(67, 30)
(75, 30)
(76, 30)
(77, 30)
(85, 30)
(86, 30)
(87, 30)
(93, 30)
(94, 30)
(95, 30)
(6, 31)
(7, 31)
(8, 31)
(39, 31)
(40, 31)
(41, 31)
(46, 31)
(47, 31)
(48, 31)
(64, 31)
(65, 31)
(66, 31)
(67, 31)
(75, 31)
(76, 31)
(77, 31)
(85, 31)
(86, 31)
(87, 31)
(93, 31)
(94, 31)
(95, 31)
(39, 32)
(40, 32)
(41, 32)
(46, 32)
(47, 32)
(48, 32)
(54, 32)
(55, 32)
(56, 32)
(57, 32)
(75, 32)
(76, 32)
(77, 32)
(85, 32)
(86, 32)
(87, 32)
(46, 33)
(47, 33)
(48, 33)
(54, 33)
(55, 33)
(56, 33)
(57, 33)
(75, 33)
(76, 33)
(77, 33)
(17, 34)
(18, 34)
(19, 34)
(20, 34)
(21, 34)
(46, 34)
(47, 34)
(48, 34)
(54, 34)
(55, 34)
(56, 34)
(57, 34)
(17, 35)
(18, 35)
(19, 35)
(20, 35)
(21, 35)
(26, 35)
(27, 35)
(28, 35)
(29, 35)
(46, 35)
(47, 35)
(48, 35)
(54, 35)
(55, 35)
(56, 35)
(57, 35)
(17, 36)
(18, 36)
(19, 36)
(20, 36)
(21, 36)
(26, 36)
(27, 36)
(28, 36)
(29, 36)
(54, 36)
(55, 36)
(56, 36)
(57, 36)
(14, 37)
(15, 37)
(16, 37)
(17, 37)
(18, 37)
(19, 37)
(20, 37)
(21, 37)
(26, 37)
(27, 37)
(28, 37)
(29, 37)
(14, 38)
(15, 38)
(16, 38)
(17, 38)
(18, 38)
(19, 38)
(20, 38)
(21, 38)
(26, 38)
(27, 38)
(28, 38)
(29, 38)
(14, 39)
(15, 39)
(16, 39)
(26, 39)
(27, 39)
(28, 39)
(29, 39)
(52, 39)
(53, 39)
(54, 39)
(55, 39)
(78, 39)
(79, 39)
(80, 39)
(92, 39)
(93, 39)
(94, 39)
(95, 39)
(96, 39)
(4, 40)
(5, 40)
(6, 40)
(7, 40)
(8, 40)
(14, 40)
(15, 40)
(16, 40)
(52, 40)
(53, 40)
(54, 40)
(55, 40)
(78, 40)
(79, 40)
(80, 40)
(92, 40)
(93, 40)
(94, 40)
(95, 40)
(96, 40)
(4, 41)
(5, 41)
(6, 41)
(7, 41)
(8, 41)
(14, 41)
(15, 41)
(16, 41)
(52, 41)
(53, 41)
(54, 41)
(55, 41)
(78, 41)
(79, 41)
(80, 41)
(92, 41)
(93, 41)
(94, 41)
(95, 41)
(96, 41)
(4, 42)
(5, 42)
(6, 42)
(7, 42)
(8, 42)
(52, 42)
(53, 42)
(54, 42)
(55, 42)
(92, 42)
(93, 42)
(94, 42)
(95, 42)
(96, 42)
(4, 43)
(5, 43)
(6, 43)
(7, 43)
(8, 43)
(23, 43)
(24, 43)
(25, 43)
(26, 43)
(27, 43)
(92, 43)
(93, 43)
(94, 43)
(95, 43)
(96, 43)
(4, 44)
(5, 44)
(6, 44)
(7, 44)
(8, 44)
(23, 44)
(24, 44)
(25, 44)
(26, 44)
(27, 44)
(61, 44)
(62, 44)
(63, 44)
(64, 44)
(65, 44)
(23, 45)
(24, 45)
(25, 45)
(26, 45)
(27, 45)
(45, 45)
(46, 45)
(47, 45)
(48, 45)
(49, 45)
(61, 45)
(62, 45)
(63, 45)
(64, 45)
(65, 45)
(23, 46)
(24, 46)
(25, 46)
(26, 46)
(27, 46)
(45, 46)
(46, 46)
(47, 46)
(48, 46)
(49, 46)
(54, 46)
(55, 46)
(56, 46)
(57, 46)
(58, 46)
(61, 46)
(62, 46)
(63, 46)
(64, 46)
(65, 46)
(84, 46)
(85, 46)
(86, 46)
(87, 46)
(88, 46)
(2, 47)
(3, 47)
(4, 47)
(5, 47)
(23, 47)
(24, 47)
(25, 47)
(26, 47)
(27, 47)
(32, 47)
(33, 47)
(34, 47)
(45, 47)
(46, 47)
(47, 47)
(48, 47)
(49, 47)
(54, 47)
(55, 47)
(56, 47)
(57, 47)
(58, 47)
(61, 47)
(62, 47)
(63, 47)
(64, 47)
(65, 47)
(84, 47)
(85, 47)
(86, 47)
(87, 47)
(88, 47)
(2, 48)
(3, 48)
(4, 48)
(5, 48)
(32, 48)
(33, 48)
(34, 48)
(45, 48)
(46, 48)
(47, 48)
(48, 48)
(49, 48)
(54, 48)
(55, 48)
(56, 48)
(57, 48)
(58, 48)
(73, 48)
(74, 48)
(75, 48)
(76, 48)
(77, 48)
(84, 48)
(85, 48)
(86, 48)
(87, 48)
(88, 48)
(2, 49)
(3, 49)
(4, 49)
(5, 49)
(32, 49)
(33, 49)
(34, 49)
(73, 49)
(74, 49)
(75, 49)
(76, 49)
(77, 49)
(84, 49)
(85, 49)
(86, 49)
(87, 49)
(88, 49)
(2, 50)
(3, 50)
(4, 50)
(5, 50)
(32, 50)
(33, 50)
(34, 50)
(73, 50)
(74, 50)
(75, 50)
(76, 50)
(77, 50)
(84, 50)
(85, 50)
(86, 50)
(87, 50)
(88, 50)
(93, 50)
(94, 50)
(95, 50)
(2, 51)
(3, 51)
(4, 51)
(5, 51)
(9, 51)
(10, 51)
(11, 51)
(12, 51)
(53, 51)
(54, 51)
(55, 51)
(56, 51)
(57, 51)
(93, 51)
(94, 51)
(95, 51)
(9, 52)
(10, 52)
(11, 52)
(12, 52)
(53, 52)
(54, 52)
(55, 52)
(56, 52)
(57, 52)
(62, 52)
(63, 52)
(64, 52)
(65, 52)
(93, 52)
(94, 52)
(95, 52)
(9, 53)
(10, 53)
(11, 53)
(12, 53)
(20, 53)
(21, 53)
(22, 53)
(23, 53)
(24, 53)
(25, 53)
(53, 53)
(54, 53)
(55, 53)
(56, 53)
(57, 53)
(62, 53)
(63, 53)
(64, 53)
(65, 53)
(93, 53)
(94, 53)
(95, 53)
(9, 54)
(10, 54)
(11, 54)
(12, 54)
(20, 54)
(21, 54)
(22, 54)
(23, 54)
(24, 54)
(25, 54)
(53, 54)
(54, 54)
(55, 54)
(56, 54)
(57, 54)
(62, 54)
(63, 54)
(64, 54)
(65, 54)
(93, 54)
(94, 54)
(95, 54)
(9, 55)
(10, 55)
(11, 55)
(12, 55)
(20, 55)
(21, 55)
(22, 55)
(23, 55)
(24, 55)
(25, 55)
(49, 55)
(50, 55)
(51, 55)
(52, 55)
(53, 55)
(54, 55)
(55, 55)
(56, 55)
(57, 55)
(20, 56)
(21, 56)
(22, 56)
(23, 56)
(24, 56)
(25, 56)
(49, 56)
(50, 56)
(51, 56)
(52, 56)
(66, 56)
(67, 56)
(68, 56)
(69, 56)
(9, 57)
(10, 57)
(11, 57)
(12, 57)
(13, 57)
(49, 57)
(50, 57)
(51, 57)
(52, 57)
(66, 57)
(67, 57)
(68, 57)
(69, 57)
(80, 57)
(81, 57)
(82, 57)
(83, 57)
(84, 57)
(9, 58)
(10, 58)
(11, 58)
(12, 58)
(13, 58)
(66, 58)
(67, 58)
(68, 58)
(69, 58)
(80, 58)
(81, 58)
(82, 58)
(83, 58)
(84, 58)
(9, 59)
(10, 59)
(11, 59)
(12, 59)
(13, 59)
(66, 59)
(67, 59)
(68, 59)
(69, 59)
(80, 59)
(81, 59)
(82, 59)
(83, 59)
(84, 59)
(9, 60)
(10, 60)
(11, 60)
(12, 60)
(13, 60)
(21, 60)
(22, 60)
(23, 60)
(24, 60)
(25, 60)
(31, 60)
(32, 60)
(33, 60)
(34, 60)
(35, 60)
(66, 60)
(67, 60)
(68, 60)
(69, 60)
(21, 61)
(22, 61)
(23, 61)
(24, 61)
(25, 61)
(31, 61)
(32, 61)
(33, 61)
(34, 61)
(35, 61)
(6, 62)
(7, 62)
(8, 62)
(9, 62)
(10, 62)
(21, 62)
(22, 62)
(23, 62)
(24, 62)
(25, 62)
(31, 62)
(32, 62)
(33, 62)
(34, 62)
(35, 62)
(6, 63)
(7, 63)
(8, 63)
(9, 63)
(10, 63)
(31, 63)
(32, 63)
(33, 63)
(34, 63)
(35, 63)
(65, 63)
(66, 63)
(67, 63)
(68, 63)
(6, 64)
(7, 64)
(8, 64)
(9, 64)
(10, 64)
(65, 64)
(66, 64)
(67, 64)
(68, 64)
(6, 65)
(7, 65)
(8, 65)
(9, 65)
(10, 65)
(65, 65)
(66, 65)
(67, 65)
(68, 65)
(80, 65)
(81, 65)
(82, 65)
(65, 66)
(66, 66)
(67, 66)
(68, 66)
(80, 66)
(81, 66)
(82, 66)
(80, 67)
(81, 67)
(82, 67)
(39, 68)
(40, 68)
(41, 68)
(42, 68)
(43, 68)
(45, 68)
(46, 68)
(47, 68)
(80, 68)
(81, 68)
(82, 68)
(39, 69)
(40, 69)
(41, 69)
(42, 69)
(43, 69)
(45, 69)
(46, 69)
(47, 69)
(68, 69)
(69, 69)
(70, 69)
(71, 69)
(80, 69)
(81, 69)
(82, 69)
(23, 70)
(24, 70)
(25, 70)
(26, 70)
(39, 70)
(40, 70)
(41, 70)
(42, 70)
(43, 70)
(45, 70)
(46, 70)
(47, 70)
(68, 70)
(69, 70)
(70, 70)
(71, 70)
(91, 70)
(92, 70)
(93, 70)
(23, 71)
(24, 71)
(25, 71)
(26, 71)
(39, 71)
(40, 71)
(41, 71)
(42, 71)
(43, 71)
(68, 71)
(69, 71)
(70, 71)
(71, 71)
(91, 71)
(92, 71)
(93, 71)
(2, 72)
(3, 72)
(4, 72)
(5, 72)
(23, 72)
(24, 72)
(25, 72)
(26, 72)
(48, 72)
(49, 72)
(50, 72)
(91, 72)
(92, 72)
(93, 72)
(2, 73)
(3, 73)
(4, 73)
(5, 73)
(48, 73)
(49, 73)
(50, 73)
(75, 73)
(76, 73)
(77, 73)
(78, 73)
(2, 74)
(3, 74)
(4, 74)
(5, 74)
(9, 74)
(10, 74)
(11, 74)
(12, 74)
(48, 74)
(49, 74)
(50, 74)
(75, 74)
(76, 74)
(77, 74)
(78, 74)
(9, 75)
(10, 75)
(11, 75)
(12, 75)
(40, 75)
(41, 75)
(42, 75)
(43, 75)
(48, 75)
(49, 75)
(50, 75)
(75, 75)
(76, 75)
(77, 75)
(78, 75)
(84, 75)
(85, 75)
(86, 75)
(87, 75)
(9, 76)
(10, 76)
(11, 76)
(12, 76)
(40, 76)
(41, 76)
(42, 76)
(43, 76)
(48, 76)
(49, 76)
(50, 76)
(75, 76)
(76, 76)
(77, 76)
(78, 76)
(84, 76)
(85, 76)
(86, 76)
(87, 76)
(9, 77)
(10, 77)
(11, 77)
(12, 77)
(40, 77)
(41, 77)
(42, 77)
(43, 77)
(75, 77)
(76, 77)
(77, 77)
(78, 77)
(84, 77)
(85, 77)
(86, 77)
(87, 77)
(40, 78)
(41, 78)
(42, 78)
(43, 78)
(84, 78)
(85, 78)
(86, 78)
(87, 78)
(33, 79)
(34, 79)
(35, 79)
(36, 79)
(37, 79)
(40, 79)
(41, 79)
(42, 79)
(43, 79)
(33, 80)
(34, 80)
(35, 80)
(36, 80)
(37, 80)
(92, 80)
(93, 80)
(94, 80)
(33, 81)
(34, 81)
(35, 81)
(36, 81)
(37, 81)
(92, 81)
(93, 81)
(94, 81)
(72, 82)
(73, 82)
(74, 82)
(75, 82)
(92, 82)
(93, 82)
(94, 82)
(11, 83)
(12, 83)
(13, 83)
(47, 83)
(48, 83)
(49, 83)
(50, 83)
(51, 83)
(72, 83)
(73, 83)
(74, 83)
(75, 83)
(11, 84)
(12, 84)
(13, 84)
(24, 84)
(25, 84)
(26, 84)
(27, 84)
(28, 84)
(47, 84)
(48, 84)
(49, 84)
(50, 84)
(51, 84)
(72, 84)
(73, 84)
(74, 84)
(75, 84)
(11, 85)
(12, 85)
(13, 85)
(24, 85)
(25, 85)
(26, 85)
(27, 85)
(28, 85)
(47, 85)
(48, 85)
(49, 85)
(50, 85)
(51, 85)
(72, 85)
(73, 85)
(74, 85)
(75, 85)
(10, 86)
(11, 86)
(12, 86)
(13, 86)
(24, 86)
(25, 86)
(26, 86)
(27, 86)
(28, 86)
(10, 87)
(11, 87)
(12, 87)
(13, 87)
(20, 87)
(21, 87)
(22, 87)
(24, 87)
(25, 87)
(26, 87)
(27, 87)
(28, 87)
(10, 88)
(11, 88)
(12, 88)
(13, 88)
(20, 88)
(21, 88)
(22, 88)
(23, 88)
(24, 88)
(25, 88)
(26, 88)
(27, 88)
(20, 89)
(21, 89)
(22, 89)
(23, 89)
(24, 89)
(25, 89)
(26, 89)
(27, 89)
(20, 90)
(21, 90)
(22, 90)
(23, 90)
(24, 90)
(25, 90)
(26, 90)
(27, 90)
(38, 90)
(39, 90)
(40, 90)
(23, 91)
(24, 91)
(25, 91)
(26, 91)
(27, 91)
(38, 91)
(39, 91)
(40, 91)
(18, 92)
(19, 92)
(20, 92)
(21, 92)
(38, 92)
(39, 92)
(40, 92)
(18, 93)
(19, 93)
(20, 93)
(21, 93)
(38, 93)
(39, 93)
(40, 93)
(18, 94)
(19, 94)
(20, 94)
(21, 94)
(38, 94)
(39, 94)
(40, 94)
(55, 96)
(56, 96)
(57, 96)
(55, 97)
(56, 97)
(57, 97)
(55, 98)
(56, 98)
(57, 98)
-
(0, 4, 1.0, -1, 0.5)
(1, 4, 1.0, -1, 0.5)
(2, 1, 1.0, -1, 0.5)
(3, 5, 1.0, -1, 0.5)
(4, 1, 1.0, -1, 0.5)
(5, 2, 1.0, -1, 0.5)
(6, 5, 1.0, -1, 0.5)
(7, 3, 1.0, -1, 0.5)
(8, 2, 1.0, -1, 0.5)
(9, 3, 1.0, -1, 0.5)
-
(0, (48,40), (21,4))
(1, (39,24), (16,42))
(2, (4,26), (37,56))
(3, (66,73), (38,51))
(4, (50,51), (99,25))
(5, (57,62), (78,0))
(6, (95,5), (65,37))
(7, (19,76), (96,29))
(8, (66,88), (95,44))
(9, (9,26), (23,93))
