100
(13, 2)
(14, 2)
(15, 2)
(16, 2)
(17, 2)
(41, 2)
(42, 2)
(43, 2)
(13, 3)
(14, 3)
(15, 3)
(16, 3)
(17, 3)
(41, 3)
(42, 3)
(43, 3)
(90, 3)
(91, 3)
(92, 3)
(93, 3)
(94, 3)
(13, 4)
(14, 4)
(15, 4)
(16, 4)
(17, 4)
(41, 4)
(42, 4)
(43, 4)
(90, 4)
(91, 4)
(92, 4)
(93, 4)
(94, 4)
(25, 5)
(26, 5)
(27, 5)
(28, 5)
(41, 5)
(42, 5)
(43, 5)
(90, 5)
(91, 5)
(92, 5)
(93, 5)
(94, 5)
(25, 6)
(26, 6)
(27, 6)
(28, 6)
(90, 6)
(91, 6)
(92, 6)
(93, 6)
(94, 6)
(25, 7)
(26, 7)
(27, 7)
(28, 7)
(90, 7)
(91, 7)
(92, 7)
(93, 7)
(94, 7)
(25, 8)
(26, 8)
(27, 8)
(28, 8)
(25, 9)
(26, 9)
(27, 9)
(28, 9)
(80, 11)
(81, 11)
(82, 11)
(83, 11)
(80, 12)
(81, 12)
(82, 12)
(83, 12)
(80, 13)
(81, 13)
(82, 13)
(83, 13)
(80, 14)
(81, 14)
(82, 14)
(83, 14)
(17, 15)
(18, 15)
(19, 15)
(17, 16)
(18, 16)
(19, 16)
(17, 17)
(18, 17)
(19, 17)
(33, 18)
(34, 18)
(35, 18)
(36, 18)
(37, 18)
(48, 18)
(49, 18)
(50, 18)
(51, 18)
(52, 18)
(93, 18)
(94, 18)
(95, 18)
(33, 19)
(34, 19)
(35, 19)
(36, 19)
(37, 19)
(48, 19)
(49, 19)
(50, 19)
(51, 19)
(52, 19)
(93, 19)
(94, 19)
(95, 19)
(33, 20)
(34, 20)
(35, 20)
(36, 20)
(37, 20)
(48, 20)
(49, 20)
(50, 20)
(51, 20)
(52, 20)
(67, 20)
(68, 20)
(69, 20)
(93, 20)
(94, 20)
(95, 20)
(48, 21)
(49, 21)
(50, 21)
(51, 21)
(52, 21)
(67, 21)
(68, 21)
(69, 21)
(93, 21)
(94, 21)
(95, 21)
(42, 22)
(43, 22)
(44, 22)
(48, 22)
(49, 22)
(50, 22)
(51, 22)
(52, 22)
(67, 22)
(68, 22)
(69, 22)
(42, 23)
(43, 23)
(44, 23)
(42, 24)
(43, 24)
(44, 24)
(72, 24)
(73, 24)
(74, 24)
(75, 24)
(42, 25)
(43, 25)
(44, 25)
(72, 25)
(73, 25)
(74, 25)
(75, 25)
(42, 26)
(43, 26)
(44, 26)
(72, 26)
(73, 26)
(74, 26)
(75, 26)
(72, 27)
(73, 27)
(74, 27)
(75, 27)
(72, 28)
(73, 28)
(74, 28)
(75, 28)
(84, 28)
(85, 28)
(86, 28)
(84, 29)
(85, 29)
(86, 29)
(84, 30)
(85, 30)
(86, 30)
(22, 31)
(23, 31)
(24, 31)
(25, 31)
(68, 31)
(69, 31)
(70, 31)
(71, 31)
(84, 31)
(85, 31)
(86, 31)
(22, 32)
(23, 32)
(24, 32)
(25, 32)
(68, 32)
(69, 32)
(70, 32)
(71, 32)
(84, 32)
(85, 32)
(86, 32)
(22, 33)
(23, 33)
(24, 33)
(25, 33)
(60, 33)
(61, 33)
(62, 33)
(68, 33)
(69, 33)
(70, 33)
(71, 33)
(22, 34)
(23, 34)
(24, 34)
(25, 34)
(60, 34)
(61, 34)
(62, 34)
(68, 34)
(69, 34)
(70, 34)
(71, 34)
(15, 35)
(16, 35)
(17, 35)
(22, 35)
(23, 35)
(24, 35)
(25, 35)
(60, 35)
(61, 35)
(62, 35)
(68, 35)
(69, 35)
(70, 35)
(71, 35)
(15, 36)
(16, 36)
(17, 36)
(31, 36)
(32, 36)
(33, 36)
(34, 36)
(49, 36)
(50, 36)
(51, 36)
(52, 36)
(53, 36)
(60, 36)
(61, 36)
(62, 36)
(96, 36)
(97, 36)
(98, 36)
(15, 37)
(16, 37)
(17, 37)
(24, 37)
(25, 37)
(26, 37)
(27, 37)
(31, 37)
(32, 37)
(33, 37)
(34, 37)
(49, 37)
(50, 37)
(51, 37)
(52, 37)
(53, 37)
(96, 37)
(97, 37)
(98, 37)
(24, 38)
(25, 38)
(26, 38)
(27, 38)
(31, 38)
(32, 38)
(33, 38)
(34, 38)
(49, 38)
(50, 38)
(51, 38)
(52, 38)
(53, 38)
(96, 38)
(97, 38)
(98, 38)
(24, 39)
(25, 39)
(26, 39)
(27, 39)
(31, 39)
(32, 39)
(33, 39)
(34, 39)
(49, 39)
(50, 39)
(51, 39)
(52, 39)
(53, 39)
(96, 39)
(97, 39)
(98, 39)
(5, 40)
(6, 40)
(7, 40)
(8, 40)
(9, 40)
(24, 40)
(25, 40)
(26, 40)
(27, 40)
(31, 40)
(32, 40)
(33, 40)
(34, 40)
(49, 40)
(50, 40)
(51, 40)
(52, 40)
(53, 40)
(81, 40)
(82, 40)
(83, 40)
(5, 41)
(6, 41)
(7, 41)
(8, 41)
(9, 41)
(24, 41)
(25, 41)
(26, 41)
(27, 41)
(81, 41)
(82, 41)
(83, 41)
(5, 42)
(6, 42)
(7, 42)
(8, 42)
(9, 42)
(20, 42)
(21, 42)
(22, 42)
(81, 42)
(82, 42)
(83, 42)
(5, 43)
(6, 43)
(7, 43)
(8, 43)
(9, 43)
(20, 43)
(21, 43)
(22, 43)
(54, 43)
(55, 43)
(56, 43)
(57, 43)
(81, 43)
(82, 43)
(83, 43)
(5, 44)
(6, 44)
(7, 44)
(8, 44)
(9, 44)
(20, 44)
(21, 44)
(22, 44)
(54, 44)
(55, 44)
(56, 44)
(57, 44)
(81, 44)
(82, 44)
(83, 44)
(54, 45)
(55, 45)
(56, 45)
(57, 45)
(54, 46)
(55, 46)
(56, 46)
(57, 46)
(24, 48)
(25, 48)
(26, 48)
(27, 48)
(28, 48)
(24, 49)
(25, 49)
(26, 49)
(27, 49)
(28, 49)
(91, 49)
(92, 49)
(93, 49)
(94, 49)
(24, 50)
(25, 50)
(26, 50)
(27, 50)
(28, 50)
(87, 50)
(88, 50)
(89, 50)
(90, 50)
(91, 50)
(92, 50)
(93, 50)
(94, 50)
(87, 51)
(88, 51)
(89, 51)
(90, 51)
(91, 51)
(92, 51)
(93, 51)
(94, 51)
(87, 52)
(88, 52)
(89, 52)
(90, 52)
(91, 52)
(92, 52)
(93, 52)
(94, 52)
(91, 53)
(92, 53)
(93, 53)
(94, 53)
(19, 57)
(20, 57)
(21, 57)
(19, 58)
(20, 58)
(21, 58)
(19, 59)
(20, 59)
(21, 59)
(19, 60)
(20, 60)
(21, 60)
(63, 60)
(64, 60)
(65, 60)
(66, 60)
(19, 61)
(20, 61)
(21, 61)
(63, 61)
(64, 61)
(65, 61)
(66, 61)
(63, 62)
(64, 62)
(65, 62)
(66, 62)
(63, 63)
(64, 63)
(65, 63)
(66, 63)
(36, 64)
(37, 64)
(38, 64)
(39, 64)
(40, 64)
(36, 65)
(37, 65)
(38, 65)
(39, 65)
(40, 65)
(36, 66)
(37, 66)
(38, 66)
(39, 66)
(40, 66)
(84, 66)
(85, 66)
(86, 66)
(87, 66)
(36, 67)
(37, 67)
(38, 67)
(39, 67)
(40, 67)
(51, 67)
(52, 67)
(53, 67)
(54, 67)
(55, 67)
(60, 67)
(61, 67)
(62, 67)
(63, 67)
(84, 67)
(85, 67)
(86, 67)
(87, 67)
(36, 68)
(37, 68)
(38, 68)
(39, 68)
(40, 68)
(51, 68)
(52, 68)
(53, 68)
(54, 68)
(55, 68)
(60, 68)
(61, 68)
(62, 68)
(63, 68)
(72, 68)
(73, 68)
(74, 68)
(75, 68)
(84, 68)
(85, 68)
(86, 68)
(87, 68)
(51, 69)
(52, 69)
(53, 69)
(54, 69)
(55, 69)
(60, 69)
(61, 69)
(62, 69)
(63, 69)
(72, 69)
(73, 69)
(74, 69)
(75, 69)
(84, 69)
(85, 69)
(86, 69)
(87, 69)
(51, 70)
(52, 70)
(53, 70)
(54, 70)
(55, 70)
(72, 70)
(73, 70)
(74, 70)
(75, 70)
(84, 70)
(85, 70)
(86, 70)
(87, 70)
(51, 71)
(52, 71)
(53, 71)
(54, 71)
(55, 71)
(72, 71)
(73, 71)
(74, 71)
(75, 71)
(62, 75)
(63, 75)
(64, 75)
(49, 76)
(50, 76)
(51, 76)
(62, 76)
(63, 76)
(64, 76)
(49, 77)
(50, 77)
(51, 77)
(62, 77)
(63, 77)
(64, 77)
(49, 78)
(50, 78)
(51, 78)
(62, 78)
(63, 78)
(64, 78)
(35, 81)
(36, 81)
(37, 81)
(38, 81)
(39, 81)
(35, 82)
(36, 82)
(37, 82)
(38, 82)
(39, 82)
(35, 83)
(36, 83)
(37, 83)
(38, 83)
(39, 83)
(35, 84)
(36, 84)
(37, 84)
(38, 84)
(39, 84)
(65, 86)
(66, 86)
(67, 86)
(81, 86)
(82, 86)
(83, 86)
(84, 86)
(65, 87)
(66, 87)
(67, 87)
(81, 87)
(82, 87)
(83, 87)
(84, 87)
(65, 88)
(66, 88)
(67, 88)
(81, 88)
(82, 88)
(83, 88)
(84, 88)
(65, 89)
(66, 89)
(67, 89)
(81, 89)
(82, 89)
(83, 89)
(84, 89)
(65, 90)
(66, 90)
(67, 90)
(81, 90)
(82, 90)
(83, 90)
(84, 90)
(73, 91)
(74, 91)
(75, 91)
(46, 92)
(47, 92)
(48, 92)
(49, 92)
(50, 92)
(73, 92)
(74, 92)
(75, 92)
(46, 93)
(47, 93)
(48, 93)
(49, 93)
(50, 93)
(73, 93)
(74, 93)
(75, 93)
(80, 93)
(81, 93)
(82, 93)
(17, 94)
(18, 94)
(19, 94)
(24, 94)
(25, 94)
(26, 94)
(46, 94)
(47, 94)
(48, 94)
(49, 94)
(50, 94)
(80, 94)
(81, 94)
(82, 94)
(17, 95)
(18, 95)
(19, 95)
(24, 95)
(25, 95)
(26, 95)
(46, 95)
(47, 95)
(48, 95)
(49, 95)
(50, 95)
(80, 95)
(81, 95)
(82, 95)
(17, 96)
(18, 96)
(19, 96)
(24, 96)
(25, 96)
(26, 96)
(80, 96)
(81, 96)
(82, 96)
(17, 97)
(18, 97)
(19, 97)
(24, 97)
(25, 97)
(26, 97)
(80, 97)
(81, 97)
(82, 97)
-
(0, 5, 1.0, -1, 0.5)
(1, 1, 1.0, -1, 0.5)
(2, 4, 1.0, -1, 0.5)
(3, 3, 1.0, -1, 0.5)
(4, 2, 1.0, -1, 0.5)
(5, 4, 1.0, -1, 0.5)
(6, 3, 1.0, -1, 0.5)
(7, 2, 1.0, -1, 0.5)
(8, 5, 1.0, -1, 0.5)
(9, 1, 1.0, -1, 0.5)
-
(0, (33,30), (66,91))
(1, (70,99), (26,78))
(2, (76,30), (84,93))
(3, (35,5), (57,90))
(4, (36,57), (2,7))
(5, (11,79), (63,38))
(6, (89,86), (36,50))
(7, (69,74), (40,12))
(8, (3,81), (8,35))
(9, (99,69), (83,37))
