100
(76, 18)
(77, 18)
(78, 18)
(79, 18)
(80, 18)
(76, 19)
(77, 19)
(78, 19)
(79, 19)
(80, 19)
(76, 20)
(77, 20)
(78, 20)
(79, 20)
(80, 20)
(76, 21)
(77, 21)
(78, 21)
(79, 21)
(80, 21)
(80, 26)
(81, 26)
(82, 26)
(83, 26)
(84, 26)
(80, 27)
(81, 27)
(82, 27)
(83, 27)
(84, 27)
(80, 28)
(81, 28)
(82, 28)
(83, 28)
(84, 28)
(91, 30)
(92, 30)
(93, 30)
(25, 31)
(26, 31)
(27, 31)
(28, 31)
(29, 31)
(64, 31)
(65, 31)
(66, 31)
(67, 31)
(68, 31)
(91, 31)
(92, 31)
(93, 31)
(25, 32)
(26, 32)
(27, 32)
(28, 32)
(29, 32)
(64, 32)
(65, 32)
(66, 32)
(67, 32)
(68, 32)
(91, 32)
(92, 32)
(93, 32)
(25, 33)
(26, 33)
(27, 33)
(28, 33)
(29, 33)
(64, 33)
(65, 33)
(66, 33)
(67, 33)
(68, 33)
(64, 34)
(65, 34)
(66, 34)
(67, 34)
(68, 34)
(64, 35)
(65, 35)
(66, 35)
(67, 35)
(68, 35)
(71, 38)
(72, 38)
(73, 38)
(74, 38)
(71, 39)
(72, 39)
(73, 39)
(74, 39)
(71, 40)
(72, 40)
(73, 40)
(74, 40)
(75, 40)
(76, 40)
(77, 40)
(71, 41)
(72, 41)
(73, 41)
(74, 41)
(75, 41)
(76, 41)
(77, 41)
(71, 42)
(72, 42)
(73, 42)
(74, 42)
(75, 42)
(76, 42)
(77, 42)
(44, 47)
(45, 47)
(46, 47)
(44, 48)
(45, 48)
(46, 48)
(44, 49)
(45, 49)
(46, 49)
(44, 72)
(45, 72)
(46, 72)
(47, 72)
(44, 73)
(45, 73)
(46, 73)
(47, 73)
(44, 74)
(45, 74)
(46, 74)
(47, 74)
(44, 75)
(45, 75)
(46, 75)
(47, 75)
(71, 85)
(72, 85)
(73, 85)
(74, 85)
(75, 85)
(71, 86)
(72, 86)
(73, 86)
(74, 86)
(75, 86)
(71, 87)
(72, 87)
(73, 87)
(74, 87)
(75, 87)
(71, 88)
(72, 88)
(73, 88)
(74, 88)
(75, 88)
-
(0, 1, 1.0, -1, 0.5)
(1, 2, 1.0, -1, 0.5)
(2, 3, 1.0, -1, 0.5)
(3, 5, 1.0, -1, 0.5)
(4, 4, 1.0, -1, 0.5)
(5, 2, 1.0, -1, 0.5)
(6, 4, 1.0, -1, 0.5)
(7, 1, 1.0, -1, 0.5)
(8, 3, 1.0, -1, 0.5)
(9, 5, 1.0, -1, 0.5)
-
(0, (84,61), (17,77))
(1, (45,37), (80,63))
(2, (6,54), (86,93))
(3, (28,93), (94,23))
(4, (42,12), (27,57))
(5, (52,77), (30,4))
(6, (49,72), (17,87))
(7, (18,43), (43,19))
(8, (48,2), (10,1))
(9, (71,28), (47,7))
