100
(4, 0)
(5, 0)
(6, 0)
(7, 0)
(8, 0)
(4, 1)
(5, 1)
(6, 1)
(7, 1)
(8, 1)
(48, 1)
(49, 1)
(50, 1)
(51, 1)
(4, 2)
(5, 2)
(6, 2)
(7, 2)
(8, 2)
(40, 2)
(41, 2)
(42, 2)
(43, 2)
(48, 2)
(49, 2)
(50, 2)
(51, 2)
(91, 2)
(92, 2)
(93, 2)
(40, 3)
(41, 3)
(42, 3)
(43, 3)
(48, 3)
(49, 3)
(50, 3)
(51, 3)
(91, 3)
(92, 3)
(93, 3)
(17, 4)
(18, 4)
(19, 4)
(20, 4)
(40, 4)
(41, 4)
(42, 4)
(43, 4)
(48, 4)
(49, 4)
(50, 4)
(51, 4)
(86, 4)
(87, 4)
(88, 4)
(89, 4)
(91, 4)
(92, 4)
(93, 4)
(17, 5)
(18, 5)
(19, 5)
(20, 5)
(40, 5)
(41, 5)
(42, 5)
(43, 5)
(48, 5)
(49, 5)
(50, 5)
(51, 5)
(86, 5)
(87, 5)
(88, 5)
(89, 5)
(91, 5)
(92, 5)
(93, 5)
(17, 6)
(18, 6)
(19, 6)
(20, 6)
(40, 6)
(41, 6)
(42, 6)
(43, 6)
(55, 6)
(56, 6)
(57, 6)
(86, 6)
(87, 6)
(88, 6)
(89, 6)
(17, 7)
(18, 7)
(19, 7)
(20, 7)
(55, 7)
(56, 7)
(57, 7)
(61, 7)
(62, 7)
(63, 7)
(64, 7)
(65, 7)
(70, 7)
(71, 7)
(72, 7)
(73, 7)
(17, 8)
(18, 8)
(19, 8)
(20, 8)
(55, 8)
(56, 8)
(57, 8)
(61, 8)
(62, 8)
(63, 8)
(64, 8)
(65, 8)
(70, 8)
(71, 8)
(72, 8)
(73, 8)
(79, 8)
(80, 8)
(81, 8)
(82, 8)
(83, 8)
(55, 9)
(56, 9)
(57, 9)
(61, 9)
(62, 9)
(63, 9)
(64, 9)
(65, 9)
(70, 9)
(71, 9)
(72, 9)
(73, 9)
(79, 9)
(80, 9)
(81, 9)
(82, 9)
(83, 9)
(30, 10)
(31, 10)
(32, 10)
(61, 10)
(62, 10)
(63, 10)
(64, 10)
(65, 10)
(70, 10)
(71, 10)
(72, 10)
(73, 10)
(79, 10)
(80, 10)
(81, 10)
(82, 10)
(83, 10)
(89, 10)
(90, 10)
(91, 10)
(92, 10)
(30, 11)
(31, 11)
(32, 11)
(70, 11)
(71, 11)
(72, 11)
(73, 11)
(79, 11)
(80, 11)
(81, 11)
(82, 11)
(83, 11)
(89, 11)
(90, 11)
(91, 11)
(92, 11)
(4, 12)
(5, 12)
(6, 12)
(7, 12)
(8, 12)
(30, 12)
(31, 12)
(32, 12)
(79, 12)
(80, 12)
(81, 12)
(82, 12)
(83, 12)
(89, 12)
(90, 12)
(91, 12)
(92, 12)
(4, 13)
(5, 13)
(6, 13)
(7, 13)
(8, 13)
(30, 13)
(31, 13)
(32, 13)
(89, 13)
(90, 13)
(91, 13)
(92, 13)
(4, 14)
(5, 14)
(6, 14)
(7, 14)
(8, 14)
(19, 14)
(20, 14)
(21, 14)
(89, 14)
(90, 14)
(91, 14)
(92, 14)
(4, 15)
(5, 15)
(6, 15)
(7, 15)
(8, 15)
(19, 15)
(20, 15)
(21, 15)
(73, 15)
(74, 15)
(75, 15)
(4, 16)
(5, 16)
(6, 16)
(7, 16)
(8, 16)
(19, 16)
(20, 16)
(21, 16)
(37, 16)
(38, 16)
(39, 16)
(40, 16)
(73, 16)
(74, 16)
(75, 16)
(5, 17)
(6, 17)
(7, 17)
(8, 17)
(37, 17)
(38, 17)
(39, 17)
(40, 17)
(73, 17)
(74, 17)
(75, 17)
(78, 17)
(79, 17)
(80, 17)
(81, 17)
(82, 17)
(5, 18)
(6, 18)
(7, 18)
(8, 18)
(37, 18)
(38, 18)
(39, 18)
(40, 18)
(51, 18)
(52, 18)
(53, 18)
(54, 18)
(78, 18)
(79, 18)
(80, 18)
(81, 18)
(82, 18)
(5, 19)
(6, 19)
(7, 19)
(8, 19)
(30, 19)
(31, 19)
(32, 19)
(37, 19)
(38, 19)
(39, 19)
(40, 19)
(51, 19)
(52, 19)
(53, 19)
(54, 19)
(58, 19)
(59, 19)
(60, 19)
(61, 19)
(62, 19)
(78, 19)
(79, 19)
(80, 19)
(81, 19)
(82, 19)
(1, 20)
(2, 20)
(3, 20)
(4, 20)
(5, 20)
(30, 20)
(31, 20)
(32, 20)
(51, 20)
(52, 20)
(53, 20)
(54, 20)
(58, 20)
(59, 20)
(60, 20)
(61, 20)
(62, 20)
(1, 21)
(2, 21)
(3, 21)
(4, 21)
(5, 21)
(30, 21)
(31, 21)
(32, 21)
(51, 21)
(52, 21)
(53, 21)
(54, 21)
(58, 21)
(59, 21)
(60, 21)
(61, 21)
(62, 21)
(1, 22)
(2, 22)
(3, 22)
(4, 22)
(5, 22)
(51, 22)
(52, 22)
(53, 22)
(54, 22)
(58, 22)
(59, 22)
(60, 22)
(61, 22)
(62, 22)
(92, 22)
(93, 22)
(94, 22)
(92, 23)
(93, 23)
(94, 23)
(0, 24)
(1, 24)
(2, 24)
(16, 24)
(17, 24)
(18, 24)
(19, 24)
(36, 24)
(37, 24)
(38, 24)
(39, 24)
(40, 24)
(92, 24)
(93, 24)
(94, 24)
(0, 25)
(1, 25)
(2, 25)
(16, 25)
(17, 25)
(18, 25)
(19, 25)
(36, 25)
(37, 25)
(38, 25)
(39, 25)
(40, 25)
(51, 25)
(52, 25)
(53, 25)
(54, 25)
(0, 26)
(1, 26)
(2, 26)
(16, 26)
(17, 26)
(18, 26)
(19, 26)
(36, 26)
(37, 26)
(38, 26)
(39, 26)
(40, 26)
(51, 26)
(52, 26)
(53, 26)
(54, 26)
(0, 27)
(1, 27)
(2, 27)
(36, 27)
(37, 27)
(38, 27)
(39, 27)
(40, 27)
(51, 27)
(52, 27)
(53, 27)
(54, 27)
(0, 28)
(1, 28)
(2, 28)
(63, 28)
(64, 28)
(65, 28)
(13, 29)
(14, 29)
(15, 29)
(63, 29)
(64, 29)
(65, 29)
(77, 29)
(78, 29)
(79, 29)
(80, 29)
(13, 30)
(14, 30)
(15, 30)
(63, 30)
(64, 30)
(65, 30)
(66, 30)
(67, 30)
(68, 30)
(69, 30)
(77, 30)
(78, 30)
(79, 30)
(80, 30)
(13, 31)
(14, 31)
(15, 31)
(33, 31)
(34, 31)
(35, 31)
(36, 31)
(63, 31)
(64, 31)
(65, 31)
(66, 31)
(67, 31)
(68, 31)
(69, 31)
(77, 31)
(78, 31)
(79, 31)
(80, 31)
(94, 31)
(95, 31)
(96, 31)
(97, 31)
(13, 32)
(14, 32)
(15, 32)
(33, 32)
(34, 32)
(35, 32)
(36, 32)
(63, 32)
(64, 32)
(65, 32)
(66, 32)
(67, 32)
(68, 32)
(69, 32)
(77, 32)
(78, 32)
(79, 32)
(80, 32)
(94, 32)
(95, 32)
(96, 32)
(97, 32)
(33, 33)
(34, 33)
(35, 33)
(36, 33)
(66, 33)
(67, 33)
(68, 33)
(69, 33)
(94, 33)
(95, 33)
(96, 33)
(97, 33)
(21, 34)
(22, 34)
(23, 34)
(24, 34)
(94, 34)
(95, 34)
(96, 34)
(97, 34)
(21, 35)
(22, 35)
(23, 35)
(24, 35)
(45, 35)
(46, 35)
(47, 35)
(94, 35)
(95, 35)
(96, 35)
(97, 35)
(21, 36)
(22, 36)
(23, 36)
(24, 36)
(45, 36)
(46, 36)
(47, 36)
(45, 37)
(46, 37)
(47, 37)
(50, 37)
(51, 37)
(52, 37)
(53, 37)
(54, 37)
(73, 37)
(74, 37)
(75, 37)
(76, 37)
(50, 38)
(51, 38)
(52, 38)
(53, 38)
(54, 38)
(73, 38)
(74, 38)
(75, 38)
(76, 38)
(5, 39)
(6, 39)
(7, 39)
(8, 39)
(17, 39)
(18, 39)
(19, 39)
(20, 39)
(21, 39)
(50, 39)
(51, 39)
(52, 39)
(53, 39)
(54, 39)
(73, 39)
(74, 39)
(75, 39)
(76, 39)
(5, 40)
(6, 40)
(7, 40)
(8, 40)
(9, 40)
(10, 40)
(11, 40)
(17, 40)
(18, 40)
(19, 40)
(20, 40)
(21, 40)
(50, 40)
(51, 40)
(52, 40)
(53, 40)
(54, 40)
(73, 40)
(74, 40)
(75, 40)
(76, 40)
(5, 41)
(6, 41)
(7, 41)
(8, 41)
(9, 41)
(10, 41)
(11, 41)
(17, 41)
(18, 41)
(19, 41)
(20, 41)
(21, 41)
(46, 41)
(47, 41)
(48, 41)
(50, 41)
(51, 41)
(52, 41)
(53, 41)
(54, 41)
(73, 41)
(74, 41)
(75, 41)
(76, 41)
(5, 42)
(6, 42)
(7, 42)
(8, 42)
(9, 42)
(10, 42)
(11, 42)
(46, 42)
(47, 42)
(48, 42)
(72, 42)
(73, 42)
(74, 42)
(5, 43)
(6, 43)
(7, 43)
(8, 43)
(33, 43)
(34, 43)
(35, 43)
(36, 43)
(37, 43)
(46, 43)
(47, 43)
(48, 43)
(72, 43)
(73, 43)
(74, 43)
(86, 43)
(87, 43)
(88, 43)
(89, 43)
(33, 44)
(34, 44)
(35, 44)
(36, 44)
(37, 44)
(45, 44)
(46, 44)
(47, 44)
(61, 44)
(62, 44)
(63, 44)
(72, 44)
(73, 44)
(74, 44)
(86, 44)
(87, 44)
(88, 44)
(89, 44)
(1, 45)
(2, 45)
(3, 45)
(4, 45)
(33, 45)
(34, 45)
(35, 45)
(36, 45)
(37, 45)
(45, 45)
(46, 45)
(47, 45)
(61, 45)
(62, 45)
(63, 45)
(72, 45)
(73, 45)
(74, 45)
(86, 45)
(87, 45)
(88, 45)
(89, 45)
(1, 46)
(2, 46)
(3, 46)
(4, 46)
(33, 46)
(34, 46)
(35, 46)
(36, 46)
(37, 46)
(45, 46)
(46, 46)
(47, 46)
(61, 46)
(62, 46)
(63, 46)
(81, 46)
(82, 46)
(83, 46)
(84, 46)
(85, 46)
(1, 47)
(2, 47)
(3, 47)
(4, 47)
(6, 47)
(7, 47)
(8, 47)
(9, 47)
(10, 47)
(45, 47)
(46, 47)
(47, 47)
(71, 47)
(72, 47)
(73, 47)
(74, 47)
(81, 47)
(82, 47)
(83, 47)
(84, 47)
(85, 47)
(1, 48)
(2, 48)
(3, 48)
(4, 48)
(6, 48)
(7, 48)
(8, 48)
(9, 48)
(10, 48)
(30, 48)
(31, 48)
(32, 48)
(65, 48)
(66, 48)
(67, 48)
(68, 48)
(69, 48)
(71, 48)
(72, 48)
(73, 48)
(74, 48)
(81, 48)
(82, 48)
(83, 48)
(84, 48)
(85, 48)
(6, 49)
(7, 49)
(8, 49)
(9, 49)
(10, 49)
(15, 49)
(16, 49)
(17, 49)
(18, 49)
(30, 49)
(31, 49)
(32, 49)
(65, 49)
(66, 49)
(67, 49)
(68, 49)
(69, 49)
(71, 49)
(72, 49)
(73, 49)
(74, 49)
(81, 49)
(82, 49)
(83, 49)
(84, 49)
(85, 49)
(6, 50)
(7, 50)
(8, 50)
(9, 50)
(10, 50)
(15, 50)
(16, 50)
(17, 50)
(18, 50)
(30, 50)
(31, 50)
(32, 50)
(65, 50)
(66, 50)
(67, 50)
(68, 50)
(69, 50)
(81, 50)
(82, 50)
(83, 50)
(84, 50)
(85, 50)
(6, 51)
(7, 51)
(8, 51)
(9, 51)
(10, 51)
(15, 51)
(16, 51)
(17, 51)
(18, 51)
(30, 51)
(31, 51)
(32, 51)
(39, 51)
(40, 51)
(41, 51)
(42, 51)
(65, 51)
(66, 51)
(67, 51)
(68, 51)
(69, 51)
(15, 52)
(16, 52)
(17, 52)
(18, 52)
(39, 52)
(40, 52)
(41, 52)
(42, 52)
(65, 52)
(66, 52)
(67, 52)
(68, 52)
(69, 52)
(39, 53)
(40, 53)
(41, 53)
(42, 53)
(55, 53)
(56, 53)
(57, 53)
(86, 53)
(87, 53)
(88, 53)
(97, 53)
(98, 53)
(99, 53)
(39, 54)
(40, 54)
(41, 54)
(42, 54)
(55, 54)
(56, 54)
(57, 54)
(86, 54)
(87, 54)
(88, 54)
(97, 54)
(98, 54)
(99, 54)
(38, 55)
(39, 55)
(40, 55)
(55, 55)
(56, 55)
(57, 55)
(86, 55)
(87, 55)
(88, 55)
(97, 55)
(98, 55)
(99, 55)
(7, 56)
(8, 56)
(9, 56)
(38, 56)
(39, 56)
(40, 56)
(55, 56)
(56, 56)
(57, 56)
(97, 56)
(98, 56)
(99, 56)
(7, 57)
(8, 57)
(9, 57)
(10, 57)
(11, 57)
(12, 57)
(13, 57)
(38, 57)
(39, 57)
(40, 57)
(7, 58)
(8, 58)
(9, 58)
(10, 58)
(11, 58)
(12, 58)
(13, 58)
(38, 58)
(39, 58)
(40, 58)
(54, 58)
(55, 58)
(56, 58)
(5, 59)
(6, 59)
(7, 59)
(8, 59)
(9, 59)
(10, 59)
(11, 59)
(12, 59)
(13, 59)
(28, 59)
(29, 59)
(30, 59)
(38, 59)
(39, 59)
(40, 59)
(54, 59)
(55, 59)
(56, 59)
(5, 60)
(6, 60)
(7, 60)
(8, 60)
(9, 60)
(28, 60)
(29, 60)
(30, 60)
(40, 60)
(41, 60)
(42, 60)
(54, 60)
(55, 60)
(56, 60)
(5, 61)
(6, 61)
(7, 61)
(8, 61)
(9, 61)
(17, 61)
(18, 61)
(19, 61)
(28, 61)
(29, 61)
(30, 61)
(40, 61)
(41, 61)
(42, 61)
(43, 61)
(44, 61)
(45, 61)
(46, 61)
(47, 61)
(54, 61)
(55, 61)
(56, 61)
(1, 62)
(2, 62)
(3, 62)
(4, 62)
(5, 62)
(17, 62)
(18, 62)
(19, 62)
(40, 62)
(41, 62)
(42, 62)
(43, 62)
(44, 62)
(45, 62)
(46, 62)
(47, 62)
(54, 62)
(55, 62)
(56, 62)
(57, 62)
(58, 62)
(59, 62)
(60, 62)
(61, 62)
(1, 63)
(2, 63)
(3, 63)
(4, 63)
(5, 63)
(17, 63)
(18, 63)
(19, 63)
(40, 63)
(41, 63)
(42, 63)
(43, 63)
(44, 63)
(45, 63)
(46, 63)
(47, 63)
(57, 63)
(58, 63)
(59, 63)
(60, 63)
(61, 63)
(1, 64)
(2, 64)
(3, 64)
(4, 64)
(5, 64)
(17, 64)
(18, 64)
(19, 64)
(40, 64)
(41, 64)
(42, 64)
(43, 64)
(44, 64)
(45, 64)
(46, 64)
(47, 64)
(57, 64)
(58, 64)
(59, 64)
(60, 64)
(61, 64)
(0, 65)
(1, 65)
(2, 65)
(3, 65)
(43, 65)
(44, 65)
(45, 65)
(46, 65)
(47, 65)
(0, 66)
(1, 66)
(2, 66)
(3, 66)
(0, 67)
(1, 67)
(2, 67)
(3, 67)
(68, 69)
(69, 69)
(70, 69)
(71, 69)
(72, 69)
(3, 70)
(4, 70)
(5, 70)
(6, 70)
(7, 70)
(34, 70)
(35, 70)
(36, 70)
(68, 70)
(69, 70)
(70, 70)
(71, 70)
(72, 70)
(3, 71)
(4, 71)
(5, 71)
(6, 71)
(7, 71)
(34, 71)
(35, 71)
(36, 71)
(68, 71)
(69, 71)
(70, 71)
(71, 71)
(72, 71)
(3, 72)
(4, 72)
(5, 72)
(6, 72)
(7, 72)
(34, 72)
(35, 72)
(36, 72)
(3, 73)
(4, 73)
(5, 73)
(6, 73)
(7, 73)
(34, 73)
(35, 73)
(36, 73)
(57, 73)
(58, 73)
(59, 73)
(57, 74)
(58, 74)
(59, 74)
(29, 75)
(30, 75)
(31, 75)
(57, 75)
(58, 75)
(59, 75)
(63, 75)
(64, 75)
(65, 75)
(66, 75)
(67, 75)
(29, 76)
(30, 76)
(31, 76)
(63, 76)
(64, 76)
(65, 76)
(66, 76)
(67, 76)
(76, 76)
(77, 76)
(78, 76)
(29, 77)
(30, 77)
(31, 77)
(49, 77)
(50, 77)
(51, 77)
(52, 77)
(63, 77)
(64, 77)
(65, 77)
(66, 77)
(67, 77)
(76, 77)
(77, 77)
(78, 77)
(29, 78)
(30, 78)
(31, 78)
(41, 78)
(42, 78)
(43, 78)
(44, 78)
(49, 78)
(50, 78)
(51, 78)
(52, 78)
(53, 78)
(54, 78)
(55, 78)
(56, 78)
(57, 78)
(76, 78)
(77, 78)
(78, 78)
(29, 79)
(30, 79)
(31, 79)
(41, 79)
(42, 79)
(43, 79)
(44, 79)
(46, 79)
(47, 79)
(48, 79)
(49, 79)
(50, 79)
(51, 79)
(52, 79)
(53, 79)
(54, 79)
(55, 79)
(56, 79)
(57, 79)
(41, 80)
(42, 80)
(43, 80)
(44, 80)
(46, 80)
(47, 80)
(48, 80)
(53, 80)
(54, 80)
(55, 80)
(56, 80)
(57, 80)
(95, 80)
(96, 80)
(97, 80)
(98, 80)
(99, 80)
(41, 81)
(42, 81)
(43, 81)
(44, 81)
(46, 81)
(47, 81)
(48, 81)
(95, 81)
(96, 81)
(97, 81)
(98, 81)
(99, 81)
(46, 82)
(47, 82)
(48, 82)
(95, 82)
(96, 82)
(97, 82)
(98, 82)
(99, 82)
(49, 83)
(50, 83)
(51, 83)
(52, 83)
(95, 83)
(96, 83)
(97, 83)
(98, 83)
(99, 83)
(13, 84)
(14, 84)
(15, 84)
(16, 84)
(49, 84)
(50, 84)
(51, 84)
(52, 84)
(95, 84)
(96, 84)
(97, 84)
(98, 84)
(99, 84)
(13, 85)
(14, 85)
(15, 85)
(16, 85)
(49, 85)
(50, 85)
(51, 85)
(52, 85)
(78, 85)
(79, 85)
(80, 85)
(13, 86)
(14, 86)
(15, 86)
(16, 86)
(49, 86)
(50, 86)
(51, 86)
(52, 86)
(78, 86)
(79, 86)
(80, 86)
(13, 87)
(14, 87)
(15, 87)
(16, 87)
(49, 87)
(50, 87)
(51, 87)
(52, 87)
(78, 87)
(79, 87)
(80, 87)
(37, 88)
(38, 88)
(39, 88)
(40, 88)
(41, 88)
(78, 88)
(79, 88)
(80, 88)
(37, 89)
(38, 89)
(39, 89)
(40, 89)
(41, 89)
(56, 89)
(57, 89)
(58, 89)
(14, 90)
(15, 90)
(16, 90)
(17, 90)
(37, 90)
(38, 90)
(39, 90)
(40, 90)
(41, 90)
(56, 90)
(57, 90)
(58, 90)
(14, 91)
(15, 91)
(16, 91)
(17, 91)
(25, 91)
(26, 91)
(27, 91)
(37, 91)
(38, 91)
(39, 91)
(40, 91)
(41, 91)
(56, 91)
(57, 91)
(58, 91)
(14, 92)
(15, 92)
(16, 92)
(17, 92)
(25, 92)
(26, 92)
(27, 92)
(37, 92)
(38, 92)
(39, 92)
(40, 92)
(41, 92)
(56, 92)
(57, 92)
(58, 92)
(14, 93)
(15, 93)
(16, 93)
(17, 93)
(25, 93)
(26, 93)
(27, 93)
(14, 94)
(15, 94)
(16, 94)
(17, 94)
(25, 94)
(26, 94)
(27, 94)
(25, 95)
(26, 95)
(27, 95)
(77, 95)
(78, 95)
(79, 95)
(80, 95)
(83, 95)
(84, 95)
(85, 95)
(77, 96)
(78, 96)
(79, 96)
(80, 96)
(83, 96)
(84, 96)
(85, 96)
(77, 97)
(78, 97)
(79, 97)
(80, 97)
(83, 97)
(84, 97)
(85, 97)
-
(0, 2, 1.0, -1, 0.5)
(1, 1, 1.0, -1, 0.5)
(2, 4, 1.0, -1, 0.5)
(3, 3, 1.0, -1, 0.5)
(4, 4, 1.0, -1, 0.5)
(5, 3, 1.0, -1, 0.5)
(6, 1, 1.0, -1, 0.5)
(7, 5, 1.0, -1, 0.5)
(8, 2, 1.0, -1, 0.5)
(9, 5, 1.0, -1, 0.5)
-
(0, (81,93), (4,96))
(1, (70,54), (88,93))
(2, (19,68), (28,4))
(3, (29,30), (69,36))
(4, (53,49), (77,23))
(5, (31,58), (21,94))
(6, (64,18), (25,78))
(7, (8,5), (48,71))
(8, (23,57), (41,9))
(9, (85,17), (83,79))
