100
(18, 0)
(19, 0)
(20, 0)
(21, 0)
(22, 0)
(37, 0)
(38, 0)
(39, 0)
(40, 0)
(41, 0)
(46, 0)
(47, 0)
(48, 0)
(49, 0)
(97, 0)
(98, 0)
(99, 0)
(18, 1)
(19, 1)
(20, 1)
(21, 1)
(22, 1)
(37, 1)
(38, 1)
(39, 1)
(40, 1)
(41, 1)
(46, 1)
(47, 1)
(48, 1)
(49, 1)
(97, 1)
(98, 1)
(99, 1)
(18, 2)
(19, 2)
(20, 2)
(21, 2)
(22, 2)
(37, 2)
(38, 2)
(39, 2)
(40, 2)
(41, 2)
(46, 2)
(47, 2)
(48, 2)
(49, 2)
(56, 2)
(57, 2)
(58, 2)
(59, 2)
(97, 2)
(98, 2)
(99, 2)
(18, 3)
(19, 3)
(20, 3)
(21, 3)
(22, 3)
(37, 3)
(38, 3)
(39, 3)
(40, 3)
(41, 3)
(56, 3)
(57, 3)
(58, 3)
(59, 3)
(95, 3)
(96, 3)
(97, 3)
(37, 4)
(38, 4)
(39, 4)
(40, 4)
(41, 4)
(43, 4)
(44, 4)
(45, 4)
(46, 4)
(47, 4)
(56, 4)
(57, 4)
(58, 4)
(59, 4)
(95, 4)
(96, 4)
(97, 4)
(43, 5)
(44, 5)
(45, 5)
(46, 5)
(47, 5)
(56, 5)
(57, 5)
(58, 5)
(59, 5)
(95, 5)
(96, 5)
(97, 5)
(43, 6)
(44, 6)
(45, 6)
(46, 6)
(47, 6)
(95, 6)
(96, 6)
(97, 6)
(56, 7)
(57, 7)
(58, 7)
(59, 7)
(60, 7)
(95, 7)
(96, 7)
(97, 7)
(56, 8)
(57, 8)
(58, 8)
(59, 8)
(60, 8)
(71, 8)
(72, 8)
(73, 8)
(74, 8)
(95, 8)
(96, 8)
(97, 8)
(56, 9)
(57, 9)
(58, 9)
(59, 9)
(60, 9)
(71, 9)
(72, 9)
(73, 9)
(74, 9)
(95, 9)
(96, 9)
(97, 9)
(71, 10)
(72, 10)
(73, 10)
(74, 10)
(95, 10)
(96, 10)
(97, 10)
(8, 11)
(9, 11)
(10, 11)
(71, 11)
(72, 11)
(73, 11)
(74, 11)
(78, 11)
(79, 11)
(80, 11)
(81, 11)
(8, 12)
(9, 12)
(10, 12)
(78, 12)
(79, 12)
(80, 12)
(81, 12)
(8, 13)
(9, 13)
(10, 13)
(78, 13)
(79, 13)
(80, 13)
(81, 13)
(90, 13)
(91, 13)
(92, 13)
(93, 13)
(8, 14)
(9, 14)
(10, 14)
(59, 14)
(60, 14)
(61, 14)
(78, 14)
(79, 14)
(80, 14)
(81, 14)
(90, 14)
(91, 14)
(92, 14)
(93, 14)
(54, 15)
(55, 15)
(56, 15)
(59, 15)
(60, 15)
(61, 15)
(90, 15)
(91, 15)
(92, 15)
(93, 15)
(96, 15)
(97, 15)
(98, 15)
(3, 16)
(4, 16)
(5, 16)
(54, 16)
(55, 16)
(56, 16)
(59, 16)
(60, 16)
(61, 16)
(96, 16)
(97, 16)
(98, 16)
(3, 17)
(4, 17)
(5, 17)
(43, 17)
(44, 17)
(45, 17)
(54, 17)
(55, 17)
(56, 17)
(59, 17)
(60, 17)
(61, 17)
(96, 17)
(97, 17)
(98, 17)
(3, 18)
(4, 18)
(5, 18)
(9, 18)
(10, 18)
(11, 18)
(12, 18)
(43, 18)
(44, 18)
(45, 18)
(96, 18)
(97, 18)
(98, 18)
(3, 19)
(4, 19)
(5, 19)
(9, 19)
(10, 19)
(11, 19)
(12, 19)
(43, 19)
(44, 19)
(45, 19)
(73, 19)
(74, 19)
(75, 19)
(3, 20)
(4, 20)
(5, 20)
(9, 20)
(10, 20)
(11, 20)
(12, 20)
(73, 20)
(74, 20)
(75, 20)
(9, 21)
(10, 21)
(11, 21)
(12, 21)
(73, 21)
(74, 21)
(75, 21)
(82, 22)
(83, 22)
(84, 22)
(85, 22)
(86, 22)
(82, 23)
(83, 23)
(84, 23)
(85, 23)
(86, 23)
(31, 24)
(32, 24)
(33, 24)
(34, 24)
(82, 24)
(83, 24)
(84, 24)
(85, 24)
(86, 24)
(31, 25)
(32, 25)
(33, 25)
(34, 25)
(44, 25)
(45, 25)
(46, 25)
(47, 25)
(48, 25)
(73, 25)
(74, 25)
(75, 25)
(82, 25)
(83, 25)
(84, 25)
(85, 25)
(86, 25)
(31, 26)
(32, 26)
(33, 26)
(34, 26)
(44, 26)
(45, 26)
(46, 26)
(47, 26)
(48, 26)
(73, 26)
(74, 26)
(75, 26)
(31, 27)
(32, 27)
(33, 27)
(34, 27)
(44, 27)
(45, 27)
(46, 27)
(47, 27)
(48, 27)
(73, 27)
(74, 27)
(75, 27)
(21, 28)
(22, 28)
(23, 28)
(24, 28)
(31, 28)
(32, 28)
(33, 28)
(34, 28)
(44, 28)
(45, 28)
(46, 28)
(47, 28)
(48, 28)
(73, 28)
(74, 28)
(75, 28)
(21, 29)
(22, 29)
(23, 29)
(24, 29)
(44, 29)
(45, 29)
(46, 29)
(47, 29)
(48, 29)
(76, 29)
(77, 29)
(78, 29)
(7, 30)
(8, 30)
(9, 30)
(21, 30)
(22, 30)
(23, 30)
(24, 30)
(76, 30)
(77, 30)
(78, 30)
(7, 31)
(8, 31)
(9, 31)
(21, 31)
(22, 31)
(23, 31)
(24, 31)
(76, 31)
(77, 31)
(78, 31)
(7, 32)
(8, 32)
(9, 32)
(21, 32)
(22, 32)
(23, 32)
(24, 32)
(76, 32)
(77, 32)
(78, 32)
(53, 33)
(54, 33)
(55, 33)
(76, 33)
(77, 33)
(78, 33)
(53, 34)
(54, 34)
(55, 34)
(97, 34)
(98, 34)
(99, 34)
(53, 35)
(54, 35)
(55, 35)
(97, 35)
(98, 35)
(99, 35)
(32, 36)
(33, 36)
(34, 36)
(35, 36)
(36, 36)
(53, 36)
(54, 36)
(55, 36)
(60, 36)
(61, 36)
(62, 36)
(63, 36)
(78, 36)
(79, 36)
(80, 36)
(97, 36)
(98, 36)
(99, 36)
(32, 37)
(33, 37)
(34, 37)
(35, 37)
(36, 37)
(53, 37)
(54, 37)
(55, 37)
(60, 37)
(61, 37)
(62, 37)
(63, 37)
(78, 37)
(79, 37)
(80, 37)
(97, 37)
(98, 37)
(99, 37)
(32, 38)
(33, 38)
(34, 38)
(35, 38)
(36, 38)
(60, 38)
(61, 38)
(62, 38)
(63, 38)
(72, 38)
(73, 38)
(74, 38)
(75, 38)
(78, 38)
(79, 38)
(80, 38)
(90, 38)
(91, 38)
(92, 38)
(93, 38)
(94, 38)
(1, 39)
(2, 39)
(3, 39)
(4, 39)
(5, 39)
(32, 39)
(33, 39)
(34, 39)
(35, 39)
(36, 39)
(60, 39)
(61, 39)
(62, 39)
(63, 39)
(72, 39)
(73, 39)
(74, 39)
(75, 39)
(90, 39)
(91, 39)
(92, 39)
(93, 39)
(94, 39)
(1, 40)
(2, 40)
(3, 40)
(4, 40)
(5, 40)
(72, 40)
(73, 40)
(74, 40)
(75, 40)
(90, 40)
(91, 40)
(92, 40)
(93, 40)
(94, 40)
(1, 41)
(2, 41)
(3, 41)
(4, 41)
(5, 41)
(72, 41)
(73, 41)
(74, 41)
(75, 41)
(90, 41)
(91, 41)
(92, 41)
(93, 41)
(94, 41)
(1, 42)
(2, 42)
(3, 42)
(4, 42)
(5, 42)
(90, 42)
(91, 42)
(92, 42)
(93, 42)
(94, 42)
(1, 43)
(2, 43)
(3, 43)
(4, 43)
(5, 43)
(38, 43)
(39, 43)
(40, 43)
(41, 43)
(42, 43)
(74, 43)
(75, 43)
(76, 43)
(77, 43)
(78, 43)
(38, 44)
(39, 44)
(40, 44)
(41, 44)
(42, 44)
(74, 44)
(75, 44)
(76, 44)
(77, 44)
(78, 44)
(7, 45)
(8, 45)
(9, 45)
(38, 45)
(39, 45)
(40, 45)
(41, 45)
(42, 45)
(74, 45)
(75, 45)
(76, 45)
(77, 45)
(78, 45)
(7, 46)
(8, 46)
(9, 46)
(38, 46)
(39, 46)
(40, 46)
(41, 46)
(42, 46)
(50, 46)
(51, 46)
(52, 46)
(53, 46)
(7, 47)
(8, 47)
(9, 47)
(50, 47)
(51, 47)
(52, 47)
(53, 47)
(7, 48)
(8, 48)
(9, 48)
(45, 48)
(46, 48)
(47, 48)
(48, 48)
(49, 48)
(50, 48)
(51, 48)
(52, 48)
(53, 48)
(7, 49)
(8, 49)
(9, 49)
(45, 49)
(46, 49)
(47, 49)
(48, 49)
(49, 49)
(50, 49)
(51, 49)
(52, 49)
(53, 49)
(45, 50)
(46, 50)
(47, 50)
(48, 50)
(49, 50)
(0, 51)
(1, 51)
(2, 51)
(3, 51)
(4, 51)
(64, 51)
(65, 51)
(66, 51)
(0, 52)
(1, 52)
(2, 52)
(3, 52)
(4, 52)
(64, 52)
(65, 52)
(66, 52)
(0, 53)
(1, 53)
(2, 53)
(3, 53)
(4, 53)
(64, 53)
(65, 53)
(66, 53)
(36, 54)
(37, 54)
(38, 54)
(39, 54)
(36, 55)
(37, 55)
(38, 55)
(39, 55)
(54, 55)
(55, 55)
(56, 55)
(36, 56)
(37, 56)
(38, 56)
(39, 56)
(45, 56)
(46, 56)
(47, 56)
(48, 56)
(54, 56)
(55, 56)
(56, 56)
(61, 56)
(62, 56)
(63, 56)
(64, 56)
(65, 56)
(87, 56)
(88, 56)
(89, 56)
(17, 57)
(18, 57)
(19, 57)
(20, 57)
(21, 57)
(45, 57)
(46, 57)
(47, 57)
(48, 57)
(54, 57)
(55, 57)
(56, 57)
(61, 57)
(62, 57)
(63, 57)
(64, 57)
(65, 57)
(87, 57)
(88, 57)
(89, 57)
(17, 58)
(18, 58)
(19, 58)
(20, 58)
(21, 58)
(45, 58)
(46, 58)
(47, 58)
(48, 58)
(54, 58)
(55, 58)
(56, 58)
(61, 58)
(62, 58)
(63, 58)
(64, 58)
(65, 58)
(87, 58)
(88, 58)
(89, 58)
(17, 59)
(18, 59)
(19, 59)
(20, 59)
(21, 59)
(54, 59)
(55, 59)
(56, 59)
(61, 59)
(62, 59)
(63, 59)
(64, 59)
(65, 59)
(87, 59)
(88, 59)
(89, 59)
(17, 60)
(18, 60)
(19, 60)
(20, 60)
(21, 60)
(61, 60)
(62, 60)
(63, 60)
(64, 60)
(65, 60)
(87, 60)
(88, 60)
(89, 60)
(22, 64)
(23, 64)
(24, 64)
(25, 64)
(28, 64)
(29, 64)
(30, 64)
(31, 64)
(32, 64)
(22, 65)
(23, 65)
(24, 65)
(25, 65)
(28, 65)
(29, 65)
(30, 65)
(31, 65)
(32, 65)
(22, 66)
(23, 66)
(24, 66)
(25, 66)
(28, 66)
(29, 66)
(30, 66)
(31, 66)
(32, 66)
(22, 67)
(23, 67)
(24, 67)
(25, 67)
(39, 67)
(40, 67)
(41, 67)
(42, 67)
(22, 68)
(23, 68)
(24, 68)
(25, 68)
(39, 68)
(40, 68)
(41, 68)
(42, 68)
(14, 69)
(15, 69)
(16, 69)
(17, 69)
(39, 69)
(40, 69)
(41, 69)
(42, 69)
(14, 70)
(15, 70)
(16, 70)
(17, 70)
(39, 70)
(40, 70)
(41, 70)
(42, 70)
(14, 71)
(15, 71)
(16, 71)
(17, 71)
(40, 71)
(41, 71)
(42, 71)
(52, 71)
(53, 71)
(54, 71)
(55, 71)
(56, 71)
(73, 71)
(74, 71)
(75, 71)
(76, 71)
(77, 71)
(14, 72)
(15, 72)
(16, 72)
(17, 72)
(40, 72)
(41, 72)
(42, 72)
(52, 72)
(53, 72)
(54, 72)
(55, 72)
(56, 72)
(66, 72)
(67, 72)
(68, 72)
(73, 72)
(74, 72)
(75, 72)
(76, 72)
(77, 72)
(83, 72)
(84, 72)
(85, 72)
(40, 73)
(41, 73)
(42, 73)
(47, 73)
(48, 73)
(49, 73)
(52, 73)
(53, 73)
(54, 73)
(55, 73)
(56, 73)
(66, 73)
(67, 73)
(68, 73)
(73, 73)
(74, 73)
(75, 73)
(76, 73)
(77, 73)
(83, 73)
(84, 73)
(85, 73)
(27, 74)
(28, 74)
(29, 74)
(30, 74)
(42, 74)
(43, 74)
(44, 74)
(47, 74)
(48, 74)
(49, 74)
(52, 74)
(53, 74)
(54, 74)
(55, 74)
(56, 74)
(66, 74)
(67, 74)
(68, 74)
(83, 74)
(84, 74)
(85, 74)
(27, 75)
(28, 75)
(29, 75)
(30, 75)
(42, 75)
(43, 75)
(44, 75)
(47, 75)
(48, 75)
(49, 75)
(50, 75)
(51, 75)
(52, 75)
(66, 75)
(67, 75)
(68, 75)
(83, 75)
(84, 75)
(85, 75)
(27, 76)
(28, 76)
(29, 76)
(30, 76)
(42, 76)
(43, 76)
(44, 76)
(50, 76)
(51, 76)
(52, 76)
(66, 76)
(67, 76)
(68, 76)
(10, 77)
(11, 77)
(12, 77)
(50, 77)
(51, 77)
(52, 77)
(10, 78)
(11, 78)
(12, 78)
(50, 78)
(51, 78)
(52, 78)
(10, 79)
(11, 79)
(12, 79)
(50, 79)
(51, 79)
(52, 79)
(1, 80)
(2, 80)
(3, 80)
(4, 80)
(25, 80)
(26, 80)
(27, 80)
(28, 80)
(29, 80)
(71, 80)
(72, 80)
(73, 80)
(74, 80)
(1, 81)
(2, 81)
(3, 81)
(4, 81)
(25, 81)
(26, 81)
(27, 81)
(28, 81)
(29, 81)
(71, 81)
(72, 81)
(73, 81)
(74, 81)
(1, 82)
(2, 82)
(3, 82)
(4, 82)
(6, 82)
(7, 82)
(8, 82)
(9, 82)
(25, 82)
(26, 82)
(27, 82)
(28, 82)
(29, 82)
(71, 82)
(72, 82)
(73, 82)
(74, 82)
(1, 83)
(2, 83)
(3, 83)
(4, 83)
(6, 83)
(7, 83)
(8, 83)
(9, 83)
(25, 83)
(26, 83)
(27, 83)
(28, 83)
(29, 83)
(32, 83)
(33, 83)
(34, 83)
(71, 83)
(72, 83)
(73, 83)
(74, 83)
(1, 84)
(2, 84)
(3, 84)
(4, 84)
(6, 84)
(7, 84)
(8, 84)
(9, 84)
(25, 84)
(26, 84)
(27, 84)
(28, 84)
(29, 84)
(32, 84)
(33, 84)
(34, 84)
(84, 84)
(85, 84)
(86, 84)
(32, 85)
(33, 85)
(34, 85)
(36, 85)
(37, 85)
(38, 85)
(39, 85)
(40, 85)
(84, 85)
(85, 85)
(86, 85)
(12, 86)
(13, 86)
(14, 86)
(15, 86)
(32, 86)
(33, 86)
(34, 86)
(36, 86)
(37, 86)
(38, 86)
(39, 86)
(40, 86)
(84, 86)
(85, 86)
(86, 86)
(12, 87)
(13, 87)
(14, 87)
(15, 87)
(32, 87)
(33, 87)
(34, 87)
(36, 87)
(37, 87)
(38, 87)
(39, 87)
(40, 87)
(90, 87)
(91, 87)
(92, 87)
(93, 87)
(12, 88)
(13, 88)
(14, 88)
(15, 88)
(36, 88)
(37, 88)
(38, 88)
(39, 88)
(40, 88)
(80, 88)
(81, 88)
(82, 88)
(83, 88)
(90, 88)
(91, 88)
(92, 88)
(93, 88)
(12, 89)
(13, 89)
(14, 89)
(15, 89)
(36, 89)
(37, 89)
(38, 89)
(39, 89)
(40, 89)
(66, 89)
(67, 89)
(68, 89)
(69, 89)
(70, 89)
(80, 89)
(81, 89)
(82, 89)
(83, 89)
(90, 89)
(91, 89)
(92, 89)
(93, 89)
(66, 90)
(67, 90)
(68, 90)
(69, 90)
(70, 90)
(80, 90)
(81, 90)
(82, 90)
(83, 90)
(90, 90)
(91, 90)
(92, 90)
(93, 90)
(66, 91)
(67, 91)
(68, 91)
(69, 91)
(70, 91)
(80, 91)
(81, 91)
(82, 91)
(83, 91)
(90, 91)
(91, 91)
(92, 91)
(93, 91)
(70, 92)
(71, 92)
(72, 92)
(81, 92)
(82, 92)
(83, 92)
(70, 93)
(71, 93)
(72, 93)
(81, 93)
(82, 93)
(83, 93)
(70, 94)
(71, 94)
(72, 94)
(81, 94)
(82, 94)
(83, 94)
(81, 95)
(82, 95)
(83, 95)
(81, 96)
(82, 96)
(83, 96)
-
(0, 4, 1.0, -1, 0.5)
(1, 4, 1.0, -1, 0.5)
(2, 5, 1.0, -1, 0.5)
(3, 1, 1.0, -1, 0.5)
(4, 3, 1.0, -1, 0.5)
(5, 5, 1.0, -1, 0.5)
(6, 3, 1.0, -1, 0.5)
(7, 1, 1.0, -1, 0.5)
(8, 2, 1.0, -1, 0.5)
(9, 2, 1.0, -1, 0.5)
-
(0, (40,48), (79,7))
(1, (38,5), (96,61))
(2, (8,71), (72,75))
(3, (68,6), (92,83))
(4, (49,89), (33,4))
(5, (40,78), (53,19))
(6, (26,19), (36,94))
(7, (72,19), (16,3))
(8, (77,34), (89,72))
(9, (87,65), (31,62))
