100
(38, 21)
(39, 21)
(40, 21)
(38, 22)
(39, 22)
(40, 22)
(38, 23)
(39, 23)
(40, 23)
(32, 25)
(33, 25)
(34, 25)
(32, 26)
(33, 26)
(34, 26)
(32, 27)
(33, 27)
(34, 27)
(32, 28)
(33, 28)
(34, 28)
(16, 29)
(17, 29)
(18, 29)
(16, 30)
(17, 30)
(18, 30)
(16, 31)
(17, 31)
(18, 31)
(16, 32)
(17, 32)
(18, 32)
(25, 45)
(26, 45)
(27, 45)
(25, 46)
(26, 46)
(27, 46)
(25, 47)
(26, 47)
(27, 47)
(95, 54)
(96, 54)
(97, 54)
(98, 54)
(99, 54)
(47, 55)
(48, 55)
(49, 55)
(50, 55)
(51, 55)
(95, 55)
(96, 55)
(97, 55)
(98, 55)
(99, 55)
(44, 56)
(45, 56)
(46, 56)
(47, 56)
(48, 56)
(49, 56)
(50, 56)
(51, 56)
(95, 56)
(96, 56)
(97, 56)
(98, 56)
(99, 56)
(44, 57)
(45, 57)
(46, 57)
(47, 57)
(48, 57)
(49, 57)
(50, 57)
(51, 57)
(44, 58)
(45, 58)
(46, 58)
(47, 58)
(48, 58)
(49, 58)
(50, 58)
(51, 58)
(8, 59)
(9, 59)
(10, 59)
(11, 59)
(8, 60)
(9, 60)
(10, 60)
(11, 60)
(8, 61)
(9, 61)
(10, 61)
(11, 61)
(8, 62)
(9, 62)
(10, 62)
(11, 62)
(8, 63)
(9, 63)
(10, 63)
(11, 63)
(55, 71)
(56, 71)
(57, 71)
(58, 71)
(59, 71)
(55, 72)
(56, 72)
(57, 72)
(58, 72)
(59, 72)
(55, 73)
(56, 73)
(57, 73)
(58, 73)
(59, 73)
(55, 74)
(56, 74)
(57, 74)
(58, 74)
(59, 74)
(1, 75)
(2, 75)
(3, 75)
(4, 75)
(55, 75)
(56, 75)
(57, 75)
(58, 75)
(59, 75)
(1, 76)
(2, 76)
(3, 76)
(4, 76)
(1, 77)
(2, 77)
(3, 77)
(4, 77)
(1, 78)
(2, 78)
(3, 78)
(4, 78)
(1, 79)
(2, 79)
(3, 79)
(4, 79)
-
(0, 4, 1.0, -1, 0.5)
(1, 2, 1.0, -1, 0.5)
(2, 3, 1.0, -1, 0.5)
(3, 2, 1.0, -1, 0.5)
(4, 4, 1.0, -1, 0.5)
(5, 5, 1.0, -1, 0.5)
(6, 1, 1.0, -1, 0.5)
(7, 3, 1.0, -1, 0.5)
(8, 1, 1.0, -1, 0.5)
(9, 5, 1.0, -1, 0.5)
-
(0, (86,83), (96,31))
(1, (21,18), (92,2))
(2, (16,93), (42,12))
(3, (66,41), (93,79))
(4, (60,79), (91,9))
(5, (26,4), (50,30))
(6, (2,40), (63,78))
(7, (60,13), (6,46))
(8, (26,71), (52,54))
(9, (46,95), (58,3))
