100
(91, 0)
(92, 0)
(93, 0)
(94, 0)
(62, 1)
(63, 1)
(64, 1)
(65, 1)
(87, 1)
(88, 1)
(89, 1)
(90, 1)
(91, 1)
(92, 1)
(93, 1)
(94, 1)
(62, 2)
(63, 2)
(64, 2)
(65, 2)
(87, 2)
(88, 2)
(89, 2)
(90, 2)
(91, 2)
(92, 2)
(93, 2)
(94, 2)
(62, 3)
(63, 3)
(64, 3)
(65, 3)
(87, 3)
(88, 3)
(89, 3)
(90, 3)
(91, 3)
(92, 3)
(93, 3)
(94, 3)
(62, 4)
(63, 4)
(64, 4)
(65, 4)
(78, 4)
(79, 4)
(80, 4)
(81, 4)
(87, 4)
(88, 4)
(89, 4)
(90, 4)
(91, 4)
(92, 4)
(93, 4)
(94, 4)
(78, 5)
(79, 5)
(80, 5)
(81, 5)
(78, 6)
(79, 6)
(80, 6)
(81, 6)
(6, 7)
(7, 7)
(8, 7)
(6, 8)
(7, 8)
(8, 8)
(6, 9)
(7, 9)
(8, 9)
(6, 10)
(7, 10)
(8, 10)
(85, 11)
(86, 11)
(87, 11)
(88, 11)
(85, 12)
(86, 12)
(87, 12)
(88, 12)
(85, 13)
(86, 13)
(87, 13)
(88, 13)
(85, 14)
(86, 14)
(87, 14)
(88, 14)
(85, 15)
(86, 15)
(87, 15)
(88, 15)
(80, 16)
(81, 16)
(82, 16)
(83, 16)
(84, 16)
(80, 17)
(81, 17)
(82, 17)
(83, 17)
(84, 17)
(80, 18)
(81, 18)
(82, 18)
(83, 18)
(84, 18)
(89, 22)
(90, 22)
(91, 22)
(89, 23)
(90, 23)
(91, 23)
(89, 24)
(90, 24)
(91, 24)
(89, 25)
(90, 25)
(91, 25)
(11, 26)
(12, 26)
(13, 26)
(14, 26)
(15, 26)
(41, 26)
(42, 26)
(43, 26)
(44, 26)
(89, 26)
(90, 26)
(91, 26)
(11, 27)
(12, 27)
(13, 27)
(14, 27)
(15, 27)
(27, 27)
(28, 27)
(29, 27)
(30, 27)
(41, 27)
(42, 27)
(43, 27)
(44, 27)
(11, 28)
(12, 28)
(13, 28)
(14, 28)
(15, 28)
(27, 28)
(28, 28)
(29, 28)
(30, 28)
(41, 28)
(42, 28)
(43, 28)
(44, 28)
(11, 29)
(12, 29)
(13, 29)
(14, 29)
(15, 29)
(27, 29)
(28, 29)
(29, 29)
(30, 29)
(41, 29)
(42, 29)
(43, 29)
(44, 29)
(13, 36)
(14, 36)
(15, 36)
(16, 36)
(17, 36)
(13, 37)
(14, 37)
(15, 37)
(16, 37)
(17, 37)
(13, 38)
(14, 38)
(15, 38)
(16, 38)
(17, 38)
(13, 39)
(14, 39)
(15, 39)
(16, 39)
(17, 39)
(76, 43)
(77, 43)
(78, 43)
(76, 44)
(77, 44)
(78, 44)
(76, 45)
(77, 45)
(78, 45)
(76, 46)
(77, 46)
(78, 46)
(49, 51)
(50, 51)
(51, 51)
(52, 51)
(49, 52)
(50, 52)
(51, 52)
(52, 52)
(40, 53)
(41, 53)
(42, 53)
(49, 53)
(50, 53)
(51, 53)
(52, 53)
(40, 54)
(41, 54)
(42, 54)
(49, 54)
(50, 54)
(51, 54)
(52, 54)
(40, 55)
(41, 55)
(42, 55)
(49, 55)
(50, 55)
(51, 55)
(52, 55)
(55, 57)
(56, 57)
(57, 57)
(58, 57)
(55, 58)
(56, 58)
(57, 58)
(58, 58)
(55, 59)
(56, 59)
(57, 59)
(58, 59)
(83, 62)
(84, 62)
(85, 62)
(86, 62)
(87, 62)
(83, 63)
(84, 63)
(85, 63)
(86, 63)
(87, 63)
(89, 63)
(90, 63)
(91, 63)
(92, 63)
(93, 63)
(83, 64)
(84, 64)
(85, 64)
(86, 64)
(87, 64)
(89, 64)
(90, 64)
(91, 64)
(92, 64)
(93, 64)
(83, 65)
(84, 65)
(85, 65)
(86, 65)
(87, 65)
(89, 65)
(90, 65)
(91, 65)
(92, 65)
(93, 65)
(29, 69)
(30, 69)
(31, 69)
(29, 70)
(30, 70)
(31, 70)
(3, 71)
(4, 71)
(5, 71)
(6, 71)
(7, 71)
(29, 71)
(30, 71)
(31, 71)
(3, 72)
(4, 72)
(5, 72)
(6, 72)
(7, 72)
(29, 72)
(30, 72)
(31, 72)
(3, 73)
(4, 73)
(5, 73)
(6, 73)
(7, 73)
(82, 75)
(83, 75)
(84, 75)
(85, 75)
(86, 75)
(82, 76)
(83, 76)
(84, 76)
(85, 76)
(86, 76)
(25, 77)
(26, 77)
(27, 77)
(28, 77)
(82, 77)
(83, 77)
(84, 77)
(85, 77)
(86, 77)
(25, 78)
(26, 78)
(27, 78)
(28, 78)
(82, 78)
(83, 78)
(84, 78)
(85, 78)
(86, 78)
(25, 79)
(26, 79)
(27, 79)
(28, 79)
(82, 86)
(83, 86)
(84, 86)
(85, 86)
(86, 86)
(82, 87)
(83, 87)
(84, 87)
(85, 87)
(86, 87)
(82, 88)
(83, 88)
(84, 88)
(85, 88)
(86, 88)
(24, 92)
(25, 92)
(26, 92)
(27, 92)
(28, 92)
(24, 93)
(25, 93)
(26, 93)
(27, 93)
(28, 93)
(24, 94)
(25, 94)
(26, 94)
(27, 94)
(28, 94)
(42, 95)
(43, 95)
(44, 95)
(45, 95)
(46, 95)
(42, 96)
(43, 96)
(44, 96)
(45, 96)
(46, 96)
(42, 97)
(43, 97)
(44, 97)
(45, 97)
(46, 97)
-
(0, 4, 1.0, -1, 0.5)
(1, 3, 1.0, -1, 0.5)
(2, 5, 1.0, -1, 0.5)
(3, 2, 1.0, -1, 0.5)
(4, 3, 1.0, -1, 0.5)
(5, 1, 1.0, -1, 0.5)
(6, 5, 1.0, -1, 0.5)
(7, 2, 1.0, -1, 0.5)
(8, 4, 1.0, -1, 0.5)
(9, 1, 1.0, -1, 0.5)
-
(0, (95,72), (37,72))
(1, (82,48), (22,77))
(2, (32,43), (87,88))
(3, (98,54), (44,60))
(4, (31,34), (77,17))
(5, (90,19), (19,89))
(6, (63,89), (2,22))
(7, (61,31), (20,11))
(8, (69,6), (73,51))
(9, (26,65), (98,64))
