100
(36, 15)
(37, 15)
(38, 15)
(39, 15)
(36, 16)
(37, 16)
(38, 16)
(39, 16)
(36, 17)
(37, 17)
(38, 17)
(39, 17)
(36, 18)
(37, 18)
(38, 18)
(39, 18)
(87, 53)
(88, 53)
(89, 53)
(87, 54)
(88, 54)
(89, 54)
(87, 55)
(88, 55)
(89, 55)
(87, 56)
(88, 56)
(89, 56)
(87, 57)
(88, 57)
(89, 57)
(67, 80)
(68, 80)
(69, 80)
(70, 80)
(67, 81)
(68, 81)
(69, 81)
(70, 81)
(67, 82)
(68, 82)
(69, 82)
(70, 82)
(67, 83)
(68, 83)
(69, 83)
(70, 83)
(67, 84)
(68, 84)
(69, 84)
(70, 84)
(79, 90)
(80, 90)
(81, 90)
(30, 91)
(31, 91)
(32, 91)
(33, 91)
(79, 91)
(80, 91)
(81, 91)
(30, 92)
(31, 92)
(32, 92)
(33, 92)
(79, 92)
(80, 92)
(81, 92)
(30, 93)
(31, 93)
(32, 93)
(33, 93)
(30, 94)
(31, 94)
(32, 94)
(33, 94)
(30, 95)
(31, 95)
(32, 95)
(33, 95)
-
(0, 1, 1.0, -1, 0.5)
(1, 4, 1.0, -1, 0.5)
(2, 5, 1.0, -1, 0.5)
(3, 2, 1.0, -1, 0.5)
(4, 3, 1.0, -1, 0.5)
(5, 2, 1.0, -1, 0.5)
(6, 3, 1.0, -1, 0.5)
(7, 1, 1.0, -1, 0.5)
(8, 4, 1.0, -1, 0.5)
(9, 5, 1.0, -1, 0.5)
-
(0, (34,4), (65,77))
(1, (12,54), (83,70))
(2, (67,73), (86,24))
(3, (65,50), (29,63))
(4, (5,88), (4,29))
(5, (52,73), (33,29))
(6, (20,39), (69,87))
(7, (94,68), (70,86))
(8, (26,76), (65,90))
(9, (28,65), (48,22))
