100
(66, 20)
(67, 20)
(68, 20)
(69, 20)
(70, 20)
(66, 21)
(67, 21)
(68, 21)
(69, 21)
(70, 21)
(66, 22)
(67, 22)
(68, 22)
(69, 22)
(70, 22)
(43, 26)
(44, 26)
(45, 26)
(43, 27)
(44, 27)
(45, 27)
(43, 28)
(44, 28)
(45, 28)
(16, 79)
(17, 79)
(18, 79)
(19, 79)
(20, 79)
(16, 80)
(17, 80)
(18, 80)
(19, 80)
(20, 80)
(52, 80)
(53, 80)
(54, 80)
(55, 80)
(16, 81)
(17, 81)
(18, 81)
(19, 81)
(20, 81)
(52, 81)
(53, 81)
(54, 81)
(55, 81)
(52, 82)
(53, 82)
(54, 82)
(55, 82)
(64, 95)
(65, 95)
(66, 95)
(64, 96)
(65, 96)
(66, 96)
(64, 97)
(65, 97)
(66, 97)
-
(0, 5, 1.0, -1, 0.5)
(1, 4, 1.0, -1, 0.5)
(2, 1, 1.0, -1, 0.5)
(3, 2, 1.0, -1, 0.5)
(4, 5, 1.0, -1, 0.5)
(5, 1, 1.0, -1, 0.5)
(6, 2, 1.0, -1, 0.5)
(7, 3, 1.0, -1, 0.5)
(8, 4, 1.0, -1, 0.5)
(9, 3, 1.0, -1, 0.5)
-
(0, (11,15), (86,76))
(1, (11,49), (93,23))
(2, (7,92), (57,96))
(3, (82,81), (45,75))
(4, (63,42), (93,85))
(5, (79,75), (49,52))
(6, (26,75), (79,39))
(7, (84,2), (68,44))
(8, (30,41), (28,94))
(9, (21,28), (70,14))
