100
(28, 1)
(29, 1)
(30, 1)
(31, 1)
(32, 1)
(35, 1)
(36, 1)
(37, 1)
(38, 1)
(28, 2)
(29, 2)
(30, 2)
(31, 2)
(32, 2)
(35, 2)
(36, 2)
(37, 2)
(38, 2)
(28, 3)
(29, 3)
(30, 3)
(31, 3)
(32, 3)
(35, 3)
(36, 3)
(37, 3)
(38, 3)
(35, 4)
(36, 4)
(37, 4)
(38, 4)
(47, 76)
(48, 76)
(49, 76)
(50, 76)
(47, 77)
(48, 77)
(49, 77)
(50, 77)
(47, 78)
(48, 78)
(49, 78)
(50, 78)
(47, 79)
(48, 79)
(49, 79)
(50, 79)
(52, 86)
(53, 86)
(54, 86)
(55, 86)
(52, 87)
(53, 87)
(54, 87)
(55, 87)
(52, 88)
(53, 88)
(54, 88)
(55, 88)
(33, 89)
(34, 89)
(35, 89)
(36, 89)
(37, 89)
(52, 89)
(53, 89)
(54, 89)
(55, 89)
(33, 90)
(34, 90)
(35, 90)
(36, 90)
(37, 90)
(52, 90)
(53, 90)
(54, 90)
(55, 90)
(33, 91)
(34, 91)
(35, 91)
(36, 91)
(37, 91)
(33, 92)
(34, 92)
(35, 92)
(36, 92)
(37, 92)
-
(0, 5, 1.0, -1, 0.5)
(1, 1, 1.0, -1, 0.5)
(2, 1, 1.0, -1, 0.5)
(3, 2, 1.0, -1, 0.5)
(4, 4, 1.0, -1, 0.5)
(5, 3, 1.0, -1, 0.5)
(6, 2, 1.0, -1, 0.5)
(7, 5, 1.0, -1, 0.5)
(8, 4, 1.0, -1, 0.5)
(9, 3, 1.0, -1, 0.5)
-
(0, (33,84), (65,48))
(1, (21,70), (62,49))
(2, (0,19), (24,47))
(3, (72,54), (42,59))
(4, (16,40), (9,71))
(5, (71,88), (39,16))
(6, (55,56), (8,54))
(7, (37,71), (21,18))
(8, (23,55), (5,78))
(9, (48,69), (68,91))
