100
(92, 13)
(93, 13)
(94, 13)
(95, 13)
(92, 14)
(93, 14)
(94, 14)
(95, 14)
(92, 15)
(93, 15)
(94, 15)
(95, 15)
(92, 16)
(93, 16)
(94, 16)
(95, 16)
(92, 17)
(93, 17)
(94, 17)
(95, 17)
(23, 47)
(24, 47)
(25, 47)
(26, 47)
(23, 48)
(24, 48)
(25, 48)
(26, 48)
(23, 49)
(24, 49)
(25, 49)
(26, 49)
(23, 50)
(24, 50)
(25, 50)
(26, 50)
(23, 51)
(24, 51)
(25, 51)
(26, 51)
(93, 57)
(94, 57)
(95, 57)
(96, 57)
(97, 57)
(93, 58)
(94, 58)
(95, 58)
(96, 58)
(97, 58)
(93, 59)
(94, 59)
(95, 59)
(96, 59)
(97, 59)
(93, 60)
(94, 60)
(95, 60)
(96, 60)
(97, 60)
(93, 61)
(94, 61)
(95, 61)
(96, 61)
(97, 61)
(17, 71)
(18, 71)
(19, 71)
(17, 72)
(18, 72)
(19, 72)
(17, 73)
(18, 73)
(19, 73)
(17, 74)
(18, 74)
(19, 74)
(17, 75)
(18, 75)
(19, 75)
(76, 90)
(77, 90)
(78, 90)
(79, 90)
(80, 90)
(76, 91)
(77, 91)
(78, 91)
(79, 91)
(80, 91)
(76, 92)
(77, 92)
(78, 92)
(79, 92)
(80, 92)
-
(0, 4, 1.0, -1, 0.5)
(1, 1, 1.0, -1, 0.5)
(2, 4, 1.0, -1, 0.5)
(3, 5, 1.0, -1, 0.5)
(4, 3, 1.0, -1, 0.5)
(5, 5, 1.0, -1, 0.5)
(6, 2, 1.0, -1, 0.5)
(7, 1, 1.0, -1, 0.5)
(8, 3, 1.0, -1, 0.5)
(9, 2, 1.0, -1, 0.5)
-
(0, (45,57), (91,27))
(1, (35,39), (11,11))
(2, (5,31), (62,15))
(3, (1,69), (60,62))
(4, (44,37), (89,14))
(5, (47,41), (41,9))
(6, (21,92), (38,52))
(7, (21,47), (72,59))
(8, (35,84), (27,46))
(9, (29,93), (49,26))
