100
(34, 25)
(35, 25)
(36, 25)
(34, 26)
(35, 26)
(36, 26)
(34, 27)
(35, 27)
(36, 27)
(34, 28)
(35, 28)
(36, 28)
(56, 48)
(57, 48)
(58, 48)
(59, 48)
(60, 48)
(56, 49)
(57, 49)
(58, 49)
(59, 49)
(60, 49)
(56, 50)
(57, 50)
(58, 50)
(59, 50)
(60, 50)
(73, 73)
(74, 73)
(75, 73)
(73, 74)
(74, 74)
(75, 74)
(73, 75)
(74, 75)
(75, 75)
(73, 76)
(74, 76)
(75, 76)
(88, 91)
(89, 91)
(90, 91)
(91, 91)
(92, 91)
(61, 92)
(62, 92)
(63, 92)
(64, 92)
(65, 92)
(88, 92)
(89, 92)
(90, 92)
(91, 92)
(92, 92)
(61, 93)
(62, 93)
(63, 93)
(64, 93)
(65, 93)
(88, 93)
(89, 93)
(90, 93)
(91, 93)
(92, 93)
(61, 94)
(62, 94)
(63, 94)
(64, 94)
(65, 94)
(61, 95)
(62, 95)
(63, 95)
(64, 95)
(65, 95)
-
(0, 1, 1.0, -1, 0.5)
(1, 4, 1.0, -1, 0.5)
(2, 5, 1.0, -1, 0.5)
(3, 1, 1.0, -1, 0.5)
(4, 2, 1.0, -1, 0.5)
(5, 5, 1.0, -1, 0.5)
(6, 2, 1.0, -1, 0.5)
(7, 4, 1.0, -1, 0.5)
(8, 3, 1.0, -1, 0.5)
(9, 3, 1.0, -1, 0.5)
-
(0, (66,7), (18,45))
(1, (5,76), (51,6))
(2, (11,86), (8,19))
(3, (66,15), (77,88))
(4, (68,22), (68,72))
(5, (69,80), (32,38))
(6, (0,34), (72,6))
(7, (17,65), (58,72))
(8, (49,37), (1,1))
(9, (77,45), (91,80))
