100
(18, 0)
(19, 0)
(20, 0)
(21, 0)
(22, 0)
(37, 0)
(38, 0)
(39, 0)
(40, 0)
(41, 0)
(46, 0)
(47, 0)
(48, 0)
(49, 0)
(18, 1)
(19, 1)
(20, 1)
(21, 1)
(22, 1)
(37, 1)
(38, 1)
(39, 1)
(40, 1)
(41, 1)
(46, 1)
(47, 1)
(48, 1)
(49, 1)
(18, 2)
(19, 2)
(20, 2)
(21, 2)
(22, 2)
(37, 2)
(38, 2)
(39, 2)
(40, 2)
(41, 2)
(46, 2)
(47, 2)
(48, 2)
(49, 2)
(18, 3)
(19, 3)
(20, 3)
(21, 3)
(22, 3)
(37, 3)
(38, 3)
(39, 3)
(40, 3)
(41, 3)
(95, 3)
(96, 3)
(97, 3)
(37, 4)
(38, 4)
(39, 4)
(40, 4)
(41, 4)
(43, 4)
(44, 4)
(45, 4)
(46, 4)
(47, 4)
(95, 4)
(96, 4)
(97, 4)
(43, 5)
(44, 5)
(45, 5)
(46, 5)
(47, 5)
(95, 5)
(96, 5)
(97, 5)
(43, 6)
(44, 6)
(45, 6)
(46, 6)
(47, 6)
(95, 6)
(96, 6)
(97, 6)
(56, 7)
(57, 7)
(58, 7)
(59, 7)
(60, 7)
(95, 7)
(96, 7)
(97, 7)
(56, 8)
(57, 8)
(58, 8)
(59, 8)
(60, 8)
(71, 8)
(72, 8)
(73, 8)
(74, 8)
(95, 8)
(96, 8)
(97, 8)
(56, 9)
(57, 9)
(58, 9)
(59, 9)
(60, 9)
(71, 9)
(72, 9)
(73, 9)
(74, 9)
(95, 9)
(96, 9)
(97, 9)
(71, 10)
(72, 10)
(73, 10)
(74, 10)
(95, 10)
(96, 10)
(97, 10)
(71, 11)
(72, 11)
(73, 11)
(74, 11)
(78, 11)
(79, 11)
(80, 11)
(81, 11)
(78, 12)
(79, 12)
(80, 12)
(81, 12)
(78, 13)
(79, 13)
(80, 13)
(81, 13)
(90, 13)
(91, 13)
(92, 13)
(93, 13)
(78, 14)
(79, 14)
(80, 14)
(81, 14)
(90, 14)
(91, 14)
(92, 14)
(93, 14)
(54, 15)
(55, 15)
(56, 15)
(90, 15)
(91, 15)
(92, 15)
(93, 15)
(54, 16)
(55, 16)
(56, 16)
(43, 17)
(44, 17)
(45, 17)
(54, 17)
(55, 17)
(56, 17)
(9, 18)
(10, 18)
(11, 18)
(12, 18)
(43, 18)
(44, 18)
(45, 18)
(9, 19)
(10, 19)
(11, 19)
(12, 19)
(43, 19)
(44, 19)
(45, 19)
(73, 19)
(74, 19)
(75, 19)
(9, 20)
(10, 20)
(11, 20)
(12, 20)
(73, 20)
(74, 20)
(75, 20)
(9, 21)
(10, 21)
(11, 21)
(12, 21)
(73, 21)
(74, 21)
(75, 21)
(82, 22)
(83, 22)
(84, 22)
(85, 22)
(86, 22)
(82, 23)
(83, 23)
(84, 23)
(85, 23)
(86, 23)
(82, 24)
(83, 24)
(84, 24)
(85, 24)
(86, 24)
(82, 25)
(83, 25)
(84, 25)
(85, 25)
(86, 25)
(76, 29)
(77, 29)
(78, 29)
(76, 30)
(77, 30)
(78, 30)
(76, 31)
(77, 31)
(78, 31)
(76, 32)
(77, 32)
(78, 32)
(53, 33)
(54, 33)
(55, 33)
(76, 33)
(77, 33)
(78, 33)
(53, 34)
(54, 34)
(55, 34)
(53, 35)
(54, 35)
(55, 35)
(53, 36)
(54, 36)
(55, 36)
(60, 36)
(61, 36)
(62, 36)
(63, 36)
(78, 36)
(79, 36)
(80, 36)
(53, 37)
(54, 37)
(55, 37)
(60, 37)
(61, 37)
(62, 37)
(63, 37)
(78, 37)
(79, 37)
(80, 37)
(60, 38)
(61, 38)
(62, 38)
(63, 38)
(78, 38)
(79, 38)
(80, 38)
(60, 39)
(61, 39)
(62, 39)
(63, 39)
(38, 43)
(39, 43)
(40, 43)
(41, 43)
(42, 43)
(74, 43)
(75, 43)
(76, 43)
(77, 43)
(78, 43)
(38, 44)
(39, 44)
(40, 44)
(41, 44)
(42, 44)
(74, 44)
(75, 44)
(76, 44)
(77, 44)
(78, 44)
(7, 45)
(8, 45)
(9, 45)
(38, 45)
(39, 45)
(40, 45)
(41, 45)
(42, 45)
(74, 45)
(75, 45)
(76, 45)
(77, 45)
(78, 45)
(7, 46)
(8, 46)
(9, 46)
(38, 46)
(39, 46)
(40, 46)
(41, 46)
(42, 46)
(7, 47)
(8, 47)
(9, 47)
(7, 48)
(8, 48)
(9, 48)
(7, 49)
(8, 49)
(9, 49)
(61, 56)
(62, 56)
(63, 56)
(64, 56)
(65, 56)
(61, 57)
(62, 57)
(63, 57)
(64, 57)
(65, 57)
(61, 58)
(62, 58)
(63, 58)
(64, 58)
(65, 58)
(61, 59)
(62, 59)
(63, 59)
(64, 59)
(65, 59)
(61, 60)
(62, 60)
(63, 60)
(64, 60)
(65, 60)
(22, 64)
(23, 64)
(24, 64)
(25, 64)
(28, 64)
(29, 64)
(30, 64)
(31, 64)
(32, 64)
(22, 65)
(23, 65)
(24, 65)
(25, 65)
(28, 65)
(29, 65)
(30, 65)
(31, 65)
(32, 65)
(22, 66)
(23, 66)
(24, 66)
(25, 66)
(28, 66)
(29, 66)
(30, 66)
(31, 66)
(32, 66)
(22, 67)
(23, 67)
(24, 67)
(25, 67)
(22, 68)
(23, 68)
(24, 68)
(25, 68)
(40, 71)
(41, 71)
(42, 71)
(52, 71)
(53, 71)
(54, 71)
(55, 71)
(56, 71)
(40, 72)
(41, 72)
(42, 72)
(52, 72)
(53, 72)
(54, 72)
(55, 72)
(56, 72)
(66, 72)
(67, 72)
(68, 72)
(40, 73)
(41, 73)
(42, 73)
(52, 73)
(53, 73)
(54, 73)
(55, 73)
(56, 73)
(66, 73)
(67, 73)
(68, 73)
(27, 74)
(28, 74)
(29, 74)
(30, 74)
(42, 74)
(43, 74)
(44, 74)
(52, 74)
(53, 74)
(54, 74)
(55, 74)
(56, 74)
(66, 74)
(67, 74)
(68, 74)
(27, 75)
(28, 75)
(29, 75)
(30, 75)
(42, 75)
(43, 75)
(44, 75)
(50, 75)
(51, 75)
(52, 75)
(66, 75)
(67, 75)
(68, 75)
(27, 76)
(28, 76)
(29, 76)
(30, 76)
(42, 76)
(43, 76)
(44, 76)
(50, 76)
(51, 76)
(52, 76)
(66, 76)
(67, 76)
(68, 76)
(10, 77)
(11, 77)
(12, 77)
(50, 77)
(51, 77)
(52, 77)
(10, 78)
(11, 78)
(12, 78)
(50, 78)
(51, 78)
(52, 78)
(10, 79)
(11, 79)
(12, 79)
(50, 79)
(51, 79)
(52, 79)
(1, 80)
(2, 80)
(3, 80)
(4, 80)
(25, 80)
(26, 80)
(27, 80)
(28, 80)
(29, 80)
(1, 81)
(2, 81)
(3, 81)
(4, 81)
(25, 81)
(26, 81)
(27, 81)
(28, 81)
(29, 81)
(1, 82)
(2, 82)
(3, 82)
(4, 82)
(25, 82)
(26, 82)
(27, 82)
(28, 82)
(29, 82)
(1, 83)
(2, 83)
(3, 83)
(4, 83)
(25, 83)
(26, 83)
(27, 83)
(28, 83)
(29, 83)
(1, 84)
(2, 84)
(3, 84)
(4, 84)
(25, 84)
(26, 84)
(27, 84)
(28, 84)
(29, 84)
(84, 84)
(85, 84)
(86, 84)
(36, 85)
(37, 85)
(38, 85)
(39, 85)
(40, 85)
(84, 85)
(85, 85)
(86, 85)
(12, 86)
(13, 86)
(14, 86)
(15, 86)
(36, 86)
(37, 86)
(38, 86)
(39, 86)
(40, 86)
(84, 86)
(85, 86)
(86, 86)
(12, 87)
(13, 87)
(14, 87)
(15, 87)
(36, 87)
(37, 87)
(38, 87)
(39, 87)
(40, 87)
(90, 87)
(91, 87)
(92, 87)
(93, 87)
(12, 88)
(13, 88)
(14, 88)
(15, 88)
(36, 88)
(37, 88)
(38, 88)
(39, 88)
(40, 88)
(80, 88)
(81, 88)
(82, 88)
(83, 88)
(90, 88)
(91, 88)
(92, 88)
(93, 88)
(12, 89)
(13, 89)
(14, 89)
(15, 89)
(36, 89)
(37, 89)
(38, 89)
(39, 89)
(40, 89)
(80, 89)
(81, 89)
(82, 89)
(83, 89)
(90, 89)
(91, 89)
(92, 89)
(93, 89)
(80, 90)
(81, 90)
(82, 90)
(83, 90)
(90, 90)
(91, 90)
(92, 90)
(93, 90)
(80, 91)
(81, 91)
(82, 91)
(83, 91)
(90, 91)
(91, 91)
(92, 91)
(93, 91)
(70, 92)
(71, 92)
(72, 92)
(70, 93)
(71, 93)
(72, 93)
(70, 94)
(71, 94)
(72, 94)
-
(0, 4, 1.0, -1, 0.5)
(1, 4, 1.0, -1, 0.5)
(2, 5, 1.0, -1, 0.5)
(3, 1, 1.0, -1, 0.5)
(4, 3, 1.0, -1, 0.5)
(5, 5, 1.0, -1, 0.5)
(6, 3, 1.0, -1, 0.5)
(7, 1, 1.0, -1, 0.5)
(8, 2, 1.0, -1, 0.5)
(9, 2, 1.0, -1, 0.5)
-
(0, (40,48), (79,7))
(1, (38,5), (96,61))
(2, (8,71), (72,75))
(3, (68,6), (92,83))
(4, (49,89), (33,4))
(5, (40,78), (53,19))
(6, (26,19), (36,94))
(7, (72,19), (16,3))
(8, (77,34), (89,72))
(9, (87,65), (31,62))
