100
(60, 7)
(61, 7)
(62, 7)
(60, 8)
(61, 8)
(62, 8)
(60, 9)
(61, 9)
(62, 9)
(15, 21)
(16, 21)
(17, 21)
(18, 21)
(15, 22)
(16, 22)
(17, 22)
(18, 22)
(15, 23)
(16, 23)
(17, 23)
(18, 23)
(15, 24)
(16, 24)
(17, 24)
(18, 24)
(15, 25)
(16, 25)
(17, 25)
(18, 25)
(64, 28)
(65, 28)
(66, 28)
(64, 29)
(65, 29)
(66, 29)
(64, 30)
(65, 30)
(66, 30)
(33, 67)
(34, 67)
(35, 67)
(33, 68)
(34, 68)
(35, 68)
(33, 69)
(34, 69)
(35, 69)
(0, 77)
(1, 77)
(2, 77)
(0, 78)
(1, 78)
(2, 78)
(0, 79)
(1, 79)
(2, 79)
(0, 80)
(1, 80)
(2, 80)
(0, 81)
(1, 81)
(2, 81)
-
(0, 5, 1.0, -1, 0.5)
(1, 2, 1.0, -1, 0.5)
(2, 5, 1.0, -1, 0.5)
(3, 3, 1.0, -1, 0.5)
(4, 2, 1.0, -1, 0.5)
(5, 1, 1.0, -1, 0.5)
(6, 4, 1.0, -1, 0.5)
(7, 1, 1.0, -1, 0.5)
(8, 4, 1.0, -1, 0.5)
(9, 3, 1.0, -1, 0.5)
-
(0, (21,45), (19,91))
(1, (39,50), (27,97))
(2, (16,41), (77,48))
(3, (60,93), (62,31))
(4, (11,74), (75,68))
(5, (21,69), (23,19))
(6, (85,6), (44,65))
(7, (83,67), (15,65))
(8, (19,50), (51,87))
(9, (59,54), (94,56))
