100
(35, 36)
(36, 36)
(37, 36)
(38, 36)
(35, 37)
(36, 37)
(37, 37)
(38, 37)
(35, 38)
(36, 38)
(37, 38)
(38, 38)
(35, 39)
(36, 39)
(37, 39)
(38, 39)
(81, 44)
(82, 44)
(83, 44)
(84, 44)
(81, 45)
(82, 45)
(83, 45)
(84, 45)
(81, 46)
(82, 46)
(83, 46)
(84, 46)
(81, 47)
(82, 47)
(83, 47)
(84, 47)
(81, 48)
(82, 48)
(83, 48)
(84, 48)
(71, 63)
(72, 63)
(73, 63)
(74, 63)
(75, 63)
(71, 64)
(72, 64)
(73, 64)
(74, 64)
(75, 64)
(53, 65)
(54, 65)
(55, 65)
(56, 65)
(57, 65)
(71, 65)
(72, 65)
(73, 65)
(74, 65)
(75, 65)
(53, 66)
(54, 66)
(55, 66)
(56, 66)
(57, 66)
(53, 67)
(54, 67)
(55, 67)
(56, 67)
(57, 67)
(27, 74)
(28, 74)
(29, 74)
(27, 75)
(28, 75)
(29, 75)
(27, 76)
(28, 76)
(29, 76)
(27, 77)
(28, 77)
(29, 77)
(27, 78)
(28, 78)
(29, 78)
-
(0, 1, 1.0, -1, 0.5)
(1, 3, 1.0, -1, 0.5)
(2, 4, 1.0, -1, 0.5)
(3, 5, 1.0, -1, 0.5)
(4, 5, 1.0, -1, 0.5)
(5, 4, 1.0, -1, 0.5)
(6, 2, 1.0, -1, 0.5)
(7, 3, 1.0, -1, 0.5)
(8, 1, 1.0, -1, 0.5)
(9, 2, 1.0, -1, 0.5)
-
(0, (92,36), (56,13))
(1, (69,13), (16,76))
(2, (1,90), (25,30))
(3, (25,1), (70,27))
(4, (53,76), (87,30))
(5, (17,58), (76,47))
(6, (98,94), (57,24))
(7, (55,17), (14,87))
(8, (28,44), (50,11))
(9, (11,15), (38,97))
