100
(1, 0)
(2, 0)
(3, 0)
(4, 0)
(5, 0)
(1, 1)
(2, 1)
(3, 1)
(4, 1)
(5, 1)
(1, 2)
(2, 2)
(3, 2)
(4, 2)
(5, 2)
(1, 3)
(2, 3)
(3, 3)
(4, 3)
(5, 3)
(1, 13)
(2, 13)
(3, 13)
(35, 13)
(36, 13)
(37, 13)
(1, 14)
(2, 14)
(3, 14)
(35, 14)
(36, 14)
(37, 14)
(1, 15)
(2, 15)
(3, 15)
(35, 15)
(36, 15)
(37, 15)
(1, 16)
(2, 16)
(3, 16)
(96, 16)
(97, 16)
(98, 16)
(1, 17)
(2, 17)
(3, 17)
(96, 17)
(97, 17)
(98, 17)
(96, 18)
(97, 18)
(98, 18)
(96, 19)
(97, 19)
(98, 19)
(96, 20)
(97, 20)
(98, 20)
(37, 22)
(38, 22)
(39, 22)
(40, 22)
(41, 22)
(29, 23)
(30, 23)
(31, 23)
(32, 23)
(37, 23)
(38, 23)
(39, 23)
(40, 23)
(41, 23)
(29, 24)
(30, 24)
(31, 24)
(32, 24)
(37, 24)
(38, 24)
(39, 24)
(40, 24)
(41, 24)
(29, 25)
(30, 25)
(31, 25)
(32, 25)
(29, 26)
(30, 26)
(31, 26)
(32, 26)
(59, 27)
(60, 27)
(61, 27)
(59, 28)
(60, 28)
(61, 28)
(59, 29)
(60, 29)
(61, 29)
(59, 30)
(60, 30)
(61, 30)
(59, 31)
(60, 31)
(61, 31)
(45, 36)
(46, 36)
(47, 36)
(10, 37)
(11, 37)
(12, 37)
(13, 37)
(14, 37)
(21, 37)
(22, 37)
(23, 37)
(24, 37)
(45, 37)
(46, 37)
(47, 37)
(1, 38)
(2, 38)
(3, 38)
(10, 38)
(11, 38)
(12, 38)
(13, 38)
(14, 38)
(21, 38)
(22, 38)
(23, 38)
(24, 38)
(45, 38)
(46, 38)
(47, 38)
(1, 39)
(2, 39)
(3, 39)
(10, 39)
(11, 39)
(12, 39)
(13, 39)
(14, 39)
(21, 39)
(22, 39)
(23, 39)
(24, 39)
(45, 39)
(46, 39)
(47, 39)
(1, 40)
(2, 40)
(3, 40)
(10, 40)
(11, 40)
(12, 40)
(13, 40)
(14, 40)
(21, 40)
(22, 40)
(23, 40)
(24, 40)
(45, 40)
(46, 40)
(47, 40)
(1, 41)
(2, 41)
(3, 41)
(10, 41)
(11, 41)
(12, 41)
(13, 41)
(14, 41)
(21, 41)
(22, 41)
(23, 41)
(24, 41)
(41, 41)
(42, 41)
(43, 41)
(44, 41)
(1, 42)
(2, 42)
(3, 42)
(41, 42)
(42, 42)
(43, 42)
(44, 42)
(41, 43)
(42, 43)
(43, 43)
(44, 43)
(41, 44)
(42, 44)
(43, 44)
(44, 44)
(41, 45)
(42, 45)
(43, 45)
(44, 45)
(91, 48)
(92, 48)
(93, 48)
(94, 48)
(91, 49)
(92, 49)
(93, 49)
(94, 49)
(91, 50)
(92, 50)
(93, 50)
(94, 50)
(44, 51)
(45, 51)
(46, 51)
(47, 51)
(48, 51)
(44, 52)
(45, 52)
(46, 52)
(47, 52)
(48, 52)
(44, 53)
(45, 53)
(46, 53)
(47, 53)
(48, 53)
(44, 54)
(45, 54)
(46, 54)
(47, 54)
(48, 54)
(90, 59)
(91, 59)
(92, 59)
(93, 59)
(90, 60)
(91, 60)
(92, 60)
(93, 60)
(90, 61)
(91, 61)
(92, 61)
(93, 61)
(30, 64)
(31, 64)
(32, 64)
(76, 64)
(77, 64)
(78, 64)
(79, 64)
(30, 65)
(31, 65)
(32, 65)
(76, 65)
(77, 65)
(78, 65)
(79, 65)
(19, 66)
(20, 66)
(21, 66)
(30, 66)
(31, 66)
(32, 66)
(76, 66)
(77, 66)
(78, 66)
(79, 66)
(19, 67)
(20, 67)
(21, 67)
(30, 67)
(31, 67)
(32, 67)
(19, 68)
(20, 68)
(21, 68)
(24, 68)
(25, 68)
(26, 68)
(27, 68)
(28, 68)
(19, 69)
(20, 69)
(21, 69)
(24, 69)
(25, 69)
(26, 69)
(27, 69)
(28, 69)
(6, 70)
(7, 70)
(8, 70)
(24, 70)
(25, 70)
(26, 70)
(27, 70)
(28, 70)
(6, 71)
(7, 71)
(8, 71)
(24, 71)
(25, 71)
(26, 71)
(27, 71)
(28, 71)
(29, 71)
(30, 71)
(31, 71)
(32, 71)
(33, 71)
(6, 72)
(7, 72)
(8, 72)
(24, 72)
(25, 72)
(26, 72)
(27, 72)
(28, 72)
(29, 72)
(30, 72)
(31, 72)
(32, 72)
(33, 72)
(6, 73)
(7, 73)
(8, 73)
(29, 73)
(30, 73)
(31, 73)
(32, 73)
(33, 73)
(6, 74)
(7, 74)
(8, 74)
(29, 74)
(30, 74)
(31, 74)
(32, 74)
(33, 74)
(39, 74)
(40, 74)
(41, 74)
(42, 74)
(39, 75)
(40, 75)
(41, 75)
(42, 75)
(39, 76)
(40, 76)
(41, 76)
(42, 76)
(39, 77)
(40, 77)
(41, 77)
(42, 77)
(88, 79)
(89, 79)
(90, 79)
(91, 79)
(88, 80)
(89, 80)
(90, 80)
(91, 80)
(88, 81)
(89, 81)
(90, 81)
(91, 81)
(61, 88)
(62, 88)
(63, 88)
(15, 89)
(16, 89)
(17, 89)
(18, 89)
(31, 89)
(32, 89)
(33, 89)
(61, 89)
(62, 89)
(63, 89)
(15, 90)
(16, 90)
(17, 90)
(18, 90)
(31, 90)
(32, 90)
(33, 90)
(61, 90)
(62, 90)
(63, 90)
(86, 90)
(87, 90)
(88, 90)
(15, 91)
(16, 91)
(17, 91)
(18, 91)
(31, 91)
(32, 91)
(33, 91)
(61, 91)
(62, 91)
(63, 91)
(86, 91)
(87, 91)
(88, 91)
(31, 92)
(32, 92)
(33, 92)
(61, 92)
(62, 92)
(63, 92)
(86, 92)
(87, 92)
(88, 92)
(89, 92)
(90, 92)
(91, 92)
(92, 92)
(31, 93)
(32, 93)
(33, 93)
(86, 93)
(87, 93)
(88, 93)
(89, 93)
(90, 93)
(91, 93)
(92, 93)
(58, 94)
(59, 94)
(60, 94)
(61, 94)
(89, 94)
(90, 94)
(91, 94)
(92, 94)
(58, 95)
(59, 95)
(60, 95)
(61, 95)
(89, 95)
(90, 95)
(91, 95)
(92, 95)
(58, 96)
(59, 96)
(60, 96)
(61, 96)
(89, 96)
(90, 96)
(91, 96)
(92, 96)
(12, 97)
(13, 97)
(14, 97)
(15, 97)
(12, 98)
(13, 98)
(14, 98)
(15, 98)
(12, 99)
(13, 99)
(14, 99)
(15, 99)
-
(0, 2, 1.0, -1, 0.5)
(1, 4, 1.0, -1, 0.5)
(2, 4, 1.0, -1, 0.5)
(3, 5, 1.0, -1, 0.5)
(4, 3, 1.0, -1, 0.5)
(5, 1, 1.0, -1, 0.5)
(6, 1, 1.0, -1, 0.5)
(7, 3, 1.0, -1, 0.5)
(8, 5, 1.0, -1, 0.5)
(9, 2, 1.0, -1, 0.5)
-
(0, (94,21), (48,4))
(1, (35,65), (7,49))
(2, (57,18), (57,60))
(3, (86,23), (30,47))
(4, (7,46), (18,12))
(5, (29,34), (96,74))
(6, (43,21), (85,98))
(7, (88,50), (14,71))
(8, (17,57), (67,23))
(9, (36,94), (21,12))
