100
(57, 0)
(58, 0)
(59, 0)
(60, 0)
(38, 1)
(39, 1)
(40, 1)
(41, 1)
(57, 1)
(58, 1)
(59, 1)
(60, 1)
(38, 2)
(39, 2)
(40, 2)
(41, 2)
(57, 2)
(58, 2)
(59, 2)
(60, 2)
(38, 3)
(39, 3)
(40, 3)
(41, 3)
(57, 3)
(58, 3)
(59, 3)
(60, 3)
(71, 3)
(72, 3)
(73, 3)
(74, 3)
(75, 3)
(38, 4)
(39, 4)
(40, 4)
(41, 4)
(71, 4)
(72, 4)
(73, 4)
(74, 4)
(75, 4)
(57, 5)
(58, 5)
(59, 5)
(60, 5)
(61, 5)
(71, 5)
(72, 5)
(73, 5)
(74, 5)
(75, 5)
(57, 6)
(58, 6)
(59, 6)
(60, 6)
(61, 6)
(71, 6)
(72, 6)
(73, 6)
(74, 6)
(75, 6)
(57, 7)
(58, 7)
(59, 7)
(60, 7)
(61, 7)
(65, 7)
(66, 7)
(67, 7)
(68, 7)
(57, 8)
(58, 8)
(59, 8)
(60, 8)
(61, 8)
(65, 8)
(66, 8)
(67, 8)
(68, 8)
(65, 9)
(66, 9)
(67, 9)
(68, 9)
(18, 13)
(19, 13)
(20, 13)
(21, 13)
(18, 14)
(19, 14)
(20, 14)
(21, 14)
(18, 15)
(19, 15)
(20, 15)
(21, 15)
(18, 16)
(19, 16)
(20, 16)
(21, 16)
(53, 18)
(54, 18)
(55, 18)
(56, 18)
(57, 18)
(93, 18)
(94, 18)
(95, 18)
(96, 18)
(97, 18)
(13, 19)
(14, 19)
(15, 19)
(53, 19)
(54, 19)
(55, 19)
(56, 19)
(57, 19)
(93, 19)
(94, 19)
(95, 19)
(96, 19)
(97, 19)
(13, 20)
(14, 20)
(15, 20)
(53, 20)
(54, 20)
(55, 20)
(56, 20)
(57, 20)
(93, 20)
(94, 20)
(95, 20)
(96, 20)
(97, 20)
(13, 21)
(14, 21)
(15, 21)
(18, 21)
(19, 21)
(20, 21)
(21, 21)
(25, 21)
(26, 21)
(27, 21)
(53, 21)
(54, 21)
(55, 21)
(56, 21)
(57, 21)
(93, 21)
(94, 21)
(95, 21)
(96, 21)
(97, 21)
(18, 22)
(19, 22)
(20, 22)
(21, 22)
(25, 22)
(26, 22)
(27, 22)
(93, 22)
(94, 22)
(95, 22)
(96, 22)
(97, 22)
(18, 23)
(19, 23)
(20, 23)
(21, 23)
(25, 23)
(26, 23)
(27, 23)
(62, 23)
(63, 23)
(64, 23)
(65, 23)
(66, 23)
(1, 24)
(2, 24)
(3, 24)
(18, 24)
(19, 24)
(20, 24)
(21, 24)
(62, 24)
(63, 24)
(64, 24)
(65, 24)
(66, 24)
(1, 25)
(2, 25)
(3, 25)
(18, 25)
(19, 25)
(20, 25)
(21, 25)
(62, 25)
(63, 25)
(64, 25)
(65, 25)
(66, 25)
(1, 26)
(2, 26)
(3, 26)
(48, 26)
(49, 26)
(50, 26)
(51, 26)
(48, 27)
(49, 27)
(50, 27)
(51, 27)
(48, 28)
(49, 28)
(50, 28)
(51, 28)
(67, 28)
(68, 28)
(69, 28)
(70, 28)
(71, 28)
(48, 29)
(49, 29)
(50, 29)
(51, 29)
(67, 29)
(68, 29)
(69, 29)
(70, 29)
(71, 29)
(76, 29)
(77, 29)
(78, 29)
(79, 29)
(80, 29)
(67, 30)
(68, 30)
(69, 30)
(70, 30)
(71, 30)
(76, 30)
(77, 30)
(78, 30)
(79, 30)
(80, 30)
(67, 31)
(68, 31)
(69, 31)
(70, 31)
(71, 31)
(76, 31)
(77, 31)
(78, 31)
(79, 31)
(80, 31)
(9, 32)
(10, 32)
(11, 32)
(12, 32)
(67, 32)
(68, 32)
(69, 32)
(70, 32)
(71, 32)
(76, 32)
(77, 32)
(78, 32)
(79, 32)
(80, 32)
(9, 33)
(10, 33)
(11, 33)
(12, 33)
(76, 33)
(77, 33)
(78, 33)
(79, 33)
(80, 33)
(9, 34)
(10, 34)
(11, 34)
(12, 34)
(49, 37)
(50, 37)
(51, 37)
(52, 37)
(49, 38)
(50, 38)
(51, 38)
(52, 38)
(49, 39)
(50, 39)
(51, 39)
(52, 39)
(27, 41)
(28, 41)
(29, 41)
(27, 42)
(28, 42)
(29, 42)
(31, 42)
(32, 42)
(33, 42)
(27, 43)
(28, 43)
(29, 43)
(31, 43)
(32, 43)
(33, 43)
(38, 43)
(39, 43)
(40, 43)
(41, 43)
(27, 44)
(28, 44)
(29, 44)
(31, 44)
(32, 44)
(33, 44)
(38, 44)
(39, 44)
(40, 44)
(41, 44)
(95, 44)
(96, 44)
(97, 44)
(27, 45)
(28, 45)
(29, 45)
(31, 45)
(32, 45)
(33, 45)
(38, 45)
(39, 45)
(40, 45)
(41, 45)
(95, 45)
(96, 45)
(97, 45)
(38, 46)
(39, 46)
(40, 46)
(41, 46)
(95, 46)
(96, 46)
(97, 46)
(33, 47)
(34, 47)
(35, 47)
(38, 47)
(39, 47)
(40, 47)
(41, 47)
(95, 47)
(96, 47)
(97, 47)
(33, 48)
(34, 48)
(35, 48)
(95, 48)
(96, 48)
(97, 48)
(33, 49)
(34, 49)
(35, 49)
(89, 49)
(90, 49)
(91, 49)
(92, 49)
(93, 49)
(68, 50)
(69, 50)
(70, 50)
(89, 50)
(90, 50)
(91, 50)
(92, 50)
(93, 50)
(68, 51)
(69, 51)
(70, 51)
(89, 51)
(90, 51)
(91, 51)
(92, 51)
(93, 51)
(68, 52)
(69, 52)
(70, 52)
(89, 52)
(90, 52)
(91, 52)
(92, 52)
(93, 52)
(16, 54)
(17, 54)
(18, 54)
(19, 54)
(16, 55)
(17, 55)
(18, 55)
(19, 55)
(16, 56)
(17, 56)
(18, 56)
(19, 56)
(16, 57)
(17, 57)
(18, 57)
(19, 57)
(5, 58)
(6, 58)
(7, 58)
(8, 58)
(9, 58)
(25, 58)
(26, 58)
(27, 58)
(28, 58)
(29, 58)
(5, 59)
(6, 59)
(7, 59)
(8, 59)
(9, 59)
(25, 59)
(26, 59)
(27, 59)
(28, 59)
(29, 59)
(5, 60)
(6, 60)
(7, 60)
(8, 60)
(9, 60)
(25, 60)
(26, 60)
(27, 60)
(28, 60)
(29, 60)
(5, 61)
(6, 61)
(7, 61)
(8, 61)
(9, 61)
(25, 61)
(26, 61)
(27, 61)
(28, 61)
(29, 61)
(25, 62)
(26, 62)
(27, 62)
(28, 62)
(29, 62)
(11, 63)
(12, 63)
(13, 63)
(11, 64)
(12, 64)
(13, 64)
(24, 64)
(25, 64)
(26, 64)
(27, 64)
(28, 64)
(88, 64)
(89, 64)
(90, 64)
(91, 64)
(11, 65)
(12, 65)
(13, 65)
(24, 65)
(25, 65)
(26, 65)
(27, 65)
(28, 65)
(52, 65)
(53, 65)
(54, 65)
(55, 65)
(67, 65)
(68, 65)
(69, 65)
(88, 65)
(89, 65)
(90, 65)
(91, 65)
(11, 66)
(12, 66)
(13, 66)
(24, 66)
(25, 66)
(26, 66)
(27, 66)
(28, 66)
(52, 66)
(53, 66)
(54, 66)
(55, 66)
(67, 66)
(68, 66)
(69, 66)
(88, 66)
(89, 66)
(90, 66)
(91, 66)
(20, 67)
(21, 67)
(22, 67)
(24, 67)
(25, 67)
(26, 67)
(27, 67)
(28, 67)
(52, 67)
(53, 67)
(54, 67)
(55, 67)
(67, 67)
(68, 67)
(69, 67)
(20, 68)
(21, 68)
(22, 68)
(52, 68)
(53, 68)
(54, 68)
(55, 68)
(67, 68)
(68, 68)
(69, 68)
(20, 69)
(21, 69)
(22, 69)
(67, 69)
(68, 69)
(69, 69)
(70, 70)
(71, 70)
(72, 70)
(73, 70)
(70, 71)
(71, 71)
(72, 71)
(73, 71)
(70, 72)
(71, 72)
(72, 72)
(73, 72)
(9, 73)
(10, 73)
(11, 73)
(12, 73)
(66, 73)
(67, 73)
(68, 73)
(9, 74)
(10, 74)
(11, 74)
(12, 74)
(66, 74)
(67, 74)
(68, 74)
(9, 75)
(10, 75)
(11, 75)
(12, 75)
(66, 75)
(67, 75)
(68, 75)
(9, 76)
(10, 76)
(11, 76)
(12, 76)
(66, 76)
(67, 76)
(68, 76)
(7, 77)
(8, 77)
(9, 77)
(10, 77)
(11, 77)
(7, 78)
(8, 78)
(9, 78)
(10, 78)
(11, 78)
(53, 78)
(54, 78)
(55, 78)
(56, 78)
(7, 79)
(8, 79)
(9, 79)
(10, 79)
(11, 79)
(18, 79)
(19, 79)
(20, 79)
(21, 79)
(27, 79)
(28, 79)
(29, 79)
(53, 79)
(54, 79)
(55, 79)
(56, 79)
(7, 80)
(8, 80)
(9, 80)
(10, 80)
(11, 80)
(18, 80)
(19, 80)
(20, 80)
(21, 80)
(27, 80)
(28, 80)
(29, 80)
(53, 80)
(54, 80)
(55, 80)
(56, 80)
(7, 81)
(8, 81)
(9, 81)
(10, 81)
(11, 81)
(18, 81)
(19, 81)
(20, 81)
(21, 81)
(27, 81)
(28, 81)
(29, 81)
(53, 81)
(54, 81)
(55, 81)
(56, 81)
(18, 82)
(19, 82)
(20, 82)
(21, 82)
(27, 82)
(28, 82)
(29, 82)
(53, 82)
(54, 82)
(55, 82)
(56, 82)
(18, 83)
(19, 83)
(20, 83)
(21, 83)
(27, 83)
(28, 83)
(29, 83)
(13, 84)
(14, 84)
(15, 84)
(16, 84)
(13, 85)
(14, 85)
(15, 85)
(16, 85)
(2, 86)
(3, 86)
(4, 86)
(5, 86)
(6, 86)
(13, 86)
(14, 86)
(15, 86)
(16, 86)
(60, 86)
(61, 86)
(62, 86)
(97, 86)
(98, 86)
(99, 86)
(2, 87)
(3, 87)
(4, 87)
(5, 87)
(6, 87)
(13, 87)
(14, 87)
(15, 87)
(16, 87)
(60, 87)
(61, 87)
(62, 87)
(97, 87)
(98, 87)
(99, 87)
(2, 88)
(3, 88)
(4, 88)
(5, 88)
(6, 88)
(60, 88)
(61, 88)
(62, 88)
(97, 88)
(98, 88)
(99, 88)
(2, 89)
(3, 89)
(4, 89)
(5, 89)
(6, 89)
(97, 89)
(98, 89)
(99, 89)
(97, 90)
(98, 90)
(99, 90)
-
(0, 2, 1.0, -1, 0.5)
(1, 1, 1.0, -1, 0.5)
(2, 2, 1.0, -1, 0.5)
(3, 1, 1.0, -1, 0.5)
(4, 4, 1.0, -1, 0.5)
(5, 4, 1.0, -1, 0.5)
(6, 3, 1.0, -1, 0.5)
(7, 3, 1.0, -1, 0.5)
(8, 5, 1.0, -1, 0.5)
(9, 5, 1.0, -1, 0.5)
-
(0, (21,39), (48,64))
(1, (59,69), (63,12))
(2, (21,8), (82,68))
(3, (77,7), (5,16))
(4, (89,19), (31,82))
(5, (8,37), (77,36))
(6, (43,36), (61,61))
(7, (26,17), (72,59))
(8, (29,68), (77,75))
(9, (93,75), (21,44))
