100
(62, 13)
(63, 13)
(64, 13)
(65, 13)
(66, 13)
(62, 14)
(63, 14)
(64, 14)
(65, 14)
(66, 14)
(62, 15)
(63, 15)
(64, 15)
(65, 15)
(66, 15)
(62, 16)
(63, 16)
(64, 16)
(65, 16)
(66, 16)
(62, 17)
(63, 17)
(64, 17)
(65, 17)
(66, 17)
(85, 19)
(86, 19)
(87, 19)
(85, 20)
(86, 20)
(87, 20)
(85, 21)
(86, 21)
(87, 21)
(85, 22)
(86, 22)
(87, 22)
(91, 25)
(92, 25)
(93, 25)
(91, 26)
(92, 26)
(93, 26)
(91, 27)
(92, 27)
(93, 27)
(82, 35)
(83, 35)
(84, 35)
(85, 35)
(86, 35)
(61, 36)
(62, 36)
(63, 36)
(64, 36)
(65, 36)
(82, 36)
(83, 36)
(84, 36)
(85, 36)
(86, 36)
(61, 37)
(62, 37)
(63, 37)
(64, 37)
(65, 37)
(82, 37)
(83, 37)
(84, 37)
(85, 37)
(86, 37)
(61, 38)
(62, 38)
(63, 38)
(64, 38)
(65, 38)
(61, 39)
(62, 39)
(63, 39)
(64, 39)
(65, 39)
(61, 40)
(62, 40)
(63, 40)
(64, 40)
(65, 40)
(68, 43)
(69, 43)
(70, 43)
(68, 44)
(69, 44)
(70, 44)
(68, 45)
(69, 45)
(70, 45)
(68, 46)
(69, 46)
(70, 46)
(42, 68)
(43, 68)
(44, 68)
(45, 68)
(46, 68)
(42, 69)
(43, 69)
(44, 69)
(45, 69)
(46, 69)
(42, 70)
(43, 70)
(44, 70)
(45, 70)
(46, 70)
(42, 71)
(43, 71)
(44, 71)
(45, 71)
(46, 71)
(69, 81)
(70, 81)
(71, 81)
(72, 81)
(73, 81)
(69, 82)
(70, 82)
(71, 82)
(72, 82)
(73, 82)
(69, 83)
(70, 83)
(71, 83)
(72, 83)
(73, 83)
(69, 84)
(70, 84)
(71, 84)
(72, 84)
(73, 84)
(69, 85)
(70, 85)
(71, 85)
(72, 85)
(73, 85)
(72, 94)
(73, 94)
(74, 94)
(75, 94)
(72, 95)
(73, 95)
(74, 95)
(75, 95)
(72, 96)
(73, 96)
(74, 96)
(75, 96)
(61, 97)
(62, 97)
(63, 97)
(72, 97)
(73, 97)
(74, 97)
(75, 97)
(61, 98)
(62, 98)
(63, 98)
(61, 99)
(62, 99)
(63, 99)
-
(0, 2, 1.0, -1, 0.5)
(1, 4, 1.0, -1, 0.5)
(2, 1, 1.0, -1, 0.5)
(3, 3, 1.0, -1, 0.5)
(4, 2, 1.0, -1, 0.5)
(5, 5, 1.0, -1, 0.5)
(6, 5, 1.0, -1, 0.5)
(7, 4, 1.0, -1, 0.5)
(8, 1, 1.0, -1, 0.5)
(9, 3, 1.0, -1, 0.5)
-
(0, (20,24), (95,9))
(1, (45,35), (91,2))
(2, (69,95), (97,46))
(3, (45,41), (15,7))
(4, (95,7), (62,53))
(5, (19,4), (45,29))
(6, (71,61), (56,9))
(7, (60,30), (80,53))
(8, (91,72), (44,85))
(9, (49,76), (27,4))
