100
(20, 3)
(21, 3)
(22, 3)
(23, 3)
(24, 3)
(20, 4)
(21, 4)
(22, 4)
(23, 4)
(24, 4)
(20, 5)
(21, 5)
(22, 5)
(23, 5)
(24, 5)
(20, 6)
(21, 6)
(22, 6)
(23, 6)
(24, 6)
(84, 6)
(85, 6)
(86, 6)
(87, 6)
(20, 7)
(21, 7)
(22, 7)
(23, 7)
(24, 7)
(67, 7)
(68, 7)
(69, 7)
(70, 7)
(84, 7)
(85, 7)
(86, 7)
(87, 7)
(20, 8)
(21, 8)
(22, 8)
(23, 8)
(24, 8)
(67, 8)
(68, 8)
(69, 8)
(70, 8)
(84, 8)
(85, 8)
(86, 8)
(87, 8)
(5, 9)
(6, 9)
(7, 9)
(8, 9)
(20, 9)
(21, 9)
(22, 9)
(23, 9)
(24, 9)
(67, 9)
(68, 9)
(69, 9)
(70, 9)
(84, 9)
(85, 9)
(86, 9)
(87, 9)
(5, 10)
(6, 10)
(7, 10)
(8, 10)
(20, 10)
(21, 10)
(22, 10)
(23, 10)
(24, 10)
(84, 10)
(85, 10)
(86, 10)
(87, 10)
(5, 11)
(6, 11)
(7, 11)
(8, 11)
(5, 12)
(6, 12)
(7, 12)
(8, 12)
(5, 13)
(6, 13)
(7, 13)
(8, 13)
(37, 14)
(38, 14)
(39, 14)
(40, 14)
(37, 15)
(38, 15)
(39, 15)
(40, 15)
(37, 16)
(38, 16)
(39, 16)
(40, 16)
(37, 17)
(38, 17)
(39, 17)
(40, 17)
(88, 38)
(89, 38)
(90, 38)
(91, 38)
(88, 39)
(89, 39)
(90, 39)
(91, 39)
(88, 40)
(89, 40)
(90, 40)
(91, 40)
(18, 41)
(19, 41)
(20, 41)
(21, 41)
(88, 41)
(89, 41)
(90, 41)
(91, 41)
(18, 42)
(19, 42)
(20, 42)
(21, 42)
(88, 42)
(89, 42)
(90, 42)
(91, 42)
(18, 43)
(19, 43)
(20, 43)
(21, 43)
(92, 81)
(93, 81)
(94, 81)
(95, 81)
(92, 82)
(93, 82)
(94, 82)
(95, 82)
(92, 83)
(93, 83)
(94, 83)
(95, 83)
(92, 84)
(93, 84)
(94, 84)
(95, 84)
(91, 94)
(92, 94)
(93, 94)
(91, 95)
(92, 95)
(93, 95)
(91, 96)
(92, 96)
(93, 96)
(91, 97)
(92, 97)
(93, 97)
(91, 98)
(92, 98)
(93, 98)
-
(0, 1, 1.0, -1, 0.5)
(1, 3, 1.0, -1, 0.5)
(2, 2, 1.0, -1, 0.5)
(3, 5, 1.0, -1, 0.5)
(4, 4, 1.0, -1, 0.5)
(5, 1, 1.0, -1, 0.5)
(6, 5, 1.0, -1, 0.5)
(7, 2, 1.0, -1, 0.5)
(8, 4, 1.0, -1, 0.5)
(9, 3, 1.0, -1, 0.5)
-
(0, (6,24), (45,61))
(1, (82,52), (32,64))
(2, (6,49), (1,21))
(3, (55,8), (8,78))
(4, (75,69), (37,79))
(5, (75,64), (1,45))
(6, (44,24), (92,69))
(7, (16,79), (46,16))
(8, (50,22), (77,74))
(9, (9,41), (37,88))
