100
(12, 5)
(13, 5)
(14, 5)
(15, 5)
(48, 5)
(49, 5)
(50, 5)
(51, 5)
(52, 5)
(12, 6)
(13, 6)
(14, 6)
(15, 6)
(48, 6)
(49, 6)
(50, 6)
(51, 6)
(52, 6)
(12, 7)
(13, 7)
(14, 7)
(15, 7)
(48, 7)
(49, 7)
(50, 7)
(51, 7)
(52, 7)
(59, 7)
(60, 7)
(61, 7)
(8, 8)
(9, 8)
(10, 8)
(11, 8)
(12, 8)
(13, 8)
(14, 8)
(15, 8)
(48, 8)
(49, 8)
(50, 8)
(51, 8)
(52, 8)
(59, 8)
(60, 8)
(61, 8)
(8, 9)
(9, 9)
(10, 9)
(11, 9)
(12, 9)
(13, 9)
(14, 9)
(15, 9)
(48, 9)
(49, 9)
(50, 9)
(51, 9)
(52, 9)
(59, 9)
(60, 9)
(61, 9)
(8, 10)
(9, 10)
(10, 10)
(11, 10)
(49, 10)
(50, 10)
(51, 10)
(52, 10)
(53, 10)
(55, 10)
(56, 10)
(57, 10)
(58, 10)
(59, 10)
(60, 10)
(61, 10)
(49, 11)
(50, 11)
(51, 11)
(52, 11)
(53, 11)
(55, 11)
(56, 11)
(57, 11)
(58, 11)
(32, 12)
(33, 12)
(34, 12)
(35, 12)
(36, 12)
(49, 12)
(50, 12)
(51, 12)
(52, 12)
(53, 12)
(55, 12)
(56, 12)
(57, 12)
(58, 12)
(32, 13)
(33, 13)
(34, 13)
(35, 13)
(36, 13)
(49, 13)
(50, 13)
(51, 13)
(52, 13)
(53, 13)
(55, 13)
(56, 13)
(57, 13)
(58, 13)
(32, 14)
(33, 14)
(34, 14)
(35, 14)
(36, 14)
(55, 14)
(56, 14)
(57, 14)
(58, 14)
(42, 16)
(43, 16)
(44, 16)
(45, 16)
(46, 16)
(42, 17)
(43, 17)
(44, 17)
(45, 17)
(46, 17)
(42, 18)
(43, 18)
(44, 18)
(45, 18)
(46, 18)
(42, 19)
(43, 19)
(44, 19)
(45, 19)
(46, 19)
(68, 19)
(69, 19)
(70, 19)
(71, 19)
(68, 20)
(69, 20)
(70, 20)
(71, 20)
(68, 21)
(69, 21)
(70, 21)
(71, 21)
(6, 22)
(7, 22)
(8, 22)
(6, 23)
(7, 23)
(8, 23)
(6, 24)
(7, 24)
(8, 24)
(19, 31)
(20, 31)
(21, 31)
(22, 31)
(23, 31)
(75, 31)
(76, 31)
(77, 31)
(78, 31)
(19, 32)
(20, 32)
(21, 32)
(22, 32)
(23, 32)
(75, 32)
(76, 32)
(77, 32)
(78, 32)
(19, 33)
(20, 33)
(21, 33)
(22, 33)
(23, 33)
(57, 33)
(58, 33)
(59, 33)
(60, 33)
(75, 33)
(76, 33)
(77, 33)
(78, 33)
(19, 34)
(20, 34)
(21, 34)
(22, 34)
(23, 34)
(57, 34)
(58, 34)
(59, 34)
(60, 34)
(48, 35)
(49, 35)
(50, 35)
(51, 35)
(52, 35)
(57, 35)
(58, 35)
(59, 35)
(60, 35)
(48, 36)
(49, 36)
(50, 36)
(51, 36)
(52, 36)
(57, 36)
(58, 36)
(59, 36)
(60, 36)
(48, 37)
(49, 37)
(50, 37)
(51, 37)
(52, 37)
(48, 38)
(49, 38)
(50, 38)
(51, 38)
(52, 38)
(48, 39)
(49, 39)
(50, 39)
(51, 39)
(52, 39)
(79, 40)
(80, 40)
(81, 40)
(82, 40)
(83, 40)
(79, 41)
(80, 41)
(81, 41)
(82, 41)
(83, 41)
(12, 42)
(13, 42)
(14, 42)
(15, 42)
(79, 42)
(80, 42)
(81, 42)
(82, 42)
(83, 42)
(12, 43)
(13, 43)
(14, 43)
(15, 43)
(30, 43)
(31, 43)
(32, 43)
(33, 43)
(34, 43)
(79, 43)
(80, 43)
(81, 43)
(82, 43)
(83, 43)
(12, 44)
(13, 44)
(14, 44)
(15, 44)
(30, 44)
(31, 44)
(32, 44)
(33, 44)
(34, 44)
(79, 44)
(80, 44)
(81, 44)
(82, 44)
(83, 44)
(12, 45)
(13, 45)
(14, 45)
(15, 45)
(22, 45)
(23, 45)
(24, 45)
(30, 45)
(31, 45)
(32, 45)
(33, 45)
(34, 45)
(22, 46)
(23, 46)
(24, 46)
(22, 47)
(23, 47)
(24, 47)
(22, 48)
(23, 48)
(24, 48)
(22, 49)
(23, 49)
(24, 49)
(76, 60)
(77, 60)
(78, 60)
(79, 60)
(76, 61)
(77, 61)
(78, 61)
(79, 61)
(76, 62)
(77, 62)
(78, 62)
(79, 62)
(70, 63)
(71, 63)
(72, 63)
(73, 63)
(76, 63)
(77, 63)
(78, 63)
(79, 63)
(24, 64)
(25, 64)
(26, 64)
(27, 64)
(28, 64)
(70, 64)
(71, 64)
(72, 64)
(73, 64)
(24, 65)
(25, 65)
(26, 65)
(27, 65)
(28, 65)
(70, 65)
(71, 65)
(72, 65)
(73, 65)
(24, 66)
(25, 66)
(26, 66)
(27, 66)
(28, 66)
(70, 66)
(71, 66)
(72, 66)
(73, 66)
(5, 74)
(6, 74)
(7, 74)
(8, 74)
(5, 75)
(6, 75)
(7, 75)
(8, 75)
(5, 76)
(6, 76)
(7, 76)
(8, 76)
(5, 77)
(6, 77)
(7, 77)
(8, 77)
(5, 78)
(6, 78)
(7, 78)
(8, 78)
(14, 80)
(15, 80)
(16, 80)
(17, 80)
(18, 80)
(19, 80)
(20, 80)
(21, 80)
(22, 80)
(23, 80)
(14, 81)
(15, 81)
(16, 81)
(17, 81)
(18, 81)
(19, 81)
(20, 81)
(21, 81)
(22, 81)
(23, 81)
(60, 81)
(61, 81)
(62, 81)
(63, 81)
(64, 81)
(14, 82)
(15, 82)
(16, 82)
(17, 82)
(18, 82)
(19, 82)
(20, 82)
(21, 82)
(22, 82)
(23, 82)
(60, 82)
(61, 82)
(62, 82)
(63, 82)
(64, 82)
(19, 83)
(20, 83)
(21, 83)
(22, 83)
(23, 83)
(60, 83)
(61, 83)
(62, 83)
(63, 83)
(64, 83)
(60, 84)
(61, 84)
(62, 84)
(63, 84)
(64, 84)
(60, 85)
(61, 85)
(62, 85)
(63, 85)
(64, 85)
-
(0, 3, 1.0, -1, 0.5)
(1, 5, 1.0, -1, 0.5)
(2, 3, 1.0, -1, 0.5)
(3, 4, 1.0, -1, 0.5)
(4, 2, 1.0, -1, 0.5)
(5, 5, 1.0, -1, 0.5)
(6, 4, 1.0, -1, 0.5)
(7, 2, 1.0, -1, 0.5)
(8, 1, 1.0, -1, 0.5)
(9, 1, 1.0, -1, 0.5)
-
(0, (78,37), (8,34))
(1, (46,73), (76,8))
(2, (18,90), (7,42))
(3, (42,25), (58,72))
(4, (70,69), (17,28))
(5, (57,54), (95,45))
(6, (41,10), (64,38))
(7, (56,80), (10,49))
(8, (1,56), (61,11))
(9, (76,35), (13,59))
