100
(4, 0)
(5, 0)
(6, 0)
(91, 0)
(92, 0)
(93, 0)
(94, 0)
(4, 1)
(5, 1)
(6, 1)
(62, 1)
(63, 1)
(64, 1)
(65, 1)
(87, 1)
(88, 1)
(89, 1)
(90, 1)
(91, 1)
(92, 1)
(93, 1)
(94, 1)
(4, 2)
(5, 2)
(6, 2)
(23, 2)
(24, 2)
(25, 2)
(26, 2)
(27, 2)
(62, 2)
(63, 2)
(64, 2)
(65, 2)
(87, 2)
(88, 2)
(89, 2)
(90, 2)
(91, 2)
(92, 2)
(93, 2)
(94, 2)
(4, 3)
(5, 3)
(6, 3)
(23, 3)
(24, 3)
(25, 3)
(26, 3)
(27, 3)
(44, 3)
(45, 3)
(46, 3)
(62, 3)
(63, 3)
(64, 3)
(65, 3)
(87, 3)
(88, 3)
(89, 3)
(90, 3)
(91, 3)
(92, 3)
(93, 3)
(94, 3)
(23, 4)
(24, 4)
(25, 4)
(26, 4)
(27, 4)
(44, 4)
(45, 4)
(46, 4)
(62, 4)
(63, 4)
(64, 4)
(65, 4)
(78, 4)
(79, 4)
(80, 4)
(81, 4)
(87, 4)
(88, 4)
(89, 4)
(90, 4)
(91, 4)
(92, 4)
(93, 4)
(94, 4)
(44, 5)
(45, 5)
(46, 5)
(78, 5)
(79, 5)
(80, 5)
(81, 5)
(44, 6)
(45, 6)
(46, 6)
(78, 6)
(79, 6)
(80, 6)
(81, 6)
(6, 7)
(7, 7)
(8, 7)
(6, 8)
(7, 8)
(8, 8)
(43, 8)
(44, 8)
(45, 8)
(46, 8)
(47, 8)
(6, 9)
(7, 9)
(8, 9)
(43, 9)
(44, 9)
(45, 9)
(46, 9)
(47, 9)
(6, 10)
(7, 10)
(8, 10)
(43, 10)
(44, 10)
(45, 10)
(46, 10)
(47, 10)
(78, 10)
(79, 10)
(80, 10)
(81, 10)
(82, 10)
(43, 11)
(44, 11)
(45, 11)
(46, 11)
(47, 11)
(78, 11)
(79, 11)
(80, 11)
(81, 11)
(82, 11)
(85, 11)
(86, 11)
(87, 11)
(88, 11)
(78, 12)
(79, 12)
(80, 12)
(81, 12)
(82, 12)
(85, 12)
(86, 12)
(87, 12)
(88, 12)
(78, 13)
(79, 13)
(80, 13)
(81, 13)
(82, 13)
(85, 13)
(86, 13)
(87, 13)
(88, 13)
(53, 14)
(54, 14)
(55, 14)
(62, 14)
(63, 14)
(64, 14)
(65, 14)
(78, 14)
(79, 14)
(80, 14)
(81, 14)
(82, 14)
(85, 14)
(86, 14)
(87, 14)
(88, 14)
(53, 15)
(54, 15)
(55, 15)
(62, 15)
(63, 15)
(64, 15)
(65, 15)
(85, 15)
(86, 15)
(87, 15)
(88, 15)
(40, 16)
(41, 16)
(42, 16)
(43, 16)
(44, 16)
(53, 16)
(54, 16)
(55, 16)
(62, 16)
(63, 16)
(64, 16)
(65, 16)
(80, 16)
(81, 16)
(82, 16)
(83, 16)
(84, 16)
(40, 17)
(41, 17)
(42, 17)
(43, 17)
(44, 17)
(62, 17)
(63, 17)
(64, 17)
(65, 17)
(80, 17)
(81, 17)
(82, 17)
(83, 17)
(84, 17)
(40, 18)
(41, 18)
(42, 18)
(43, 18)
(44, 18)
(62, 18)
(63, 18)
(64, 18)
(65, 18)
(80, 18)
(81, 18)
(82, 18)
(83, 18)
(84, 18)
(29, 19)
(30, 19)
(31, 19)
(32, 19)
(29, 20)
(30, 20)
(31, 20)
(32, 20)
(29, 21)
(30, 21)
(31, 21)
(32, 21)
(29, 22)
(30, 22)
(31, 22)
(32, 22)
(89, 22)
(90, 22)
(91, 22)
(29, 23)
(30, 23)
(31, 23)
(32, 23)
(38, 23)
(39, 23)
(40, 23)
(89, 23)
(90, 23)
(91, 23)
(93, 23)
(94, 23)
(95, 23)
(38, 24)
(39, 24)
(40, 24)
(89, 24)
(90, 24)
(91, 24)
(93, 24)
(94, 24)
(95, 24)
(38, 25)
(39, 25)
(40, 25)
(89, 25)
(90, 25)
(91, 25)
(93, 25)
(94, 25)
(95, 25)
(11, 26)
(12, 26)
(13, 26)
(14, 26)
(15, 26)
(38, 26)
(39, 26)
(40, 26)
(41, 26)
(42, 26)
(43, 26)
(44, 26)
(89, 26)
(90, 26)
(91, 26)
(93, 26)
(94, 26)
(95, 26)
(11, 27)
(12, 27)
(13, 27)
(14, 27)
(15, 27)
(27, 27)
(28, 27)
(29, 27)
(30, 27)
(41, 27)
(42, 27)
(43, 27)
(44, 27)
(93, 27)
(94, 27)
(95, 27)
(11, 28)
(12, 28)
(13, 28)
(14, 28)
(15, 28)
(27, 28)
(28, 28)
(29, 28)
(30, 28)
(41, 28)
(42, 28)
(43, 28)
(44, 28)
(57, 28)
(58, 28)
(59, 28)
(11, 29)
(12, 29)
(13, 29)
(14, 29)
(15, 29)
(27, 29)
(28, 29)
(29, 29)
(30, 29)
(41, 29)
(42, 29)
(43, 29)
(44, 29)
(57, 29)
(58, 29)
(59, 29)
(57, 30)
(58, 30)
(59, 30)
(1, 31)
(2, 31)
(3, 31)
(1, 32)
(2, 32)
(3, 32)
(43, 32)
(44, 32)
(45, 32)
(89, 32)
(90, 32)
(91, 32)
(1, 33)
(2, 33)
(3, 33)
(43, 33)
(44, 33)
(45, 33)
(89, 33)
(90, 33)
(91, 33)
(1, 34)
(2, 34)
(3, 34)
(43, 34)
(44, 34)
(45, 34)
(89, 34)
(90, 34)
(91, 34)
(1, 35)
(2, 35)
(3, 35)
(89, 35)
(90, 35)
(91, 35)
(5, 36)
(6, 36)
(7, 36)
(8, 36)
(13, 36)
(14, 36)
(15, 36)
(16, 36)
(17, 36)
(89, 36)
(90, 36)
(91, 36)
(5, 37)
(6, 37)
(7, 37)
(8, 37)
(13, 37)
(14, 37)
(15, 37)
(16, 37)
(17, 37)
(33, 37)
(34, 37)
(35, 37)
(90, 37)
(91, 37)
(92, 37)
(93, 37)
(94, 37)
(5, 38)
(6, 38)
(7, 38)
(8, 38)
(13, 38)
(14, 38)
(15, 38)
(16, 38)
(17, 38)
(33, 38)
(34, 38)
(35, 38)
(90, 38)
(91, 38)
(92, 38)
(93, 38)
(94, 38)
(5, 39)
(6, 39)
(7, 39)
(8, 39)
(13, 39)
(14, 39)
(15, 39)
(16, 39)
(17, 39)
(33, 39)
(34, 39)
(35, 39)
(90, 39)
(91, 39)
(92, 39)
(93, 39)
(94, 39)
(90, 40)
(91, 40)
(92, 40)
(93, 40)
(94, 40)
(81, 42)
(82, 42)
(83, 42)
(84, 42)
(76, 43)
(77, 43)
(78, 43)
(81, 43)
(82, 43)
(83, 43)
(84, 43)
(54, 44)
(55, 44)
(56, 44)
(76, 44)
(77, 44)
(78, 44)
(81, 44)
(82, 44)
(83, 44)
(84, 44)
(54, 45)
(55, 45)
(56, 45)
(76, 45)
(77, 45)
(78, 45)
(81, 45)
(82, 45)
(83, 45)
(84, 45)
(54, 46)
(55, 46)
(56, 46)
(76, 46)
(77, 46)
(78, 46)
(54, 47)
(55, 47)
(56, 47)
(54, 48)
(55, 48)
(56, 48)
(49, 51)
(50, 51)
(51, 51)
(52, 51)
(49, 52)
(50, 52)
(51, 52)
(52, 52)
(40, 53)
(41, 53)
(42, 53)
(49, 53)
(50, 53)
(51, 53)
(52, 53)
(40, 54)
(41, 54)
(42, 54)
(49, 54)
(50, 54)
(51, 54)
(52, 54)
(27, 55)
(28, 55)
(29, 55)
(40, 55)
(41, 55)
(42, 55)
(49, 55)
(50, 55)
(51, 55)
(52, 55)
(27, 56)
(28, 56)
(29, 56)
(27, 57)
(28, 57)
(29, 57)
(55, 57)
(56, 57)
(57, 57)
(58, 57)
(27, 58)
(28, 58)
(29, 58)
(55, 58)
(56, 58)
(57, 58)
(58, 58)
(27, 59)
(28, 59)
(29, 59)
(55, 59)
(56, 59)
(57, 59)
(58, 59)
(83, 62)
(84, 62)
(85, 62)
(86, 62)
(87, 62)
(59, 63)
(60, 63)
(61, 63)
(62, 63)
(63, 63)
(83, 63)
(84, 63)
(85, 63)
(86, 63)
(87, 63)
(89, 63)
(90, 63)
(91, 63)
(92, 63)
(93, 63)
(59, 64)
(60, 64)
(61, 64)
(62, 64)
(63, 64)
(83, 64)
(84, 64)
(85, 64)
(86, 64)
(87, 64)
(89, 64)
(90, 64)
(91, 64)
(92, 64)
(93, 64)
(59, 65)
(60, 65)
(61, 65)
(62, 65)
(63, 65)
(83, 65)
(84, 65)
(85, 65)
(86, 65)
(87, 65)
(89, 65)
(90, 65)
(91, 65)
(92, 65)
(93, 65)
(59, 66)
(60, 66)
(61, 66)
(62, 66)
(63, 66)
(77, 68)
(78, 68)
(79, 68)
(80, 68)
(81, 68)
(29, 69)
(30, 69)
(31, 69)
(77, 69)
(78, 69)
(79, 69)
(80, 69)
(81, 69)
(29, 70)
(30, 70)
(31, 70)
(77, 70)
(78, 70)
(79, 70)
(80, 70)
(81, 70)
(3, 71)
(4, 71)
(5, 71)
(6, 71)
(7, 71)
(29, 71)
(30, 71)
(31, 71)
(77, 71)
(78, 71)
(79, 71)
(80, 71)
(81, 71)
(3, 72)
(4, 72)
(5, 72)
(6, 72)
(7, 72)
(10, 72)
(11, 72)
(12, 72)
(13, 72)
(14, 72)
(29, 72)
(30, 72)
(31, 72)
(3, 73)
(4, 73)
(5, 73)
(6, 73)
(7, 73)
(10, 73)
(11, 73)
(12, 73)
(13, 73)
(14, 73)
(10, 74)
(11, 74)
(12, 74)
(13, 74)
(14, 74)
(68, 74)
(69, 74)
(70, 74)
(71, 74)
(10, 75)
(11, 75)
(12, 75)
(13, 75)
(68, 75)
(69, 75)
(70, 75)
(71, 75)
(82, 75)
(83, 75)
(84, 75)
(85, 75)
(86, 75)
(10, 76)
(11, 76)
(12, 76)
(13, 76)
(38, 76)
(39, 76)
(40, 76)
(41, 76)
(68, 76)
(69, 76)
(70, 76)
(71, 76)
(82, 76)
(83, 76)
(84, 76)
(85, 76)
(86, 76)
(10, 77)
(11, 77)
(12, 77)
(13, 77)
(25, 77)
(26, 77)
(27, 77)
(28, 77)
(38, 77)
(39, 77)
(40, 77)
(41, 77)
(68, 77)
(69, 77)
(70, 77)
(71, 77)
(82, 77)
(83, 77)
(84, 77)
(85, 77)
(86, 77)
(10, 78)
(11, 78)
(12, 78)
(13, 78)
(25, 78)
(26, 78)
(27, 78)
(28, 78)
(38, 78)
(39, 78)
(40, 78)
(41, 78)
(82, 78)
(83, 78)
(84, 78)
(85, 78)
(86, 78)
(10, 79)
(11, 79)
(12, 79)
(13, 79)
(25, 79)
(26, 79)
(27, 79)
(28, 79)
(67, 79)
(68, 79)
(69, 79)
(70, 79)
(71, 79)
(67, 80)
(68, 80)
(69, 80)
(70, 80)
(71, 80)
(16, 81)
(17, 81)
(18, 81)
(67, 81)
(68, 81)
(69, 81)
(70, 81)
(71, 81)
(16, 82)
(17, 82)
(18, 82)
(53, 82)
(54, 82)
(55, 82)
(10, 83)
(11, 83)
(12, 83)
(13, 83)
(14, 83)
(16, 83)
(17, 83)
(18, 83)
(53, 83)
(54, 83)
(55, 83)
(10, 84)
(11, 84)
(12, 84)
(13, 84)
(14, 84)
(35, 84)
(36, 84)
(37, 84)
(53, 84)
(54, 84)
(55, 84)
(10, 85)
(11, 85)
(12, 85)
(13, 85)
(14, 85)
(35, 85)
(36, 85)
(37, 85)
(10, 86)
(11, 86)
(12, 86)
(13, 86)
(14, 86)
(35, 86)
(36, 86)
(37, 86)
(82, 86)
(83, 86)
(84, 86)
(85, 86)
(86, 86)
(35, 87)
(36, 87)
(37, 87)
(82, 87)
(83, 87)
(84, 87)
(85, 87)
(86, 87)
(77, 88)
(78, 88)
(79, 88)
(80, 88)
(81, 88)
(82, 88)
(83, 88)
(84, 88)
(85, 88)
(86, 88)
(77, 89)
(78, 89)
(79, 89)
(80, 89)
(81, 89)
(77, 90)
(78, 90)
(79, 90)
(80, 90)
(81, 90)
(77, 91)
(78, 91)
(79, 91)
(80, 91)
(81, 91)
(24, 92)
(25, 92)
(26, 92)
(27, 92)
(28, 92)
(24, 93)
(25, 93)
(26, 93)
(27, 93)
(28, 93)
(49, 93)
(50, 93)
(51, 93)
(52, 93)
(53, 93)
(24, 94)
(25, 94)
(26, 94)
(27, 94)
(28, 94)
(49, 94)
(50, 94)
(51, 94)
(52, 94)
(53, 94)
(42, 95)
(43, 95)
(44, 95)
(45, 95)
(46, 95)
(49, 95)
(50, 95)
(51, 95)
(52, 95)
(53, 95)
(69, 95)
(70, 95)
(71, 95)
(42, 96)
(43, 96)
(44, 96)
(45, 96)
(46, 96)
(49, 96)
(50, 96)
(51, 96)
(52, 96)
(53, 96)
(69, 96)
(70, 96)
(71, 96)
(42, 97)
(43, 97)
(44, 97)
(45, 97)
(46, 97)
(49, 97)
(50, 97)
(51, 97)
(52, 97)
(53, 97)
(69, 97)
(70, 97)
(71, 97)
(69, 98)
(70, 98)
(71, 98)
-
(0, 4, 1.0, -1, 0.5)
(1, 3, 1.0, -1, 0.5)
(2, 5, 1.0, -1, 0.5)
(3, 2, 1.0, -1, 0.5)
(4, 3, 1.0, -1, 0.5)
(5, 1, 1.0, -1, 0.5)
(6, 5, 1.0, -1, 0.5)
(7, 2, 1.0, -1, 0.5)
(8, 4, 1.0, -1, 0.5)
(9, 1, 1.0, -1, 0.5)
-
(0, (95,72), (37,72))
(1, (82,48), (22,77))
(2, (32,43), (87,88))
(3, (98,54), (44,60))
(4, (31,34), (77,17))
(5, (90,19), (19,89))
(6, (63,89), (2,22))
(7, (61,31), (20,11))
(8, (69,6), (73,51))
(9, (26,65), (98,64))
