100
(90, 1)
(91, 1)
(92, 1)
(93, 1)
(94, 1)
(90, 2)
(91, 2)
(92, 2)
(93, 2)
(94, 2)
(90, 3)
(91, 3)
(92, 3)
(93, 3)
(94, 3)
(90, 4)
(91, 4)
(92, 4)
(93, 4)
(94, 4)
(56, 9)
(57, 9)
(58, 9)
(59, 9)
(56, 10)
(57, 10)
(58, 10)
(59, 10)
(56, 11)
(57, 11)
(58, 11)
(59, 11)
(24, 35)
(25, 35)
(26, 35)
(27, 35)
(28, 35)
(24, 36)
(25, 36)
(26, 36)
(27, 36)
(28, 36)
(24, 37)
(25, 37)
(26, 37)
(27, 37)
(28, 37)
(63, 42)
(64, 42)
(65, 42)
(66, 42)
(67, 42)
(63, 43)
(64, 43)
(65, 43)
(66, 43)
(67, 43)
(59, 44)
(60, 44)
(61, 44)
(62, 44)
(63, 44)
(64, 44)
(65, 44)
(66, 44)
(67, 44)
(59, 45)
(60, 45)
(61, 45)
(62, 45)
(59, 46)
(60, 46)
(61, 46)
(62, 46)
(89, 46)
(90, 46)
(91, 46)
(92, 46)
(93, 46)
(59, 47)
(60, 47)
(61, 47)
(62, 47)
(89, 47)
(90, 47)
(91, 47)
(92, 47)
(93, 47)
(89, 48)
(90, 48)
(91, 48)
(92, 48)
(93, 48)
(89, 49)
(90, 49)
(91, 49)
(92, 49)
(93, 49)
(89, 50)
(90, 50)
(91, 50)
(92, 50)
(93, 50)
(87, 71)
(88, 71)
(89, 71)
(87, 72)
(88, 72)
(89, 72)
(87, 73)
(88, 73)
(89, 73)
(95, 73)
(96, 73)
(97, 73)
(98, 73)
(87, 74)
(88, 74)
(89, 74)
(95, 74)
(96, 74)
(97, 74)
(98, 74)
(87, 75)
(88, 75)
(89, 75)
(95, 75)
(96, 75)
(97, 75)
(98, 75)
(95, 76)
(96, 76)
(97, 76)
(98, 76)
(95, 77)
(96, 77)
(97, 77)
(98, 77)
(85, 83)
(86, 83)
(87, 83)
(85, 84)
(86, 84)
(87, 84)
(85, 85)
(86, 85)
(87, 85)
(85, 86)
(86, 86)
(87, 86)
(85, 87)
(86, 87)
(87, 87)
(77, 93)
(78, 93)
(79, 93)
(80, 93)
(81, 93)
(77, 94)
(78, 94)
(79, 94)
(80, 94)
(81, 94)
(77, 95)
(78, 95)
(79, 95)
(80, 95)
(81, 95)
(77, 96)
(78, 96)
(79, 96)
(80, 96)
(81, 96)
(77, 97)
(78, 97)
(79, 97)
(80, 97)
(81, 97)
-
(0, 5, 1.0, -1, 0.5)
(1, 2, 1.0, -1, 0.5)
(2, 4, 1.0, -1, 0.5)
(3, 1, 1.0, -1, 0.5)
(4, 5, 1.0, -1, 0.5)
(5, 1, 1.0, -1, 0.5)
(6, 3, 1.0, -1, 0.5)
(7, 3, 1.0, -1, 0.5)
(8, 2, 1.0, -1, 0.5)
(9, 4, 1.0, -1, 0.5)
-
(0, (45,33), (9,85))
(1, (40,33), (28,85))
(2, (31,4), (70,17))
(3, (93,31), (24,27))
(4, (4,17), (9,72))
(5, (66,17), (5,78))
(6, (29,82), (19,6))
(7, (41,89), (1,83))
(8, (10,23), (9,68))
(9, (52,28), (3,2))
