100
(65, 3)
(66, 3)
(67, 3)
(65, 4)
(66, 4)
(67, 4)
(12, 5)
(13, 5)
(14, 5)
(15, 5)
(48, 5)
(49, 5)
(50, 5)
(51, 5)
(52, 5)
(65, 5)
(66, 5)
(67, 5)
(12, 6)
(13, 6)
(14, 6)
(15, 6)
(48, 6)
(49, 6)
(50, 6)
(51, 6)
(52, 6)
(12, 7)
(13, 7)
(14, 7)
(15, 7)
(48, 7)
(49, 7)
(50, 7)
(51, 7)
(52, 7)
(59, 7)
(60, 7)
(61, 7)
(3, 8)
(4, 8)
(5, 8)
(6, 8)
(7, 8)
(8, 8)
(9, 8)
(10, 8)
(11, 8)
(12, 8)
(13, 8)
(14, 8)
(15, 8)
(48, 8)
(49, 8)
(50, 8)
(51, 8)
(52, 8)
(59, 8)
(60, 8)
(61, 8)
(63, 8)
(64, 8)
(65, 8)
(3, 9)
(4, 9)
(5, 9)
(6, 9)
(7, 9)
(8, 9)
(9, 9)
(10, 9)
(11, 9)
(12, 9)
(13, 9)
(14, 9)
(15, 9)
(48, 9)
(49, 9)
(50, 9)
(51, 9)
(52, 9)
(59, 9)
(60, 9)
(61, 9)
(63, 9)
(64, 9)
(65, 9)
(0, 10)
(1, 10)
(2, 10)
(3, 10)
(4, 10)
(5, 10)
(6, 10)
(7, 10)
(8, 10)
(9, 10)
(10, 10)
(11, 10)
(49, 10)
(50, 10)
(51, 10)
(52, 10)
(53, 10)
(55, 10)
(56, 10)
(57, 10)
(58, 10)
(59, 10)
(60, 10)
(61, 10)
(63, 10)
(64, 10)
(65, 10)
(0, 11)
(1, 11)
(2, 11)
(3, 11)
(4, 11)
(5, 11)
(6, 11)
(7, 11)
(49, 11)
(50, 11)
(51, 11)
(52, 11)
(53, 11)
(55, 11)
(56, 11)
(57, 11)
(58, 11)
(63, 11)
(64, 11)
(65, 11)
(0, 12)
(1, 12)
(2, 12)
(32, 12)
(33, 12)
(34, 12)
(35, 12)
(36, 12)
(49, 12)
(50, 12)
(51, 12)
(52, 12)
(53, 12)
(55, 12)
(56, 12)
(57, 12)
(58, 12)
(32, 13)
(33, 13)
(34, 13)
(35, 13)
(36, 13)
(49, 13)
(50, 13)
(51, 13)
(52, 13)
(53, 13)
(55, 13)
(56, 13)
(57, 13)
(58, 13)
(86, 13)
(87, 13)
(88, 13)
(89, 13)
(32, 14)
(33, 14)
(34, 14)
(35, 14)
(36, 14)
(55, 14)
(56, 14)
(57, 14)
(58, 14)
(86, 14)
(87, 14)
(88, 14)
(89, 14)
(10, 15)
(11, 15)
(12, 15)
(13, 15)
(14, 15)
(86, 15)
(87, 15)
(88, 15)
(89, 15)
(10, 16)
(11, 16)
(12, 16)
(13, 16)
(14, 16)
(42, 16)
(43, 16)
(44, 16)
(45, 16)
(46, 16)
(86, 16)
(87, 16)
(88, 16)
(89, 16)
(10, 17)
(11, 17)
(12, 17)
(13, 17)
(14, 17)
(42, 17)
(43, 17)
(44, 17)
(45, 17)
(46, 17)
(10, 18)
(11, 18)
(12, 18)
(13, 18)
(14, 18)
(42, 18)
(43, 18)
(44, 18)
(45, 18)
(46, 18)
(10, 19)
(11, 19)
(12, 19)
(13, 19)
(14, 19)
(42, 19)
(43, 19)
(44, 19)
(45, 19)
(46, 19)
(68, 19)
(69, 19)
(70, 19)
(71, 19)
(68, 20)
(69, 20)
(70, 20)
(71, 20)
(68, 21)
(69, 21)
(70, 21)
(71, 21)
(6, 22)
(7, 22)
(8, 22)
(71, 22)
(72, 22)
(73, 22)
(6, 23)
(7, 23)
(8, 23)
(48, 23)
(49, 23)
(50, 23)
(71, 23)
(72, 23)
(73, 23)
(6, 24)
(7, 24)
(8, 24)
(48, 24)
(49, 24)
(50, 24)
(71, 24)
(72, 24)
(73, 24)
(48, 25)
(49, 25)
(50, 25)
(71, 25)
(72, 25)
(73, 25)
(25, 26)
(26, 26)
(27, 26)
(28, 26)
(48, 26)
(49, 26)
(50, 26)
(71, 26)
(72, 26)
(73, 26)
(25, 27)
(26, 27)
(27, 27)
(28, 27)
(48, 27)
(49, 27)
(50, 27)
(25, 28)
(26, 28)
(27, 28)
(28, 28)
(25, 29)
(26, 29)
(27, 29)
(28, 29)
(19, 31)
(20, 31)
(21, 31)
(22, 31)
(23, 31)
(75, 31)
(76, 31)
(77, 31)
(78, 31)
(3, 32)
(4, 32)
(5, 32)
(6, 32)
(19, 32)
(20, 32)
(21, 32)
(22, 32)
(23, 32)
(75, 32)
(76, 32)
(77, 32)
(78, 32)
(3, 33)
(4, 33)
(5, 33)
(6, 33)
(19, 33)
(20, 33)
(21, 33)
(22, 33)
(23, 33)
(57, 33)
(58, 33)
(59, 33)
(60, 33)
(75, 33)
(76, 33)
(77, 33)
(78, 33)
(3, 34)
(4, 34)
(5, 34)
(6, 34)
(19, 34)
(20, 34)
(21, 34)
(22, 34)
(23, 34)
(57, 34)
(58, 34)
(59, 34)
(60, 34)
(2, 35)
(3, 35)
(4, 35)
(5, 35)
(48, 35)
(49, 35)
(50, 35)
(51, 35)
(52, 35)
(57, 35)
(58, 35)
(59, 35)
(60, 35)
(2, 36)
(3, 36)
(4, 36)
(5, 36)
(19, 36)
(20, 36)
(21, 36)
(48, 36)
(49, 36)
(50, 36)
(51, 36)
(52, 36)
(57, 36)
(58, 36)
(59, 36)
(60, 36)
(89, 36)
(90, 36)
(91, 36)
(92, 36)
(2, 37)
(3, 37)
(4, 37)
(5, 37)
(19, 37)
(20, 37)
(21, 37)
(48, 37)
(49, 37)
(50, 37)
(51, 37)
(52, 37)
(89, 37)
(90, 37)
(91, 37)
(92, 37)
(2, 38)
(3, 38)
(4, 38)
(5, 38)
(19, 38)
(20, 38)
(21, 38)
(48, 38)
(49, 38)
(50, 38)
(51, 38)
(52, 38)
(89, 38)
(90, 38)
(91, 38)
(92, 38)
(48, 39)
(49, 39)
(50, 39)
(51, 39)
(52, 39)
(86, 39)
(87, 39)
(88, 39)
(89, 39)
(90, 39)
(91, 39)
(92, 39)
(16, 40)
(17, 40)
(18, 40)
(73, 40)
(74, 40)
(75, 40)
(76, 40)
(79, 40)
(80, 40)
(81, 40)
(82, 40)
(83, 40)
(86, 40)
(87, 40)
(88, 40)
(16, 41)
(17, 41)
(18, 41)
(73, 41)
(74, 41)
(75, 41)
(76, 41)
(79, 41)
(80, 41)
(81, 41)
(82, 41)
(83, 41)
(86, 41)
(87, 41)
(88, 41)
(12, 42)
(13, 42)
(14, 42)
(15, 42)
(16, 42)
(17, 42)
(18, 42)
(73, 42)
(74, 42)
(75, 42)
(76, 42)
(79, 42)
(80, 42)
(81, 42)
(82, 42)
(83, 42)
(12, 43)
(13, 43)
(14, 43)
(15, 43)
(16, 43)
(17, 43)
(18, 43)
(30, 43)
(31, 43)
(32, 43)
(33, 43)
(34, 43)
(73, 43)
(74, 43)
(75, 43)
(76, 43)
(79, 43)
(80, 43)
(81, 43)
(82, 43)
(83, 43)
(12, 44)
(13, 44)
(14, 44)
(15, 44)
(16, 44)
(17, 44)
(18, 44)
(30, 44)
(31, 44)
(32, 44)
(33, 44)
(34, 44)
(79, 44)
(80, 44)
(81, 44)
(82, 44)
(83, 44)
(12, 45)
(13, 45)
(14, 45)
(15, 45)
(22, 45)
(23, 45)
(24, 45)
(30, 45)
(31, 45)
(32, 45)
(33, 45)
(34, 45)
(22, 46)
(23, 46)
(24, 46)
(22, 47)
(23, 47)
(24, 47)
(22, 48)
(23, 48)
(24, 48)
(41, 48)
(42, 48)
(43, 48)
(22, 49)
(23, 49)
(24, 49)
(32, 49)
(33, 49)
(34, 49)
(35, 49)
(41, 49)
(42, 49)
(43, 49)
(32, 50)
(33, 50)
(34, 50)
(35, 50)
(41, 50)
(42, 50)
(43, 50)
(32, 51)
(33, 51)
(34, 51)
(35, 51)
(41, 51)
(42, 51)
(43, 51)
(80, 51)
(81, 51)
(82, 51)
(83, 51)
(84, 51)
(32, 52)
(33, 52)
(34, 52)
(35, 52)
(41, 52)
(42, 52)
(43, 52)
(80, 52)
(81, 52)
(82, 52)
(83, 52)
(84, 52)
(80, 53)
(81, 53)
(82, 53)
(83, 53)
(84, 53)
(74, 54)
(75, 54)
(76, 54)
(77, 54)
(74, 55)
(75, 55)
(76, 55)
(77, 55)
(74, 56)
(75, 56)
(76, 56)
(77, 56)
(74, 57)
(75, 57)
(76, 57)
(77, 57)
(22, 58)
(23, 58)
(24, 58)
(25, 58)
(74, 58)
(75, 58)
(76, 58)
(77, 58)
(22, 59)
(23, 59)
(24, 59)
(25, 59)
(22, 60)
(23, 60)
(24, 60)
(25, 60)
(76, 60)
(77, 60)
(78, 60)
(79, 60)
(8, 61)
(9, 61)
(10, 61)
(11, 61)
(62, 61)
(63, 61)
(64, 61)
(65, 61)
(76, 61)
(77, 61)
(78, 61)
(79, 61)
(86, 61)
(87, 61)
(88, 61)
(89, 61)
(90, 61)
(8, 62)
(9, 62)
(10, 62)
(11, 62)
(62, 62)
(63, 62)
(64, 62)
(65, 62)
(76, 62)
(77, 62)
(78, 62)
(79, 62)
(86, 62)
(87, 62)
(88, 62)
(89, 62)
(90, 62)
(8, 63)
(9, 63)
(10, 63)
(11, 63)
(62, 63)
(63, 63)
(64, 63)
(65, 63)
(70, 63)
(71, 63)
(72, 63)
(73, 63)
(76, 63)
(77, 63)
(78, 63)
(79, 63)
(86, 63)
(87, 63)
(88, 63)
(89, 63)
(90, 63)
(8, 64)
(9, 64)
(10, 64)
(11, 64)
(24, 64)
(25, 64)
(26, 64)
(27, 64)
(28, 64)
(62, 64)
(63, 64)
(64, 64)
(65, 64)
(70, 64)
(71, 64)
(72, 64)
(73, 64)
(86, 64)
(87, 64)
(88, 64)
(89, 64)
(90, 64)
(24, 65)
(25, 65)
(26, 65)
(27, 65)
(28, 65)
(70, 65)
(71, 65)
(72, 65)
(73, 65)
(86, 65)
(87, 65)
(88, 65)
(89, 65)
(90, 65)
(24, 66)
(25, 66)
(26, 66)
(27, 66)
(28, 66)
(50, 66)
(51, 66)
(52, 66)
(53, 66)
(54, 66)
(70, 66)
(71, 66)
(72, 66)
(73, 66)
(96, 66)
(97, 66)
(98, 66)
(50, 67)
(51, 67)
(52, 67)
(53, 67)
(54, 67)
(96, 67)
(97, 67)
(98, 67)
(50, 68)
(51, 68)
(52, 68)
(53, 68)
(54, 68)
(96, 68)
(97, 68)
(98, 68)
(19, 69)
(20, 69)
(21, 69)
(22, 69)
(27, 69)
(28, 69)
(29, 69)
(30, 69)
(19, 70)
(20, 70)
(21, 70)
(22, 70)
(27, 70)
(28, 70)
(29, 70)
(30, 70)
(19, 71)
(20, 71)
(21, 71)
(22, 71)
(27, 71)
(28, 71)
(29, 71)
(30, 71)
(26, 73)
(27, 73)
(28, 73)
(29, 73)
(30, 73)
(5, 74)
(6, 74)
(7, 74)
(8, 74)
(26, 74)
(27, 74)
(28, 74)
(29, 74)
(30, 74)
(5, 75)
(6, 75)
(7, 75)
(8, 75)
(26, 75)
(27, 75)
(28, 75)
(29, 75)
(30, 75)
(5, 76)
(6, 76)
(7, 76)
(8, 76)
(26, 76)
(27, 76)
(28, 76)
(29, 76)
(30, 76)
(5, 77)
(6, 77)
(7, 77)
(8, 77)
(5, 78)
(6, 78)
(7, 78)
(8, 78)
(65, 78)
(66, 78)
(67, 78)
(65, 79)
(66, 79)
(67, 79)
(14, 80)
(15, 80)
(16, 80)
(17, 80)
(18, 80)
(19, 80)
(20, 80)
(21, 80)
(22, 80)
(23, 80)
(65, 80)
(66, 80)
(67, 80)
(14, 81)
(15, 81)
(16, 81)
(17, 81)
(18, 81)
(19, 81)
(20, 81)
(21, 81)
(22, 81)
(23, 81)
(60, 81)
(61, 81)
(62, 81)
(63, 81)
(64, 81)
(68, 81)
(69, 81)
(70, 81)
(14, 82)
(15, 82)
(16, 82)
(17, 82)
(18, 82)
(19, 82)
(20, 82)
(21, 82)
(22, 82)
(23, 82)
(60, 82)
(61, 82)
(62, 82)
(63, 82)
(64, 82)
(68, 82)
(69, 82)
(70, 82)
(19, 83)
(20, 83)
(21, 83)
(22, 83)
(23, 83)
(60, 83)
(61, 83)
(62, 83)
(63, 83)
(64, 83)
(68, 83)
(69, 83)
(70, 83)
(10, 84)
(11, 84)
(12, 84)
(54, 84)
(55, 84)
(56, 84)
(60, 84)
(61, 84)
(62, 84)
(63, 84)
(64, 84)
(10, 85)
(11, 85)
(12, 85)
(54, 85)
(55, 85)
(56, 85)
(60, 85)
(61, 85)
(62, 85)
(63, 85)
(64, 85)
(93, 85)
(94, 85)
(95, 85)
(96, 85)
(97, 85)
(10, 86)
(11, 86)
(12, 86)
(54, 86)
(55, 86)
(56, 86)
(93, 86)
(94, 86)
(95, 86)
(96, 86)
(97, 86)
(54, 87)
(55, 87)
(56, 87)
(93, 87)
(94, 87)
(95, 87)
(96, 87)
(97, 87)
(10, 94)
(11, 94)
(12, 94)
(13, 94)
(10, 95)
(11, 95)
(12, 95)
(13, 95)
(10, 96)
(11, 96)
(12, 96)
(13, 96)
-
(0, 3, 1.0, -1, 0.5)
(1, 5, 1.0, -1, 0.5)
(2, 3, 1.0, -1, 0.5)
(3, 4, 1.0, -1, 0.5)
(4, 2, 1.0, -1, 0.5)
(5, 5, 1.0, -1, 0.5)
(6, 4, 1.0, -1, 0.5)
(7, 2, 1.0, -1, 0.5)
(8, 1, 1.0, -1, 0.5)
(9, 1, 1.0, -1, 0.5)
-
(0, (78,37), (8,34))
(1, (46,73), (76,8))
(2, (18,90), (7,42))
(3, (42,25), (58,72))
(4, (70,69), (17,28))
(5, (57,54), (95,45))
(6, (41,10), (64,38))
(7, (56,80), (10,49))
(8, (1,56), (61,11))
(9, (76,35), (13,59))
