100
(14, 0)
(15, 0)
(16, 0)
(14, 1)
(15, 1)
(16, 1)
(14, 2)
(15, 2)
(16, 2)
(91, 2)
(92, 2)
(93, 2)
(91, 3)
(92, 3)
(93, 3)
(63, 4)
(64, 4)
(65, 4)
(91, 4)
(92, 4)
(93, 4)
(63, 5)
(64, 5)
(65, 5)
(34, 6)
(35, 6)
(36, 6)
(63, 6)
(64, 6)
(65, 6)
(91, 6)
(92, 6)
(93, 6)
(34, 7)
(35, 7)
(36, 7)
(63, 7)
(64, 7)
(65, 7)
(70, 7)
(71, 7)
(72, 7)
(73, 7)
(74, 7)
(91, 7)
(92, 7)
(93, 7)
(34, 8)
(35, 8)
(36, 8)
(70, 8)
(71, 8)
(72, 8)
(73, 8)
(74, 8)
(91, 8)
(92, 8)
(93, 8)
(28, 9)
(29, 9)
(30, 9)
(34, 9)
(35, 9)
(36, 9)
(70, 9)
(71, 9)
(72, 9)
(73, 9)
(74, 9)
(91, 9)
(92, 9)
(93, 9)
(28, 10)
(29, 10)
(30, 10)
(15, 11)
(16, 11)
(17, 11)
(18, 11)
(19, 11)
(28, 11)
(29, 11)
(30, 11)
(61, 11)
(62, 11)
(63, 11)
(81, 11)
(82, 11)
(83, 11)
(84, 11)
(86, 11)
(87, 11)
(88, 11)
(89, 11)
(90, 11)
(5, 12)
(6, 12)
(7, 12)
(8, 12)
(15, 12)
(16, 12)
(17, 12)
(18, 12)
(19, 12)
(28, 12)
(29, 12)
(30, 12)
(40, 12)
(41, 12)
(42, 12)
(43, 12)
(44, 12)
(61, 12)
(62, 12)
(63, 12)
(81, 12)
(82, 12)
(83, 12)
(84, 12)
(86, 12)
(87, 12)
(88, 12)
(89, 12)
(90, 12)
(5, 13)
(6, 13)
(7, 13)
(8, 13)
(15, 13)
(16, 13)
(17, 13)
(18, 13)
(19, 13)
(28, 13)
(29, 13)
(30, 13)
(31, 13)
(32, 13)
(33, 13)
(34, 13)
(40, 13)
(41, 13)
(42, 13)
(43, 13)
(44, 13)
(61, 13)
(62, 13)
(63, 13)
(81, 13)
(82, 13)
(83, 13)
(84, 13)
(86, 13)
(87, 13)
(88, 13)
(89, 13)
(90, 13)
(5, 14)
(6, 14)
(7, 14)
(8, 14)
(31, 14)
(32, 14)
(33, 14)
(34, 14)
(40, 14)
(41, 14)
(42, 14)
(43, 14)
(44, 14)
(81, 14)
(82, 14)
(83, 14)
(84, 14)
(86, 14)
(87, 14)
(88, 14)
(89, 14)
(90, 14)
(31, 15)
(32, 15)
(33, 15)
(34, 15)
(81, 15)
(82, 15)
(83, 15)
(84, 15)
(86, 15)
(87, 15)
(88, 15)
(89, 15)
(90, 15)
(68, 16)
(69, 16)
(70, 16)
(71, 16)
(72, 16)
(68, 17)
(69, 17)
(70, 17)
(71, 17)
(72, 17)
(1, 18)
(2, 18)
(3, 18)
(4, 18)
(5, 18)
(12, 18)
(13, 18)
(14, 18)
(15, 18)
(16, 18)
(41, 18)
(42, 18)
(43, 18)
(51, 18)
(52, 18)
(53, 18)
(58, 18)
(59, 18)
(60, 18)
(61, 18)
(68, 18)
(69, 18)
(70, 18)
(71, 18)
(72, 18)
(1, 19)
(2, 19)
(3, 19)
(4, 19)
(5, 19)
(12, 19)
(13, 19)
(14, 19)
(15, 19)
(16, 19)
(41, 19)
(42, 19)
(43, 19)
(51, 19)
(52, 19)
(53, 19)
(58, 19)
(59, 19)
(60, 19)
(61, 19)
(80, 19)
(81, 19)
(82, 19)
(83, 19)
(84, 19)
(1, 20)
(2, 20)
(3, 20)
(4, 20)
(5, 20)
(12, 20)
(13, 20)
(14, 20)
(15, 20)
(16, 20)
(35, 20)
(36, 20)
(37, 20)
(41, 20)
(42, 20)
(43, 20)
(51, 20)
(52, 20)
(53, 20)
(58, 20)
(59, 20)
(60, 20)
(61, 20)
(80, 20)
(81, 20)
(82, 20)
(83, 20)
(84, 20)
(1, 21)
(2, 21)
(3, 21)
(4, 21)
(5, 21)
(12, 21)
(13, 21)
(14, 21)
(15, 21)
(16, 21)
(35, 21)
(36, 21)
(37, 21)
(41, 21)
(42, 21)
(43, 21)
(51, 21)
(52, 21)
(53, 21)
(58, 21)
(59, 21)
(60, 21)
(61, 21)
(80, 21)
(81, 21)
(82, 21)
(83, 21)
(84, 21)
(1, 22)
(2, 22)
(3, 22)
(4, 22)
(5, 22)
(12, 22)
(13, 22)
(14, 22)
(15, 22)
(16, 22)
(35, 22)
(36, 22)
(37, 22)
(41, 22)
(42, 22)
(43, 22)
(58, 22)
(59, 22)
(60, 22)
(61, 22)
(80, 22)
(81, 22)
(82, 22)
(83, 22)
(84, 22)
(35, 23)
(36, 23)
(37, 23)
(91, 25)
(92, 25)
(93, 25)
(94, 25)
(51, 26)
(52, 26)
(53, 26)
(54, 26)
(91, 26)
(92, 26)
(93, 26)
(94, 26)
(51, 27)
(52, 27)
(53, 27)
(54, 27)
(91, 27)
(92, 27)
(93, 27)
(94, 27)
(51, 28)
(52, 28)
(53, 28)
(54, 28)
(70, 28)
(71, 28)
(72, 28)
(73, 28)
(74, 28)
(51, 29)
(52, 29)
(53, 29)
(54, 29)
(70, 29)
(71, 29)
(72, 29)
(73, 29)
(74, 29)
(70, 30)
(71, 30)
(72, 30)
(73, 30)
(74, 30)
(83, 30)
(84, 30)
(85, 30)
(47, 31)
(48, 31)
(49, 31)
(50, 31)
(51, 31)
(70, 31)
(71, 31)
(72, 31)
(73, 31)
(74, 31)
(83, 31)
(84, 31)
(85, 31)
(18, 32)
(19, 32)
(20, 32)
(21, 32)
(47, 32)
(48, 32)
(49, 32)
(50, 32)
(51, 32)
(62, 32)
(63, 32)
(64, 32)
(65, 32)
(66, 32)
(70, 32)
(71, 32)
(72, 32)
(73, 32)
(74, 32)
(83, 32)
(84, 32)
(85, 32)
(94, 32)
(95, 32)
(96, 32)
(97, 32)
(98, 32)
(18, 33)
(19, 33)
(20, 33)
(21, 33)
(47, 33)
(48, 33)
(49, 33)
(50, 33)
(51, 33)
(62, 33)
(63, 33)
(64, 33)
(65, 33)
(66, 33)
(83, 33)
(84, 33)
(85, 33)
(94, 33)
(95, 33)
(96, 33)
(97, 33)
(98, 33)
(18, 34)
(19, 34)
(20, 34)
(21, 34)
(36, 34)
(37, 34)
(38, 34)
(39, 34)
(40, 34)
(62, 34)
(63, 34)
(64, 34)
(65, 34)
(66, 34)
(83, 34)
(84, 34)
(85, 34)
(94, 34)
(95, 34)
(96, 34)
(97, 34)
(98, 34)
(5, 35)
(6, 35)
(7, 35)
(8, 35)
(9, 35)
(17, 35)
(18, 35)
(19, 35)
(20, 35)
(36, 35)
(37, 35)
(38, 35)
(39, 35)
(40, 35)
(62, 35)
(63, 35)
(64, 35)
(65, 35)
(66, 35)
(94, 35)
(95, 35)
(96, 35)
(97, 35)
(98, 35)
(5, 36)
(6, 36)
(7, 36)
(8, 36)
(9, 36)
(17, 36)
(18, 36)
(19, 36)
(20, 36)
(36, 36)
(37, 36)
(38, 36)
(39, 36)
(40, 36)
(94, 36)
(95, 36)
(96, 36)
(97, 36)
(98, 36)
(5, 37)
(6, 37)
(7, 37)
(8, 37)
(9, 37)
(17, 37)
(18, 37)
(19, 37)
(20, 37)
(74, 37)
(75, 37)
(76, 37)
(77, 37)
(78, 37)
(74, 38)
(75, 38)
(76, 38)
(77, 38)
(78, 38)
(74, 39)
(75, 39)
(76, 39)
(77, 39)
(78, 39)
(62, 40)
(63, 40)
(64, 40)
(74, 40)
(75, 40)
(76, 40)
(77, 40)
(78, 40)
(62, 41)
(63, 41)
(64, 41)
(2, 42)
(3, 42)
(4, 42)
(5, 42)
(62, 42)
(63, 42)
(64, 42)
(2, 43)
(3, 43)
(4, 43)
(5, 43)
(7, 43)
(8, 43)
(9, 43)
(10, 43)
(34, 43)
(35, 43)
(36, 43)
(37, 43)
(38, 43)
(43, 43)
(44, 43)
(45, 43)
(46, 43)
(61, 43)
(62, 43)
(63, 43)
(64, 43)
(2, 44)
(3, 44)
(4, 44)
(5, 44)
(7, 44)
(8, 44)
(9, 44)
(10, 44)
(34, 44)
(35, 44)
(36, 44)
(37, 44)
(38, 44)
(43, 44)
(44, 44)
(45, 44)
(46, 44)
(61, 44)
(62, 44)
(63, 44)
(64, 44)
(73, 44)
(74, 44)
(75, 44)
(76, 44)
(77, 44)
(2, 45)
(3, 45)
(4, 45)
(5, 45)
(7, 45)
(8, 45)
(9, 45)
(10, 45)
(34, 45)
(35, 45)
(36, 45)
(37, 45)
(38, 45)
(43, 45)
(44, 45)
(45, 45)
(46, 45)
(61, 45)
(62, 45)
(63, 45)
(64, 45)
(73, 45)
(74, 45)
(75, 45)
(76, 45)
(77, 45)
(29, 46)
(30, 46)
(31, 46)
(32, 46)
(33, 46)
(34, 46)
(35, 46)
(36, 46)
(37, 46)
(38, 46)
(43, 46)
(44, 46)
(45, 46)
(46, 46)
(61, 46)
(62, 46)
(63, 46)
(64, 46)
(73, 46)
(74, 46)
(75, 46)
(76, 46)
(77, 46)
(8, 47)
(9, 47)
(10, 47)
(11, 47)
(12, 47)
(29, 47)
(30, 47)
(31, 47)
(32, 47)
(33, 47)
(34, 47)
(35, 47)
(36, 47)
(37, 47)
(38, 47)
(61, 47)
(62, 47)
(63, 47)
(64, 47)
(73, 47)
(74, 47)
(75, 47)
(76, 47)
(77, 47)
(95, 47)
(96, 47)
(97, 47)
(98, 47)
(8, 48)
(9, 48)
(10, 48)
(11, 48)
(12, 48)
(29, 48)
(30, 48)
(31, 48)
(32, 48)
(33, 48)
(56, 48)
(57, 48)
(58, 48)
(59, 48)
(95, 48)
(96, 48)
(97, 48)
(98, 48)
(8, 49)
(9, 49)
(10, 49)
(11, 49)
(12, 49)
(29, 49)
(30, 49)
(31, 49)
(32, 49)
(33, 49)
(56, 49)
(57, 49)
(58, 49)
(59, 49)
(95, 49)
(96, 49)
(97, 49)
(98, 49)
(29, 50)
(30, 50)
(31, 50)
(32, 50)
(33, 50)
(51, 50)
(52, 50)
(53, 50)
(54, 50)
(56, 50)
(57, 50)
(58, 50)
(59, 50)
(95, 50)
(96, 50)
(97, 50)
(98, 50)
(51, 51)
(52, 51)
(53, 51)
(54, 51)
(56, 51)
(57, 51)
(58, 51)
(59, 51)
(94, 51)
(95, 51)
(96, 51)
(97, 51)
(98, 51)
(36, 52)
(37, 52)
(38, 52)
(51, 52)
(52, 52)
(53, 52)
(54, 52)
(56, 52)
(57, 52)
(58, 52)
(59, 52)
(94, 52)
(95, 52)
(96, 52)
(97, 52)
(98, 52)
(36, 53)
(37, 53)
(38, 53)
(51, 53)
(52, 53)
(53, 53)
(54, 53)
(68, 53)
(69, 53)
(70, 53)
(71, 53)
(94, 53)
(95, 53)
(96, 53)
(97, 53)
(98, 53)
(36, 54)
(37, 54)
(38, 54)
(68, 54)
(69, 54)
(70, 54)
(71, 54)
(36, 55)
(37, 55)
(38, 55)
(68, 55)
(69, 55)
(70, 55)
(71, 55)
(96, 55)
(97, 55)
(98, 55)
(36, 56)
(37, 56)
(38, 56)
(68, 56)
(69, 56)
(70, 56)
(71, 56)
(96, 56)
(97, 56)
(98, 56)
(54, 57)
(55, 57)
(56, 57)
(85, 57)
(86, 57)
(87, 57)
(88, 57)
(96, 57)
(97, 57)
(98, 57)
(54, 58)
(55, 58)
(56, 58)
(85, 58)
(86, 58)
(87, 58)
(88, 58)
(54, 59)
(55, 59)
(56, 59)
(85, 59)
(86, 59)
(87, 59)
(88, 59)
(54, 60)
(55, 60)
(56, 60)
(64, 60)
(65, 60)
(66, 60)
(67, 60)
(85, 60)
(86, 60)
(87, 60)
(88, 60)
(0, 61)
(1, 61)
(2, 61)
(54, 61)
(55, 61)
(56, 61)
(64, 61)
(65, 61)
(66, 61)
(67, 61)
(70, 61)
(71, 61)
(72, 61)
(73, 61)
(83, 61)
(84, 61)
(85, 61)
(86, 61)
(89, 61)
(90, 61)
(91, 61)
(0, 62)
(1, 62)
(2, 62)
(64, 62)
(65, 62)
(66, 62)
(67, 62)
(70, 62)
(71, 62)
(72, 62)
(73, 62)
(83, 62)
(84, 62)
(85, 62)
(86, 62)
(89, 62)
(90, 62)
(91, 62)
(0, 63)
(1, 63)
(2, 63)
(24, 63)
(25, 63)
(26, 63)
(64, 63)
(65, 63)
(66, 63)
(67, 63)
(70, 63)
(71, 63)
(72, 63)
(73, 63)
(78, 63)
(79, 63)
(80, 63)
(81, 63)
(82, 63)
(83, 63)
(84, 63)
(85, 63)
(86, 63)
(89, 63)
(90, 63)
(91, 63)
(0, 64)
(1, 64)
(2, 64)
(24, 64)
(25, 64)
(26, 64)
(70, 64)
(71, 64)
(72, 64)
(73, 64)
(78, 64)
(79, 64)
(80, 64)
(81, 64)
(82, 64)
(83, 64)
(84, 64)
(85, 64)
(86, 64)
(89, 64)
(90, 64)
(91, 64)
(24, 65)
(25, 65)
(26, 65)
(78, 65)
(79, 65)
(80, 65)
(81, 65)
(82, 65)
(83, 65)
(84, 65)
(85, 65)
(86, 65)
(89, 65)
(90, 65)
(91, 65)
(77, 67)
(78, 67)
(79, 67)
(80, 67)
(18, 68)
(19, 68)
(20, 68)
(21, 68)
(77, 68)
(78, 68)
(79, 68)
(80, 68)
(18, 69)
(19, 69)
(20, 69)
(21, 69)
(77, 69)
(78, 69)
(79, 69)
(80, 69)
(18, 70)
(19, 70)
(20, 70)
(21, 70)
(57, 70)
(58, 70)
(59, 70)
(74, 70)
(75, 70)
(76, 70)
(77, 70)
(78, 70)
(79, 70)
(80, 70)
(82, 70)
(83, 70)
(84, 70)
(18, 71)
(19, 71)
(20, 71)
(21, 71)
(57, 71)
(58, 71)
(59, 71)
(74, 71)
(75, 71)
(76, 71)
(77, 71)
(78, 71)
(79, 71)
(80, 71)
(82, 71)
(83, 71)
(84, 71)
(18, 72)
(19, 72)
(20, 72)
(21, 72)
(25, 72)
(26, 72)
(27, 72)
(28, 72)
(29, 72)
(57, 72)
(58, 72)
(59, 72)
(74, 72)
(75, 72)
(76, 72)
(82, 72)
(83, 72)
(84, 72)
(85, 72)
(86, 72)
(87, 72)
(88, 72)
(89, 72)
(25, 73)
(26, 73)
(27, 73)
(28, 73)
(29, 73)
(74, 73)
(75, 73)
(76, 73)
(85, 73)
(86, 73)
(87, 73)
(88, 73)
(89, 73)
(25, 74)
(26, 74)
(27, 74)
(28, 74)
(29, 74)
(50, 74)
(51, 74)
(52, 74)
(74, 74)
(75, 74)
(76, 74)
(85, 74)
(86, 74)
(87, 74)
(88, 74)
(89, 74)
(25, 75)
(26, 75)
(27, 75)
(28, 75)
(29, 75)
(50, 75)
(51, 75)
(52, 75)
(55, 75)
(56, 75)
(57, 75)
(58, 75)
(59, 75)
(85, 75)
(86, 75)
(87, 75)
(88, 75)
(89, 75)
(50, 76)
(51, 76)
(52, 76)
(55, 76)
(56, 76)
(57, 76)
(58, 76)
(59, 76)
(72, 76)
(73, 76)
(74, 76)
(36, 77)
(37, 77)
(38, 77)
(39, 77)
(50, 77)
(51, 77)
(52, 77)
(55, 77)
(56, 77)
(57, 77)
(58, 77)
(59, 77)
(61, 77)
(62, 77)
(63, 77)
(64, 77)
(65, 77)
(72, 77)
(73, 77)
(74, 77)
(36, 78)
(37, 78)
(38, 78)
(39, 78)
(50, 78)
(51, 78)
(52, 78)
(55, 78)
(56, 78)
(57, 78)
(58, 78)
(59, 78)
(61, 78)
(62, 78)
(63, 78)
(64, 78)
(65, 78)
(72, 78)
(73, 78)
(74, 78)
(86, 78)
(87, 78)
(88, 78)
(89, 78)
(90, 78)
(36, 79)
(37, 79)
(38, 79)
(39, 79)
(55, 79)
(56, 79)
(57, 79)
(58, 79)
(59, 79)
(61, 79)
(62, 79)
(63, 79)
(64, 79)
(65, 79)
(72, 79)
(73, 79)
(74, 79)
(86, 79)
(87, 79)
(88, 79)
(89, 79)
(90, 79)
(22, 80)
(23, 80)
(24, 80)
(25, 80)
(26, 80)
(36, 80)
(37, 80)
(38, 80)
(39, 80)
(61, 80)
(62, 80)
(63, 80)
(64, 80)
(65, 80)
(72, 80)
(73, 80)
(74, 80)
(86, 80)
(87, 80)
(88, 80)
(89, 80)
(90, 80)
(10, 81)
(11, 81)
(12, 81)
(22, 81)
(23, 81)
(24, 81)
(25, 81)
(26, 81)
(61, 81)
(62, 81)
(63, 81)
(64, 81)
(65, 81)
(1, 82)
(2, 82)
(3, 82)
(4, 82)
(10, 82)
(11, 82)
(12, 82)
(22, 82)
(23, 82)
(24, 82)
(25, 82)
(26, 82)
(40, 82)
(41, 82)
(42, 82)
(74, 82)
(75, 82)
(76, 82)
(1, 83)
(2, 83)
(3, 83)
(4, 83)
(10, 83)
(11, 83)
(12, 83)
(18, 83)
(19, 83)
(20, 83)
(21, 83)
(22, 83)
(40, 83)
(41, 83)
(42, 83)
(74, 83)
(75, 83)
(76, 83)
(1, 84)
(2, 84)
(3, 84)
(4, 84)
(10, 84)
(11, 84)
(12, 84)
(18, 84)
(19, 84)
(20, 84)
(21, 84)
(22, 84)
(40, 84)
(41, 84)
(42, 84)
(74, 84)
(75, 84)
(76, 84)
(1, 85)
(2, 85)
(3, 85)
(4, 85)
(10, 85)
(11, 85)
(12, 85)
(18, 85)
(19, 85)
(20, 85)
(21, 85)
(22, 85)
(74, 85)
(75, 85)
(76, 85)
(1, 86)
(2, 86)
(3, 86)
(4, 86)
(44, 86)
(45, 86)
(46, 86)
(47, 86)
(48, 86)
(74, 86)
(75, 86)
(76, 86)
(31, 87)
(32, 87)
(33, 87)
(34, 87)
(44, 87)
(45, 87)
(46, 87)
(47, 87)
(48, 87)
(62, 87)
(63, 87)
(64, 87)
(65, 87)
(20, 88)
(21, 88)
(22, 88)
(23, 88)
(24, 88)
(31, 88)
(32, 88)
(33, 88)
(34, 88)
(44, 88)
(45, 88)
(46, 88)
(47, 88)
(48, 88)
(62, 88)
(63, 88)
(64, 88)
(65, 88)
(20, 89)
(21, 89)
(22, 89)
(23, 89)
(24, 89)
(31, 89)
(32, 89)
(33, 89)
(34, 89)
(44, 89)
(45, 89)
(46, 89)
(47, 89)
(48, 89)
(62, 89)
(63, 89)
(64, 89)
(65, 89)
(20, 90)
(21, 90)
(22, 90)
(23, 90)
(24, 90)
(44, 90)
(45, 90)
(46, 90)
(47, 90)
(48, 90)
(65, 90)
(66, 90)
(67, 90)
(68, 90)
(83, 90)
(84, 90)
(85, 90)
(10, 91)
(11, 91)
(12, 91)
(20, 91)
(21, 91)
(22, 91)
(23, 91)
(24, 91)
(65, 91)
(66, 91)
(67, 91)
(68, 91)
(69, 91)
(70, 91)
(71, 91)
(72, 91)
(83, 91)
(84, 91)
(85, 91)
(10, 92)
(11, 92)
(12, 92)
(20, 92)
(21, 92)
(22, 92)
(23, 92)
(24, 92)
(65, 92)
(66, 92)
(67, 92)
(68, 92)
(69, 92)
(70, 92)
(71, 92)
(72, 92)
(83, 92)
(84, 92)
(85, 92)
(10, 93)
(11, 93)
(12, 93)
(65, 93)
(66, 93)
(67, 93)
(68, 93)
(69, 93)
(70, 93)
(71, 93)
(72, 93)
(75, 93)
(76, 93)
(77, 93)
(78, 93)
(79, 93)
(83, 93)
(84, 93)
(85, 93)
(3, 94)
(4, 94)
(5, 94)
(6, 94)
(65, 94)
(66, 94)
(67, 94)
(68, 94)
(75, 94)
(76, 94)
(77, 94)
(78, 94)
(79, 94)
(83, 94)
(84, 94)
(85, 94)
(3, 95)
(4, 95)
(5, 95)
(6, 95)
(75, 95)
(76, 95)
(77, 95)
(78, 95)
(79, 95)
(3, 96)
(4, 96)
(5, 96)
(6, 96)
(7, 96)
(8, 96)
(9, 96)
(10, 96)
(26, 96)
(27, 96)
(28, 96)
(29, 96)
(30, 96)
(3, 97)
(4, 97)
(5, 97)
(6, 97)
(7, 97)
(8, 97)
(9, 97)
(10, 97)
(26, 97)
(27, 97)
(28, 97)
(29, 97)
(30, 97)
(3, 98)
(4, 98)
(5, 98)
(6, 98)
(7, 98)
(8, 98)
(9, 98)
(10, 98)
(26, 98)
(27, 98)
(28, 98)
(29, 98)
(30, 98)
(7, 99)
(8, 99)
(9, 99)
(10, 99)
(26, 99)
(27, 99)
(28, 99)
(29, 99)
(30, 99)
-
(0, 2, 1.0, -1, 0.5)
(1, 5, 1.0, -1, 0.5)
(2, 5, 1.0, -1, 0.5)
(3, 1, 1.0, -1, 0.5)
(4, 4, 1.0, -1, 0.5)
(5, 3, 1.0, -1, 0.5)
(6, 3, 1.0, -1, 0.5)
(7, 1, 1.0, -1, 0.5)
(8, 4, 1.0, -1, 0.5)
(9, 2, 1.0, -1, 0.5)
-
(0, (50,38), (98,77))
(1, (47,81), (72,23))
(2, (2,77), (43,95))
(3, (96,21), (36,61))
(4, (92,40), (40,24))
(5, (56,42), (10,63))
(6, (97,8), (55,85))
(7, (77,6), (70,87))
(8, (45,67), (11,53))
(9, (91,28), (0,49))
