100
(18, 0)
(19, 0)
(20, 0)
(21, 0)
(22, 0)
(37, 0)
(38, 0)
(39, 0)
(40, 0)
(41, 0)
(46, 0)
(47, 0)
(48, 0)
(49, 0)
(18, 1)
(19, 1)
(20, 1)
(21, 1)
(22, 1)
(37, 1)
(38, 1)
(39, 1)
(40, 1)
(41, 1)
(46, 1)
(47, 1)
(48, 1)
(49, 1)
(18, 2)
(19, 2)
(20, 2)
(21, 2)
(22, 2)
(37, 2)
(38, 2)
(39, 2)
(40, 2)
(41, 2)
(46, 2)
(47, 2)
(48, 2)
(49, 2)
(18, 3)
(19, 3)
(20, 3)
(21, 3)
(22, 3)
(37, 3)
(38, 3)
(39, 3)
(40, 3)
(41, 3)
(37, 4)
(38, 4)
(39, 4)
(40, 4)
(41, 4)
(71, 8)
(72, 8)
(73, 8)
(74, 8)
(71, 9)
(72, 9)
(73, 9)
(74, 9)
(71, 10)
(72, 10)
(73, 10)
(74, 10)
(71, 11)
(72, 11)
(73, 11)
(74, 11)
(43, 17)
(44, 17)
(45, 17)
(9, 18)
(10, 18)
(11, 18)
(12, 18)
(43, 18)
(44, 18)
(45, 18)
(9, 19)
(10, 19)
(11, 19)
(12, 19)
(43, 19)
(44, 19)
(45, 19)
(73, 19)
(74, 19)
(75, 19)
(9, 20)
(10, 20)
(11, 20)
(12, 20)
(73, 20)
(74, 20)
(75, 20)
(9, 21)
(10, 21)
(11, 21)
(12, 21)
(73, 21)
(74, 21)
(75, 21)
(82, 22)
(83, 22)
(84, 22)
(85, 22)
(86, 22)
(82, 23)
(83, 23)
(84, 23)
(85, 23)
(86, 23)
(82, 24)
(83, 24)
(84, 24)
(85, 24)
(86, 24)
(82, 25)
(83, 25)
(84, 25)
(85, 25)
(86, 25)
(76, 29)
(77, 29)
(78, 29)
(76, 30)
(77, 30)
(78, 30)
(76, 31)
(77, 31)
(78, 31)
(76, 32)
(77, 32)
(78, 32)
(76, 33)
(77, 33)
(78, 33)
(78, 36)
(79, 36)
(80, 36)
(78, 37)
(79, 37)
(80, 37)
(78, 38)
(79, 38)
(80, 38)
(61, 56)
(62, 56)
(63, 56)
(64, 56)
(65, 56)
(61, 57)
(62, 57)
(63, 57)
(64, 57)
(65, 57)
(61, 58)
(62, 58)
(63, 58)
(64, 58)
(65, 58)
(61, 59)
(62, 59)
(63, 59)
(64, 59)
(65, 59)
(61, 60)
(62, 60)
(63, 60)
(64, 60)
(65, 60)
(28, 64)
(29, 64)
(30, 64)
(31, 64)
(32, 64)
(28, 65)
(29, 65)
(30, 65)
(31, 65)
(32, 65)
(28, 66)
(29, 66)
(30, 66)
(31, 66)
(32, 66)
(40, 71)
(41, 71)
(42, 71)
(40, 72)
(41, 72)
(42, 72)
(40, 73)
(41, 73)
(42, 73)
(1, 80)
(2, 80)
(3, 80)
(4, 80)
(1, 81)
(2, 81)
(3, 81)
(4, 81)
(1, 82)
(2, 82)
(3, 82)
(4, 82)
(1, 83)
(2, 83)
(3, 83)
(4, 83)
(1, 84)
(2, 84)
(3, 84)
(4, 84)
(70, 92)
(71, 92)
(72, 92)
(70, 93)
(71, 93)
(72, 93)
(70, 94)
(71, 94)
(72, 94)
-
(0, 4, 1.0, -1, 0.5)
(1, 4, 1.0, -1, 0.5)
(2, 5, 1.0, -1, 0.5)
(3, 1, 1.0, -1, 0.5)
(4, 3, 1.0, -1, 0.5)
(5, 5, 1.0, -1, 0.5)
(6, 3, 1.0, -1, 0.5)
(7, 1, 1.0, -1, 0.5)
(8, 2, 1.0, -1, 0.5)
(9, 2, 1.0, -1, 0.5)
-
(0, (40,48), (79,7))
(1, (38,5), (96,61))
(2, (8,71), (72,75))
(3, (68,6), (92,83))
(4, (49,89), (33,4))
(5, (40,78), (53,19))
(6, (26,19), (36,94))
(7, (72,19), (16,3))
(8, (77,34), (89,72))
(9, (87,65), (31,62))
