100
(52, 0)
(53, 0)
(54, 0)
(55, 0)
(52, 1)
(53, 1)
(54, 1)
(55, 1)
(19, 2)
(20, 2)
(21, 2)
(52, 2)
(53, 2)
(54, 2)
(55, 2)
(95, 2)
(96, 2)
(97, 2)
(98, 2)
(99, 2)
(8, 3)
(9, 3)
(10, 3)
(11, 3)
(12, 3)
(19, 3)
(20, 3)
(21, 3)
(44, 3)
(45, 3)
(46, 3)
(47, 3)
(64, 3)
(65, 3)
(66, 3)
(67, 3)
(68, 3)
(83, 3)
(84, 3)
(85, 3)
(87, 3)
(88, 3)
(89, 3)
(95, 3)
(96, 3)
(97, 3)
(98, 3)
(99, 3)
(2, 4)
(3, 4)
(4, 4)
(5, 4)
(8, 4)
(9, 4)
(10, 4)
(11, 4)
(12, 4)
(19, 4)
(20, 4)
(21, 4)
(44, 4)
(45, 4)
(46, 4)
(47, 4)
(51, 4)
(52, 4)
(53, 4)
(54, 4)
(64, 4)
(65, 4)
(66, 4)
(67, 4)
(68, 4)
(83, 4)
(84, 4)
(85, 4)
(87, 4)
(88, 4)
(89, 4)
(95, 4)
(96, 4)
(97, 4)
(98, 4)
(99, 4)
(2, 5)
(3, 5)
(4, 5)
(5, 5)
(8, 5)
(9, 5)
(10, 5)
(11, 5)
(12, 5)
(19, 5)
(20, 5)
(21, 5)
(44, 5)
(45, 5)
(46, 5)
(47, 5)
(51, 5)
(52, 5)
(53, 5)
(54, 5)
(64, 5)
(65, 5)
(66, 5)
(67, 5)
(68, 5)
(83, 5)
(84, 5)
(85, 5)
(87, 5)
(88, 5)
(89, 5)
(95, 5)
(96, 5)
(97, 5)
(98, 5)
(99, 5)
(2, 6)
(3, 6)
(4, 6)
(5, 6)
(8, 6)
(9, 6)
(10, 6)
(11, 6)
(12, 6)
(51, 6)
(52, 6)
(53, 6)
(54, 6)
(64, 6)
(65, 6)
(66, 6)
(67, 6)
(68, 6)
(87, 6)
(88, 6)
(89, 6)
(2, 7)
(3, 7)
(4, 7)
(5, 7)
(8, 7)
(9, 7)
(10, 7)
(11, 7)
(12, 7)
(51, 7)
(52, 7)
(53, 7)
(54, 7)
(87, 7)
(88, 7)
(89, 7)
(52, 8)
(53, 8)
(54, 8)
(42, 9)
(43, 9)
(44, 9)
(52, 9)
(53, 9)
(54, 9)
(42, 10)
(43, 10)
(44, 10)
(52, 10)
(53, 10)
(54, 10)
(4, 11)
(5, 11)
(6, 11)
(7, 11)
(8, 11)
(42, 11)
(43, 11)
(44, 11)
(52, 11)
(53, 11)
(54, 11)
(4, 12)
(5, 12)
(6, 12)
(7, 12)
(8, 12)
(29, 12)
(30, 12)
(31, 12)
(32, 12)
(4, 13)
(5, 13)
(6, 13)
(7, 13)
(8, 13)
(29, 13)
(30, 13)
(31, 13)
(32, 13)
(29, 14)
(30, 14)
(31, 14)
(32, 14)
(29, 15)
(30, 15)
(31, 15)
(32, 15)
(90, 15)
(91, 15)
(92, 15)
(90, 16)
(91, 16)
(92, 16)
(29, 17)
(30, 17)
(31, 17)
(48, 17)
(49, 17)
(50, 17)
(51, 17)
(90, 17)
(91, 17)
(92, 17)
(15, 18)
(16, 18)
(17, 18)
(18, 18)
(19, 18)
(29, 18)
(30, 18)
(31, 18)
(33, 18)
(34, 18)
(35, 18)
(48, 18)
(49, 18)
(50, 18)
(51, 18)
(59, 18)
(60, 18)
(61, 18)
(62, 18)
(90, 18)
(91, 18)
(92, 18)
(15, 19)
(16, 19)
(17, 19)
(18, 19)
(19, 19)
(29, 19)
(30, 19)
(31, 19)
(33, 19)
(34, 19)
(35, 19)
(48, 19)
(49, 19)
(50, 19)
(51, 19)
(59, 19)
(60, 19)
(61, 19)
(62, 19)
(90, 19)
(91, 19)
(92, 19)
(15, 20)
(16, 20)
(17, 20)
(18, 20)
(19, 20)
(29, 20)
(30, 20)
(31, 20)
(33, 20)
(34, 20)
(35, 20)
(48, 20)
(49, 20)
(50, 20)
(51, 20)
(59, 20)
(60, 20)
(61, 20)
(62, 20)
(15, 21)
(16, 21)
(17, 21)
(18, 21)
(19, 21)
(29, 21)
(30, 21)
(31, 21)
(33, 21)
(34, 21)
(35, 21)
(59, 21)
(60, 21)
(61, 21)
(62, 21)
(83, 21)
(84, 21)
(85, 21)
(15, 22)
(16, 22)
(17, 22)
(18, 22)
(19, 22)
(83, 22)
(84, 22)
(85, 22)
(0, 23)
(1, 23)
(2, 23)
(3, 23)
(4, 23)
(83, 23)
(84, 23)
(85, 23)
(0, 24)
(1, 24)
(2, 24)
(3, 24)
(4, 24)
(0, 25)
(1, 25)
(2, 25)
(3, 25)
(4, 25)
(15, 25)
(16, 25)
(17, 25)
(18, 25)
(19, 25)
(39, 25)
(40, 25)
(41, 25)
(42, 25)
(0, 26)
(1, 26)
(2, 26)
(3, 26)
(4, 26)
(15, 26)
(16, 26)
(17, 26)
(18, 26)
(19, 26)
(33, 26)
(34, 26)
(35, 26)
(39, 26)
(40, 26)
(41, 26)
(42, 26)
(15, 27)
(16, 27)
(17, 27)
(18, 27)
(19, 27)
(33, 27)
(34, 27)
(35, 27)
(39, 27)
(40, 27)
(41, 27)
(42, 27)
(46, 27)
(47, 27)
(48, 27)
(49, 27)
(50, 27)
(33, 28)
(34, 28)
(35, 28)
(39, 28)
(40, 28)
(41, 28)
(42, 28)
(46, 28)
(47, 28)
(48, 28)
(49, 28)
(50, 28)
(71, 28)
(72, 28)
(73, 28)
(74, 28)
(90, 28)
(91, 28)
(92, 28)
(33, 29)
(34, 29)
(35, 29)
(46, 29)
(47, 29)
(48, 29)
(49, 29)
(50, 29)
(71, 29)
(72, 29)
(73, 29)
(74, 29)
(90, 29)
(91, 29)
(92, 29)
(71, 30)
(72, 30)
(73, 30)
(74, 30)
(90, 30)
(91, 30)
(92, 30)
(90, 31)
(91, 31)
(92, 31)
(90, 32)
(91, 32)
(92, 32)
(96, 32)
(97, 32)
(98, 32)
(99, 32)
(26, 33)
(27, 33)
(28, 33)
(29, 33)
(96, 33)
(97, 33)
(98, 33)
(99, 33)
(26, 34)
(27, 34)
(28, 34)
(29, 34)
(96, 34)
(97, 34)
(98, 34)
(99, 34)
(26, 35)
(27, 35)
(28, 35)
(29, 35)
(96, 35)
(97, 35)
(98, 35)
(99, 35)
(7, 36)
(8, 36)
(9, 36)
(10, 36)
(11, 36)
(26, 36)
(27, 36)
(28, 36)
(29, 36)
(7, 37)
(8, 37)
(9, 37)
(10, 37)
(11, 37)
(26, 37)
(27, 37)
(28, 37)
(29, 37)
(7, 38)
(8, 38)
(9, 38)
(10, 38)
(11, 38)
(7, 39)
(8, 39)
(9, 39)
(10, 39)
(11, 39)
(84, 41)
(85, 41)
(86, 41)
(95, 41)
(96, 41)
(97, 41)
(98, 41)
(43, 42)
(44, 42)
(45, 42)
(46, 42)
(47, 42)
(84, 42)
(85, 42)
(86, 42)
(95, 42)
(96, 42)
(97, 42)
(98, 42)
(10, 43)
(11, 43)
(12, 43)
(13, 43)
(24, 43)
(25, 43)
(26, 43)
(27, 43)
(43, 43)
(44, 43)
(45, 43)
(46, 43)
(47, 43)
(84, 43)
(85, 43)
(86, 43)
(95, 43)
(96, 43)
(97, 43)
(98, 43)
(10, 44)
(11, 44)
(12, 44)
(13, 44)
(24, 44)
(25, 44)
(26, 44)
(27, 44)
(43, 44)
(44, 44)
(45, 44)
(46, 44)
(47, 44)
(48, 44)
(49, 44)
(50, 44)
(10, 45)
(11, 45)
(12, 45)
(13, 45)
(24, 45)
(25, 45)
(26, 45)
(27, 45)
(43, 45)
(44, 45)
(45, 45)
(46, 45)
(47, 45)
(48, 45)
(49, 45)
(50, 45)
(10, 46)
(11, 46)
(12, 46)
(13, 46)
(48, 46)
(49, 46)
(50, 46)
(10, 47)
(11, 47)
(12, 47)
(13, 47)
(24, 47)
(25, 47)
(26, 47)
(89, 47)
(90, 47)
(91, 47)
(92, 47)
(24, 48)
(25, 48)
(26, 48)
(89, 48)
(90, 48)
(91, 48)
(92, 48)
(24, 49)
(25, 49)
(26, 49)
(89, 49)
(90, 49)
(91, 49)
(92, 49)
(24, 50)
(25, 50)
(26, 50)
(46, 50)
(47, 50)
(48, 50)
(63, 50)
(64, 50)
(65, 50)
(46, 51)
(47, 51)
(48, 51)
(63, 51)
(64, 51)
(65, 51)
(68, 51)
(69, 51)
(70, 51)
(71, 51)
(72, 51)
(8, 52)
(9, 52)
(10, 52)
(11, 52)
(12, 52)
(46, 52)
(47, 52)
(48, 52)
(63, 52)
(64, 52)
(65, 52)
(68, 52)
(69, 52)
(70, 52)
(71, 52)
(72, 52)
(79, 52)
(80, 52)
(81, 52)
(82, 52)
(83, 52)
(8, 53)
(9, 53)
(10, 53)
(11, 53)
(12, 53)
(16, 53)
(17, 53)
(18, 53)
(19, 53)
(46, 53)
(47, 53)
(48, 53)
(68, 53)
(69, 53)
(70, 53)
(71, 53)
(72, 53)
(79, 53)
(80, 53)
(81, 53)
(82, 53)
(83, 53)
(8, 54)
(9, 54)
(10, 54)
(11, 54)
(12, 54)
(16, 54)
(17, 54)
(18, 54)
(19, 54)
(68, 54)
(69, 54)
(70, 54)
(71, 54)
(72, 54)
(79, 54)
(80, 54)
(81, 54)
(82, 54)
(83, 54)
(16, 55)
(17, 55)
(18, 55)
(19, 55)
(6, 56)
(7, 56)
(8, 56)
(9, 56)
(10, 56)
(16, 56)
(17, 56)
(18, 56)
(19, 56)
(6, 57)
(7, 57)
(8, 57)
(9, 57)
(10, 57)
(6, 58)
(7, 58)
(8, 58)
(9, 58)
(10, 58)
(72, 58)
(73, 58)
(74, 58)
(75, 58)
(6, 59)
(7, 59)
(8, 59)
(9, 59)
(10, 59)
(72, 59)
(73, 59)
(74, 59)
(75, 59)
(72, 60)
(73, 60)
(74, 60)
(75, 60)
(43, 62)
(44, 62)
(45, 62)
(69, 62)
(70, 62)
(71, 62)
(72, 62)
(43, 63)
(44, 63)
(45, 63)
(69, 63)
(70, 63)
(71, 63)
(72, 63)
(91, 63)
(92, 63)
(93, 63)
(43, 64)
(44, 64)
(45, 64)
(48, 64)
(49, 64)
(50, 64)
(69, 64)
(70, 64)
(71, 64)
(72, 64)
(81, 64)
(82, 64)
(83, 64)
(84, 64)
(85, 64)
(91, 64)
(92, 64)
(93, 64)
(43, 65)
(44, 65)
(45, 65)
(48, 65)
(49, 65)
(50, 65)
(69, 65)
(70, 65)
(71, 65)
(72, 65)
(81, 65)
(82, 65)
(83, 65)
(84, 65)
(85, 65)
(91, 65)
(92, 65)
(93, 65)
(43, 66)
(44, 66)
(45, 66)
(48, 66)
(49, 66)
(50, 66)
(69, 66)
(70, 66)
(71, 66)
(72, 66)
(81, 66)
(82, 66)
(83, 66)
(84, 66)
(85, 66)
(91, 66)
(92, 66)
(93, 66)
(48, 67)
(49, 67)
(50, 67)
(52, 67)
(53, 67)
(54, 67)
(81, 67)
(82, 67)
(83, 67)
(84, 67)
(85, 67)
(22, 68)
(23, 68)
(24, 68)
(48, 68)
(49, 68)
(50, 68)
(52, 68)
(53, 68)
(54, 68)
(81, 68)
(82, 68)
(83, 68)
(84, 68)
(85, 68)
(8, 69)
(9, 69)
(10, 69)
(11, 69)
(12, 69)
(22, 69)
(23, 69)
(24, 69)
(39, 69)
(40, 69)
(41, 69)
(42, 69)
(52, 69)
(53, 69)
(54, 69)
(8, 70)
(9, 70)
(10, 70)
(11, 70)
(12, 70)
(22, 70)
(23, 70)
(24, 70)
(39, 70)
(40, 70)
(41, 70)
(42, 70)
(52, 70)
(53, 70)
(54, 70)
(8, 71)
(9, 71)
(10, 71)
(11, 71)
(12, 71)
(22, 71)
(23, 71)
(24, 71)
(39, 71)
(40, 71)
(41, 71)
(42, 71)
(52, 71)
(53, 71)
(54, 71)
(8, 72)
(9, 72)
(10, 72)
(11, 72)
(12, 72)
(22, 72)
(23, 72)
(24, 72)
(39, 72)
(40, 72)
(41, 72)
(42, 72)
(80, 72)
(81, 72)
(82, 72)
(83, 72)
(84, 72)
(95, 72)
(96, 72)
(97, 72)
(98, 72)
(8, 73)
(9, 73)
(10, 73)
(11, 73)
(12, 73)
(30, 73)
(31, 73)
(32, 73)
(33, 73)
(39, 73)
(40, 73)
(41, 73)
(42, 73)
(67, 73)
(68, 73)
(69, 73)
(70, 73)
(71, 73)
(77, 73)
(78, 73)
(79, 73)
(80, 73)
(81, 73)
(82, 73)
(83, 73)
(84, 73)
(95, 73)
(96, 73)
(97, 73)
(98, 73)
(23, 74)
(24, 74)
(25, 74)
(26, 74)
(27, 74)
(30, 74)
(31, 74)
(32, 74)
(33, 74)
(54, 74)
(55, 74)
(56, 74)
(57, 74)
(58, 74)
(67, 74)
(68, 74)
(69, 74)
(70, 74)
(71, 74)
(77, 74)
(78, 74)
(79, 74)
(80, 74)
(81, 74)
(82, 74)
(83, 74)
(84, 74)
(91, 74)
(92, 74)
(93, 74)
(94, 74)
(95, 74)
(96, 74)
(97, 74)
(98, 74)
(23, 75)
(24, 75)
(25, 75)
(26, 75)
(27, 75)
(30, 75)
(31, 75)
(32, 75)
(33, 75)
(54, 75)
(55, 75)
(56, 75)
(57, 75)
(58, 75)
(67, 75)
(68, 75)
(69, 75)
(70, 75)
(71, 75)
(77, 75)
(78, 75)
(79, 75)
(91, 75)
(92, 75)
(93, 75)
(94, 75)
(95, 75)
(96, 75)
(97, 75)
(98, 75)
(23, 76)
(24, 76)
(25, 76)
(26, 76)
(27, 76)
(30, 76)
(31, 76)
(32, 76)
(33, 76)
(54, 76)
(55, 76)
(56, 76)
(57, 76)
(58, 76)
(67, 76)
(68, 76)
(69, 76)
(70, 76)
(71, 76)
(77, 76)
(78, 76)
(79, 76)
(91, 76)
(92, 76)
(93, 76)
(94, 76)
(23, 77)
(24, 77)
(25, 77)
(26, 77)
(27, 77)
(30, 77)
(31, 77)
(32, 77)
(33, 77)
(54, 77)
(55, 77)
(56, 77)
(57, 77)
(58, 77)
(72, 77)
(73, 77)
(74, 77)
(75, 77)
(85, 77)
(86, 77)
(87, 77)
(88, 77)
(89, 77)
(91, 77)
(92, 77)
(93, 77)
(94, 77)
(22, 78)
(23, 78)
(24, 78)
(25, 78)
(26, 78)
(54, 78)
(55, 78)
(56, 78)
(57, 78)
(58, 78)
(72, 78)
(73, 78)
(74, 78)
(75, 78)
(85, 78)
(86, 78)
(87, 78)
(88, 78)
(89, 78)
(91, 78)
(92, 78)
(93, 78)
(94, 78)
(22, 79)
(23, 79)
(24, 79)
(25, 79)
(26, 79)
(72, 79)
(73, 79)
(74, 79)
(75, 79)
(85, 79)
(86, 79)
(87, 79)
(88, 79)
(89, 79)
(22, 80)
(23, 80)
(24, 80)
(25, 80)
(26, 80)
(72, 80)
(73, 80)
(74, 80)
(75, 80)
(85, 80)
(86, 80)
(87, 80)
(88, 80)
(89, 80)
(19, 81)
(20, 81)
(21, 81)
(22, 81)
(23, 81)
(24, 81)
(25, 81)
(26, 81)
(32, 81)
(33, 81)
(34, 81)
(85, 81)
(86, 81)
(87, 81)
(88, 81)
(89, 81)
(19, 82)
(20, 82)
(21, 82)
(22, 82)
(23, 82)
(24, 82)
(25, 82)
(26, 82)
(32, 82)
(33, 82)
(34, 82)
(19, 83)
(20, 83)
(21, 83)
(32, 83)
(33, 83)
(34, 83)
(19, 84)
(20, 84)
(21, 84)
(32, 84)
(33, 84)
(34, 84)
(1, 85)
(2, 85)
(3, 85)
(19, 85)
(20, 85)
(21, 85)
(24, 85)
(25, 85)
(26, 85)
(32, 85)
(33, 85)
(34, 85)
(52, 85)
(53, 85)
(54, 85)
(55, 85)
(56, 85)
(57, 85)
(58, 85)
(59, 85)
(60, 85)
(1, 86)
(2, 86)
(3, 86)
(24, 86)
(25, 86)
(26, 86)
(34, 86)
(35, 86)
(36, 86)
(52, 86)
(53, 86)
(54, 86)
(55, 86)
(56, 86)
(57, 86)
(58, 86)
(59, 86)
(60, 86)
(94, 86)
(95, 86)
(96, 86)
(97, 86)
(1, 87)
(2, 87)
(3, 87)
(8, 87)
(9, 87)
(10, 87)
(24, 87)
(25, 87)
(26, 87)
(34, 87)
(35, 87)
(36, 87)
(52, 87)
(53, 87)
(54, 87)
(55, 87)
(56, 87)
(57, 87)
(58, 87)
(59, 87)
(60, 87)
(94, 87)
(95, 87)
(96, 87)
(97, 87)
(1, 88)
(2, 88)
(3, 88)
(8, 88)
(9, 88)
(10, 88)
(24, 88)
(25, 88)
(26, 88)
(34, 88)
(35, 88)
(36, 88)
(74, 88)
(75, 88)
(76, 88)
(94, 88)
(95, 88)
(96, 88)
(97, 88)
(8, 89)
(9, 89)
(10, 89)
(24, 89)
(25, 89)
(26, 89)
(74, 89)
(75, 89)
(76, 89)
(8, 90)
(9, 90)
(10, 90)
(38, 90)
(39, 90)
(40, 90)
(41, 90)
(42, 90)
(74, 90)
(75, 90)
(76, 90)
(18, 91)
(19, 91)
(20, 91)
(21, 91)
(38, 91)
(39, 91)
(40, 91)
(41, 91)
(42, 91)
(60, 91)
(61, 91)
(62, 91)
(18, 92)
(19, 92)
(20, 92)
(21, 92)
(38, 92)
(39, 92)
(40, 92)
(41, 92)
(42, 92)
(50, 92)
(51, 92)
(52, 92)
(53, 92)
(60, 92)
(61, 92)
(62, 92)
(15, 93)
(16, 93)
(17, 93)
(18, 93)
(19, 93)
(20, 93)
(21, 93)
(38, 93)
(39, 93)
(40, 93)
(41, 93)
(42, 93)
(50, 93)
(51, 93)
(52, 93)
(53, 93)
(60, 93)
(61, 93)
(62, 93)
(15, 94)
(16, 94)
(17, 94)
(38, 94)
(39, 94)
(40, 94)
(41, 94)
(42, 94)
(50, 94)
(51, 94)
(52, 94)
(53, 94)
(60, 94)
(61, 94)
(62, 94)
(15, 95)
(16, 95)
(17, 95)
(33, 95)
(34, 95)
(35, 95)
(36, 95)
(33, 96)
(34, 96)
(35, 96)
(36, 96)
(33, 97)
(34, 97)
(35, 97)
(36, 97)
(75, 97)
(76, 97)
(77, 97)
(78, 97)
(79, 97)
(93, 97)
(94, 97)
(95, 97)
(96, 97)
(97, 97)
(33, 98)
(34, 98)
(35, 98)
(36, 98)
(75, 98)
(76, 98)
(77, 98)
(78, 98)
(79, 98)
(93, 98)
(94, 98)
(95, 98)
(96, 98)
(97, 98)
(33, 99)
(34, 99)
(35, 99)
(36, 99)
(75, 99)
(76, 99)
(77, 99)
(78, 99)
(79, 99)
(93, 99)
(94, 99)
(95, 99)
(96, 99)
(97, 99)
-
(0, 3, 1.0, -1, 0.5)
(1, 4, 1.0, -1, 0.5)
(2, 4, 1.0, -1, 0.5)
(3, 5, 1.0, -1, 0.5)
(4, 2, 1.0, -1, 0.5)
(5, 5, 1.0, -1, 0.5)
(6, 1, 1.0, -1, 0.5)
(7, 2, 1.0, -1, 0.5)
(8, 3, 1.0, -1, 0.5)
(9, 1, 1.0, -1, 0.5)
-
(0, (80,92), (58,33))
(1, (74,38), (78,85))
(2, (59,67), (3,73))
(3, (2,17), (81,26))
(4, (62,28), (48,75))
(5, (44,80), (74,23))
(6, (10,26), (12,65))
(7, (29,67), (74,93))
(8, (26,20), (94,38))
(9, (11,12), (50,95))
