100
(44, 3)
(45, 3)
(46, 3)
(47, 3)
(44, 4)
(45, 4)
(46, 4)
(47, 4)
(44, 5)
(45, 5)
(46, 5)
(47, 5)
(90, 28)
(91, 28)
(92, 28)
(90, 29)
(91, 29)
(92, 29)
(90, 30)
(91, 30)
(92, 30)
(90, 31)
(91, 31)
(92, 31)
(90, 32)
(91, 32)
(92, 32)
(22, 68)
(23, 68)
(24, 68)
(22, 69)
(23, 69)
(24, 69)
(22, 70)
(23, 70)
(24, 70)
(22, 71)
(23, 71)
(24, 71)
(22, 72)
(23, 72)
(24, 72)
(34, 86)
(35, 86)
(36, 86)
(34, 87)
(35, 87)
(36, 87)
(34, 88)
(35, 88)
(36, 88)
(50, 92)
(51, 92)
(52, 92)
(53, 92)
(50, 93)
(51, 93)
(52, 93)
(53, 93)
(50, 94)
(51, 94)
(52, 94)
(53, 94)
-
(0, 3, 1.0, -1, 0.5)
(1, 4, 1.0, -1, 0.5)
(2, 4, 1.0, -1, 0.5)
(3, 5, 1.0, -1, 0.5)
(4, 2, 1.0, -1, 0.5)
(5, 5, 1.0, -1, 0.5)
(6, 1, 1.0, -1, 0.5)
(7, 2, 1.0, -1, 0.5)
(8, 3, 1.0, -1, 0.5)
(9, 1, 1.0, -1, 0.5)
-
(0, (80,92), (58,33))
(1, (74,38), (78,85))
(2, (59,67), (3,73))
(3, (2,17), (81,26))
(4, (62,28), (48,75))
(5, (44,80), (74,23))
(6, (10,26), (12,65))
(7, (29,67), (74,93))
(8, (26,20), (94,38))
(9, (11,12), (50,95))
