100
(0, 0)
(1, 0)
(2, 0)
(3, 0)
(63, 0)
(64, 0)
(65, 0)
(0, 1)
(1, 1)
(2, 1)
(3, 1)
(63, 1)
(64, 1)
(65, 1)
(0, 2)
(1, 2)
(2, 2)
(3, 2)
(13, 2)
(14, 2)
(15, 2)
(16, 2)
(17, 2)
(41, 2)
(42, 2)
(43, 2)
(63, 2)
(64, 2)
(65, 2)
(13, 3)
(14, 3)
(15, 3)
(16, 3)
(17, 3)
(41, 3)
(42, 3)
(43, 3)
(63, 3)
(64, 3)
(65, 3)
(90, 3)
(91, 3)
(92, 3)
(93, 3)
(94, 3)
(13, 4)
(14, 4)
(15, 4)
(16, 4)
(17, 4)
(41, 4)
(42, 4)
(43, 4)
(90, 4)
(91, 4)
(92, 4)
(93, 4)
(94, 4)
(17, 5)
(18, 5)
(19, 5)
(20, 5)
(25, 5)
(26, 5)
(27, 5)
(28, 5)
(41, 5)
(42, 5)
(43, 5)
(90, 5)
(91, 5)
(92, 5)
(93, 5)
(94, 5)
(17, 6)
(18, 6)
(19, 6)
(20, 6)
(25, 6)
(26, 6)
(27, 6)
(28, 6)
(60, 6)
(61, 6)
(62, 6)
(90, 6)
(91, 6)
(92, 6)
(93, 6)
(94, 6)
(17, 7)
(18, 7)
(19, 7)
(20, 7)
(25, 7)
(26, 7)
(27, 7)
(28, 7)
(38, 7)
(39, 7)
(40, 7)
(41, 7)
(45, 7)
(46, 7)
(47, 7)
(48, 7)
(60, 7)
(61, 7)
(62, 7)
(90, 7)
(91, 7)
(92, 7)
(93, 7)
(94, 7)
(96, 7)
(97, 7)
(98, 7)
(16, 8)
(17, 8)
(18, 8)
(25, 8)
(26, 8)
(27, 8)
(28, 8)
(38, 8)
(39, 8)
(40, 8)
(41, 8)
(45, 8)
(46, 8)
(47, 8)
(48, 8)
(60, 8)
(61, 8)
(62, 8)
(96, 8)
(97, 8)
(98, 8)
(16, 9)
(17, 9)
(18, 9)
(25, 9)
(26, 9)
(27, 9)
(28, 9)
(38, 9)
(39, 9)
(40, 9)
(41, 9)
(45, 9)
(46, 9)
(47, 9)
(48, 9)
(60, 9)
(61, 9)
(62, 9)
(96, 9)
(97, 9)
(98, 9)
(16, 10)
(17, 10)
(18, 10)
(38, 10)
(39, 10)
(40, 10)
(41, 10)
(45, 10)
(46, 10)
(47, 10)
(48, 10)
(60, 10)
(61, 10)
(62, 10)
(96, 10)
(97, 10)
(98, 10)
(16, 11)
(17, 11)
(18, 11)
(80, 11)
(81, 11)
(82, 11)
(83, 11)
(96, 11)
(97, 11)
(98, 11)
(47, 12)
(48, 12)
(49, 12)
(50, 12)
(51, 12)
(80, 12)
(81, 12)
(82, 12)
(83, 12)
(47, 13)
(48, 13)
(49, 13)
(50, 13)
(51, 13)
(80, 13)
(81, 13)
(82, 13)
(83, 13)
(47, 14)
(48, 14)
(49, 14)
(50, 14)
(51, 14)
(80, 14)
(81, 14)
(82, 14)
(83, 14)
(17, 15)
(18, 15)
(19, 15)
(47, 15)
(48, 15)
(49, 15)
(50, 15)
(51, 15)
(79, 15)
(80, 15)
(81, 15)
(17, 16)
(18, 16)
(19, 16)
(47, 16)
(48, 16)
(49, 16)
(50, 16)
(51, 16)
(60, 16)
(61, 16)
(62, 16)
(63, 16)
(79, 16)
(80, 16)
(81, 16)
(9, 17)
(10, 17)
(11, 17)
(12, 17)
(17, 17)
(18, 17)
(19, 17)
(60, 17)
(61, 17)
(62, 17)
(63, 17)
(79, 17)
(80, 17)
(81, 17)
(9, 18)
(10, 18)
(11, 18)
(12, 18)
(33, 18)
(34, 18)
(35, 18)
(36, 18)
(37, 18)
(48, 18)
(49, 18)
(50, 18)
(51, 18)
(52, 18)
(60, 18)
(61, 18)
(62, 18)
(63, 18)
(79, 18)
(80, 18)
(81, 18)
(93, 18)
(94, 18)
(95, 18)
(9, 19)
(10, 19)
(11, 19)
(12, 19)
(33, 19)
(34, 19)
(35, 19)
(36, 19)
(37, 19)
(48, 19)
(49, 19)
(50, 19)
(51, 19)
(52, 19)
(60, 19)
(61, 19)
(62, 19)
(63, 19)
(79, 19)
(80, 19)
(81, 19)
(93, 19)
(94, 19)
(95, 19)
(33, 20)
(34, 20)
(35, 20)
(36, 20)
(37, 20)
(48, 20)
(49, 20)
(50, 20)
(51, 20)
(52, 20)
(67, 20)
(68, 20)
(69, 20)
(74, 20)
(75, 20)
(76, 20)
(77, 20)
(78, 20)
(93, 20)
(94, 20)
(95, 20)
(48, 21)
(49, 21)
(50, 21)
(51, 21)
(52, 21)
(67, 21)
(68, 21)
(69, 21)
(74, 21)
(75, 21)
(76, 21)
(77, 21)
(78, 21)
(93, 21)
(94, 21)
(95, 21)
(42, 22)
(43, 22)
(44, 22)
(48, 22)
(49, 22)
(50, 22)
(51, 22)
(52, 22)
(67, 22)
(68, 22)
(69, 22)
(74, 22)
(75, 22)
(76, 22)
(77, 22)
(78, 22)
(42, 23)
(43, 23)
(44, 23)
(10, 24)
(11, 24)
(12, 24)
(42, 24)
(43, 24)
(44, 24)
(72, 24)
(73, 24)
(74, 24)
(75, 24)
(88, 24)
(89, 24)
(90, 24)
(10, 25)
(11, 25)
(12, 25)
(17, 25)
(18, 25)
(19, 25)
(20, 25)
(21, 25)
(42, 25)
(43, 25)
(44, 25)
(72, 25)
(73, 25)
(74, 25)
(75, 25)
(88, 25)
(89, 25)
(90, 25)
(10, 26)
(11, 26)
(12, 26)
(17, 26)
(18, 26)
(19, 26)
(20, 26)
(21, 26)
(42, 26)
(43, 26)
(44, 26)
(72, 26)
(73, 26)
(74, 26)
(75, 26)
(88, 26)
(89, 26)
(90, 26)
(10, 27)
(11, 27)
(12, 27)
(17, 27)
(18, 27)
(19, 27)
(20, 27)
(21, 27)
(72, 27)
(73, 27)
(74, 27)
(75, 27)
(17, 28)
(18, 28)
(19, 28)
(20, 28)
(21, 28)
(72, 28)
(73, 28)
(74, 28)
(75, 28)
(84, 28)
(85, 28)
(86, 28)
(84, 29)
(85, 29)
(86, 29)
(4, 30)
(5, 30)
(6, 30)
(7, 30)
(84, 30)
(85, 30)
(86, 30)
(4, 31)
(5, 31)
(6, 31)
(7, 31)
(22, 31)
(23, 31)
(24, 31)
(25, 31)
(68, 31)
(69, 31)
(70, 31)
(71, 31)
(84, 31)
(85, 31)
(86, 31)
(4, 32)
(5, 32)
(6, 32)
(7, 32)
(22, 32)
(23, 32)
(24, 32)
(25, 32)
(68, 32)
(69, 32)
(70, 32)
(71, 32)
(84, 32)
(85, 32)
(86, 32)
(89, 32)
(90, 32)
(91, 32)
(92, 32)
(4, 33)
(5, 33)
(6, 33)
(7, 33)
(22, 33)
(23, 33)
(24, 33)
(25, 33)
(60, 33)
(61, 33)
(62, 33)
(68, 33)
(69, 33)
(70, 33)
(71, 33)
(89, 33)
(90, 33)
(91, 33)
(92, 33)
(22, 34)
(23, 34)
(24, 34)
(25, 34)
(60, 34)
(61, 34)
(62, 34)
(68, 34)
(69, 34)
(70, 34)
(71, 34)
(89, 34)
(90, 34)
(91, 34)
(92, 34)
(15, 35)
(16, 35)
(17, 35)
(22, 35)
(23, 35)
(24, 35)
(25, 35)
(60, 35)
(61, 35)
(62, 35)
(68, 35)
(69, 35)
(70, 35)
(71, 35)
(15, 36)
(16, 36)
(17, 36)
(31, 36)
(32, 36)
(33, 36)
(34, 36)
(46, 36)
(47, 36)
(48, 36)
(49, 36)
(50, 36)
(51, 36)
(52, 36)
(53, 36)
(60, 36)
(61, 36)
(62, 36)
(96, 36)
(97, 36)
(98, 36)
(15, 37)
(16, 37)
(17, 37)
(24, 37)
(25, 37)
(26, 37)
(27, 37)
(31, 37)
(32, 37)
(33, 37)
(34, 37)
(46, 37)
(47, 37)
(48, 37)
(49, 37)
(50, 37)
(51, 37)
(52, 37)
(53, 37)
(96, 37)
(97, 37)
(98, 37)
(24, 38)
(25, 38)
(26, 38)
(27, 38)
(31, 38)
(32, 38)
(33, 38)
(34, 38)
(46, 38)
(47, 38)
(48, 38)
(49, 38)
(50, 38)
(51, 38)
(52, 38)
(53, 38)
(96, 38)
(97, 38)
(98, 38)
(14, 39)
(15, 39)
(16, 39)
(17, 39)
(18, 39)
(24, 39)
(25, 39)
(26, 39)
(27, 39)
(31, 39)
(32, 39)
(33, 39)
(34, 39)
(46, 39)
(47, 39)
(48, 39)
(49, 39)
(50, 39)
(51, 39)
(52, 39)
(53, 39)
(96, 39)
(97, 39)
(98, 39)
(5, 40)
(6, 40)
(7, 40)
(8, 40)
(9, 40)
(14, 40)
(15, 40)
(16, 40)
(17, 40)
(18, 40)
(24, 40)
(25, 40)
(26, 40)
(27, 40)
(31, 40)
(32, 40)
(33, 40)
(34, 40)
(46, 40)
(47, 40)
(48, 40)
(49, 40)
(50, 40)
(51, 40)
(52, 40)
(53, 40)
(81, 40)
(82, 40)
(83, 40)
(5, 41)
(6, 41)
(7, 41)
(8, 41)
(9, 41)
(14, 41)
(15, 41)
(16, 41)
(17, 41)
(18, 41)
(24, 41)
(25, 41)
(26, 41)
(27, 41)
(81, 41)
(82, 41)
(83, 41)
(5, 42)
(6, 42)
(7, 42)
(8, 42)
(9, 42)
(14, 42)
(15, 42)
(16, 42)
(17, 42)
(18, 42)
(20, 42)
(21, 42)
(22, 42)
(42, 42)
(43, 42)
(44, 42)
(45, 42)
(46, 42)
(81, 42)
(82, 42)
(83, 42)
(5, 43)
(6, 43)
(7, 43)
(8, 43)
(9, 43)
(20, 43)
(21, 43)
(22, 43)
(42, 43)
(43, 43)
(44, 43)
(45, 43)
(46, 43)
(54, 43)
(55, 43)
(56, 43)
(57, 43)
(81, 43)
(82, 43)
(83, 43)
(5, 44)
(6, 44)
(7, 44)
(8, 44)
(9, 44)
(20, 44)
(21, 44)
(22, 44)
(42, 44)
(43, 44)
(44, 44)
(45, 44)
(46, 44)
(54, 44)
(55, 44)
(56, 44)
(57, 44)
(81, 44)
(82, 44)
(83, 44)
(32, 45)
(33, 45)
(34, 45)
(35, 45)
(36, 45)
(54, 45)
(55, 45)
(56, 45)
(57, 45)
(32, 46)
(33, 46)
(34, 46)
(35, 46)
(36, 46)
(54, 46)
(55, 46)
(56, 46)
(57, 46)
(14, 47)
(15, 47)
(16, 47)
(32, 47)
(33, 47)
(34, 47)
(35, 47)
(36, 47)
(14, 48)
(15, 48)
(16, 48)
(24, 48)
(25, 48)
(26, 48)
(27, 48)
(28, 48)
(32, 48)
(33, 48)
(34, 48)
(35, 48)
(36, 48)
(14, 49)
(15, 49)
(16, 49)
(24, 49)
(25, 49)
(26, 49)
(27, 49)
(28, 49)
(32, 49)
(33, 49)
(34, 49)
(35, 49)
(36, 49)
(91, 49)
(92, 49)
(93, 49)
(94, 49)
(14, 50)
(15, 50)
(16, 50)
(24, 50)
(25, 50)
(26, 50)
(27, 50)
(28, 50)
(87, 50)
(88, 50)
(89, 50)
(90, 50)
(91, 50)
(92, 50)
(93, 50)
(94, 50)
(14, 51)
(15, 51)
(16, 51)
(87, 51)
(88, 51)
(89, 51)
(90, 51)
(91, 51)
(92, 51)
(93, 51)
(94, 51)
(87, 52)
(88, 52)
(89, 52)
(90, 52)
(91, 52)
(92, 52)
(93, 52)
(94, 52)
(8, 53)
(9, 53)
(10, 53)
(11, 53)
(12, 53)
(75, 53)
(76, 53)
(77, 53)
(91, 53)
(92, 53)
(93, 53)
(94, 53)
(8, 54)
(9, 54)
(10, 54)
(11, 54)
(12, 54)
(75, 54)
(76, 54)
(77, 54)
(8, 55)
(9, 55)
(10, 55)
(11, 55)
(12, 55)
(75, 55)
(76, 55)
(77, 55)
(78, 55)
(79, 55)
(80, 55)
(81, 55)
(8, 56)
(9, 56)
(10, 56)
(11, 56)
(12, 56)
(75, 56)
(76, 56)
(77, 56)
(78, 56)
(79, 56)
(80, 56)
(81, 56)
(19, 57)
(20, 57)
(21, 57)
(78, 57)
(79, 57)
(80, 57)
(81, 57)
(19, 58)
(20, 58)
(21, 58)
(78, 58)
(79, 58)
(80, 58)
(81, 58)
(19, 59)
(20, 59)
(21, 59)
(19, 60)
(20, 60)
(21, 60)
(63, 60)
(64, 60)
(65, 60)
(66, 60)
(19, 61)
(20, 61)
(21, 61)
(63, 61)
(64, 61)
(65, 61)
(66, 61)
(47, 62)
(48, 62)
(49, 62)
(50, 62)
(63, 62)
(64, 62)
(65, 62)
(66, 62)
(47, 63)
(48, 63)
(49, 63)
(50, 63)
(63, 63)
(64, 63)
(65, 63)
(66, 63)
(36, 64)
(37, 64)
(38, 64)
(39, 64)
(40, 64)
(47, 64)
(48, 64)
(49, 64)
(50, 64)
(36, 65)
(37, 65)
(38, 65)
(39, 65)
(40, 65)
(36, 66)
(37, 66)
(38, 66)
(39, 66)
(40, 66)
(84, 66)
(85, 66)
(86, 66)
(87, 66)
(36, 67)
(37, 67)
(38, 67)
(39, 67)
(40, 67)
(51, 67)
(52, 67)
(53, 67)
(54, 67)
(55, 67)
(60, 67)
(61, 67)
(62, 67)
(63, 67)
(84, 67)
(85, 67)
(86, 67)
(87, 67)
(36, 68)
(37, 68)
(38, 68)
(39, 68)
(40, 68)
(51, 68)
(52, 68)
(53, 68)
(54, 68)
(55, 68)
(60, 68)
(61, 68)
(62, 68)
(63, 68)
(72, 68)
(73, 68)
(74, 68)
(75, 68)
(84, 68)
(85, 68)
(86, 68)
(87, 68)
(46, 69)
(47, 69)
(48, 69)
(49, 69)
(51, 69)
(52, 69)
(53, 69)
(54, 69)
(55, 69)
(60, 69)
(61, 69)
(62, 69)
(63, 69)
(72, 69)
(73, 69)
(74, 69)
(75, 69)
(84, 69)
(85, 69)
(86, 69)
(87, 69)
(91, 69)
(92, 69)
(93, 69)
(46, 70)
(47, 70)
(48, 70)
(49, 70)
(51, 70)
(52, 70)
(53, 70)
(54, 70)
(55, 70)
(72, 70)
(73, 70)
(74, 70)
(75, 70)
(84, 70)
(85, 70)
(86, 70)
(87, 70)
(91, 70)
(92, 70)
(93, 70)
(46, 71)
(47, 71)
(48, 71)
(49, 71)
(51, 71)
(52, 71)
(53, 71)
(54, 71)
(55, 71)
(72, 71)
(73, 71)
(74, 71)
(75, 71)
(91, 71)
(92, 71)
(93, 71)
(91, 72)
(92, 72)
(93, 72)
(40, 73)
(41, 73)
(42, 73)
(40, 74)
(41, 74)
(42, 74)
(40, 75)
(41, 75)
(42, 75)
(62, 75)
(63, 75)
(64, 75)
(49, 76)
(50, 76)
(51, 76)
(62, 76)
(63, 76)
(64, 76)
(79, 76)
(80, 76)
(81, 76)
(82, 76)
(0, 77)
(1, 77)
(2, 77)
(3, 77)
(4, 77)
(31, 77)
(32, 77)
(33, 77)
(34, 77)
(35, 77)
(49, 77)
(50, 77)
(51, 77)
(62, 77)
(63, 77)
(64, 77)
(79, 77)
(80, 77)
(81, 77)
(82, 77)
(0, 78)
(1, 78)
(2, 78)
(3, 78)
(4, 78)
(31, 78)
(32, 78)
(33, 78)
(34, 78)
(35, 78)
(49, 78)
(50, 78)
(51, 78)
(62, 78)
(63, 78)
(64, 78)
(79, 78)
(80, 78)
(81, 78)
(82, 78)
(0, 79)
(1, 79)
(2, 79)
(3, 79)
(4, 79)
(31, 79)
(32, 79)
(33, 79)
(34, 79)
(35, 79)
(79, 79)
(80, 79)
(81, 79)
(82, 79)
(0, 80)
(1, 80)
(2, 80)
(3, 80)
(4, 80)
(31, 80)
(32, 80)
(33, 80)
(34, 80)
(35, 80)
(79, 80)
(80, 80)
(81, 80)
(82, 80)
(35, 81)
(36, 81)
(37, 81)
(38, 81)
(39, 81)
(35, 82)
(36, 82)
(37, 82)
(38, 82)
(39, 82)
(22, 83)
(23, 83)
(24, 83)
(25, 83)
(26, 83)
(35, 83)
(36, 83)
(37, 83)
(38, 83)
(39, 83)
(22, 84)
(23, 84)
(24, 84)
(25, 84)
(26, 84)
(35, 84)
(36, 84)
(37, 84)
(38, 84)
(39, 84)
(71, 84)
(72, 84)
(73, 84)
(74, 84)
(75, 84)
(22, 85)
(23, 85)
(24, 85)
(25, 85)
(26, 85)
(71, 85)
(72, 85)
(73, 85)
(74, 85)
(75, 85)
(2, 86)
(3, 86)
(4, 86)
(5, 86)
(6, 86)
(22, 86)
(23, 86)
(24, 86)
(25, 86)
(26, 86)
(65, 86)
(66, 86)
(67, 86)
(71, 86)
(72, 86)
(73, 86)
(74, 86)
(75, 86)
(81, 86)
(82, 86)
(83, 86)
(84, 86)
(2, 87)
(3, 87)
(4, 87)
(5, 87)
(6, 87)
(22, 87)
(23, 87)
(24, 87)
(25, 87)
(26, 87)
(36, 87)
(37, 87)
(38, 87)
(39, 87)
(40, 87)
(60, 87)
(61, 87)
(62, 87)
(63, 87)
(64, 87)
(65, 87)
(66, 87)
(67, 87)
(81, 87)
(82, 87)
(83, 87)
(84, 87)
(2, 88)
(3, 88)
(4, 88)
(5, 88)
(6, 88)
(36, 88)
(37, 88)
(38, 88)
(39, 88)
(40, 88)
(60, 88)
(61, 88)
(62, 88)
(63, 88)
(64, 88)
(65, 88)
(66, 88)
(67, 88)
(81, 88)
(82, 88)
(83, 88)
(84, 88)
(2, 89)
(3, 89)
(4, 89)
(5, 89)
(6, 89)
(17, 89)
(18, 89)
(19, 89)
(20, 89)
(21, 89)
(36, 89)
(37, 89)
(38, 89)
(39, 89)
(40, 89)
(60, 89)
(61, 89)
(62, 89)
(63, 89)
(64, 89)
(65, 89)
(66, 89)
(67, 89)
(81, 89)
(82, 89)
(83, 89)
(84, 89)
(17, 90)
(18, 90)
(19, 90)
(20, 90)
(21, 90)
(36, 90)
(37, 90)
(38, 90)
(39, 90)
(40, 90)
(60, 90)
(61, 90)
(62, 90)
(63, 90)
(64, 90)
(65, 90)
(66, 90)
(67, 90)
(81, 90)
(82, 90)
(83, 90)
(84, 90)
(17, 91)
(18, 91)
(19, 91)
(20, 91)
(21, 91)
(60, 91)
(61, 91)
(62, 91)
(63, 91)
(64, 91)
(73, 91)
(74, 91)
(75, 91)
(17, 92)
(18, 92)
(19, 92)
(20, 92)
(21, 92)
(46, 92)
(47, 92)
(48, 92)
(49, 92)
(50, 92)
(73, 92)
(74, 92)
(75, 92)
(46, 93)
(47, 93)
(48, 93)
(49, 93)
(50, 93)
(73, 93)
(74, 93)
(75, 93)
(80, 93)
(81, 93)
(82, 93)
(97, 93)
(98, 93)
(99, 93)
(17, 94)
(18, 94)
(19, 94)
(24, 94)
(25, 94)
(26, 94)
(46, 94)
(47, 94)
(48, 94)
(49, 94)
(50, 94)
(80, 94)
(81, 94)
(82, 94)
(97, 94)
(98, 94)
(99, 94)
(17, 95)
(18, 95)
(19, 95)
(24, 95)
(25, 95)
(26, 95)
(46, 95)
(47, 95)
(48, 95)
(49, 95)
(50, 95)
(80, 95)
(81, 95)
(82, 95)
(97, 95)
(98, 95)
(99, 95)
(17, 96)
(18, 96)
(19, 96)
(24, 96)
(25, 96)
(26, 96)
(80, 96)
(81, 96)
(82, 96)
(17, 97)
(18, 97)
(19, 97)
(24, 97)
(25, 97)
(26, 97)
(80, 97)
(81, 97)
(82, 97)
-
(0, 5, 1.0, -1, 0.5)
(1, 1, 1.0, -1, 0.5)
(2, 4, 1.0, -1, 0.5)
(3, 3, 1.0, -1, 0.5)
(4, 2, 1.0, -1, 0.5)
(5, 4, 1.0, -1, 0.5)
(6, 3, 1.0, -1, 0.5)
(7, 2, 1.0, -1, 0.5)
(8, 5, 1.0, -1, 0.5)
(9, 1, 1.0, -1, 0.5)
-
(0, (33,30), (66,91))
(1, (70,99), (26,78))
(2, (76,30), (84,93))
(3, (35,5), (57,90))
(4, (36,57), (2,7))
(5, (11,79), (63,38))
(6, (89,86), (36,50))
(7, (69,74), (40,12))
(8, (3,81), (8,35))
(9, (99,69), (83,37))
