100
(73, 1)
(74, 1)
(75, 1)
(73, 2)
(74, 2)
(75, 2)
(78, 2)
(79, 2)
(80, 2)
(81, 2)
(82, 2)
(73, 3)
(74, 3)
(75, 3)
(78, 3)
(79, 3)
(80, 3)
(81, 3)
(82, 3)
(73, 4)
(74, 4)
(75, 4)
(78, 4)
(79, 4)
(80, 4)
(81, 4)
(82, 4)
(12, 5)
(13, 5)
(14, 5)
(15, 5)
(49, 5)
(50, 5)
(51, 5)
(52, 5)
(12, 6)
(13, 6)
(14, 6)
(15, 6)
(49, 6)
(50, 6)
(51, 6)
(52, 6)
(12, 7)
(13, 7)
(14, 7)
(15, 7)
(49, 7)
(50, 7)
(51, 7)
(52, 7)
(12, 8)
(13, 8)
(14, 8)
(15, 8)
(62, 8)
(63, 8)
(64, 8)
(65, 8)
(66, 8)
(67, 8)
(68, 8)
(69, 8)
(12, 9)
(13, 9)
(14, 9)
(15, 9)
(31, 9)
(32, 9)
(33, 9)
(34, 9)
(35, 9)
(48, 9)
(49, 9)
(50, 9)
(51, 9)
(52, 9)
(53, 9)
(54, 9)
(55, 9)
(56, 9)
(57, 9)
(59, 9)
(60, 9)
(61, 9)
(62, 9)
(63, 9)
(64, 9)
(65, 9)
(66, 9)
(67, 9)
(68, 9)
(69, 9)
(7, 10)
(8, 10)
(9, 10)
(10, 10)
(17, 10)
(18, 10)
(19, 10)
(31, 10)
(32, 10)
(33, 10)
(34, 10)
(35, 10)
(48, 10)
(49, 10)
(50, 10)
(51, 10)
(52, 10)
(53, 10)
(54, 10)
(55, 10)
(56, 10)
(57, 10)
(59, 10)
(60, 10)
(61, 10)
(62, 10)
(63, 10)
(64, 10)
(65, 10)
(66, 10)
(67, 10)
(68, 10)
(69, 10)
(7, 11)
(8, 11)
(9, 11)
(10, 11)
(17, 11)
(18, 11)
(19, 11)
(31, 11)
(32, 11)
(33, 11)
(34, 11)
(35, 11)
(38, 11)
(39, 11)
(40, 11)
(48, 11)
(49, 11)
(50, 11)
(51, 11)
(52, 11)
(53, 11)
(54, 11)
(55, 11)
(56, 11)
(57, 11)
(59, 11)
(60, 11)
(61, 11)
(62, 11)
(63, 11)
(64, 11)
(65, 11)
(72, 11)
(73, 11)
(74, 11)
(75, 11)
(76, 11)
(7, 12)
(8, 12)
(9, 12)
(10, 12)
(17, 12)
(18, 12)
(19, 12)
(26, 12)
(27, 12)
(28, 12)
(29, 12)
(30, 12)
(31, 12)
(32, 12)
(33, 12)
(34, 12)
(35, 12)
(38, 12)
(39, 12)
(40, 12)
(53, 12)
(54, 12)
(55, 12)
(56, 12)
(57, 12)
(59, 12)
(60, 12)
(61, 12)
(62, 12)
(63, 12)
(64, 12)
(65, 12)
(72, 12)
(73, 12)
(74, 12)
(75, 12)
(76, 12)
(17, 13)
(18, 13)
(19, 13)
(26, 13)
(27, 13)
(28, 13)
(29, 13)
(30, 13)
(38, 13)
(39, 13)
(40, 13)
(53, 13)
(54, 13)
(55, 13)
(56, 13)
(57, 13)
(72, 13)
(73, 13)
(74, 13)
(75, 13)
(76, 13)
(26, 14)
(27, 14)
(28, 14)
(29, 14)
(30, 14)
(38, 14)
(39, 14)
(40, 14)
(72, 14)
(73, 14)
(74, 14)
(75, 14)
(76, 14)
(90, 15)
(91, 15)
(92, 15)
(93, 15)
(90, 16)
(91, 16)
(92, 16)
(93, 16)
(90, 17)
(91, 17)
(92, 17)
(93, 17)
(73, 19)
(74, 19)
(75, 19)
(82, 19)
(83, 19)
(84, 19)
(85, 19)
(5, 20)
(6, 20)
(7, 20)
(8, 20)
(9, 20)
(29, 20)
(30, 20)
(31, 20)
(32, 20)
(37, 20)
(38, 20)
(39, 20)
(40, 20)
(73, 20)
(74, 20)
(75, 20)
(82, 20)
(83, 20)
(84, 20)
(85, 20)
(5, 21)
(6, 21)
(7, 21)
(8, 21)
(9, 21)
(15, 21)
(16, 21)
(17, 21)
(18, 21)
(29, 21)
(30, 21)
(31, 21)
(32, 21)
(37, 21)
(38, 21)
(39, 21)
(40, 21)
(73, 21)
(74, 21)
(75, 21)
(82, 21)
(83, 21)
(84, 21)
(85, 21)
(5, 22)
(6, 22)
(7, 22)
(8, 22)
(9, 22)
(15, 22)
(16, 22)
(17, 22)
(18, 22)
(29, 22)
(30, 22)
(31, 22)
(32, 22)
(37, 22)
(38, 22)
(39, 22)
(40, 22)
(44, 22)
(45, 22)
(46, 22)
(82, 22)
(83, 22)
(84, 22)
(85, 22)
(95, 22)
(96, 22)
(97, 22)
(98, 22)
(5, 23)
(6, 23)
(7, 23)
(8, 23)
(9, 23)
(15, 23)
(16, 23)
(17, 23)
(18, 23)
(29, 23)
(30, 23)
(31, 23)
(32, 23)
(37, 23)
(38, 23)
(39, 23)
(40, 23)
(44, 23)
(45, 23)
(46, 23)
(95, 23)
(96, 23)
(97, 23)
(98, 23)
(5, 24)
(6, 24)
(7, 24)
(8, 24)
(9, 24)
(15, 24)
(16, 24)
(17, 24)
(18, 24)
(29, 24)
(30, 24)
(31, 24)
(32, 24)
(37, 24)
(38, 24)
(39, 24)
(40, 24)
(44, 24)
(45, 24)
(46, 24)
(60, 24)
(61, 24)
(62, 24)
(95, 24)
(96, 24)
(97, 24)
(98, 24)
(15, 25)
(16, 25)
(17, 25)
(18, 25)
(44, 25)
(45, 25)
(46, 25)
(48, 25)
(49, 25)
(50, 25)
(51, 25)
(52, 25)
(60, 25)
(61, 25)
(62, 25)
(95, 25)
(96, 25)
(97, 25)
(98, 25)
(27, 26)
(28, 26)
(29, 26)
(48, 26)
(49, 26)
(50, 26)
(51, 26)
(52, 26)
(60, 26)
(61, 26)
(62, 26)
(95, 26)
(96, 26)
(97, 26)
(98, 26)
(27, 27)
(28, 27)
(29, 27)
(48, 27)
(49, 27)
(50, 27)
(51, 27)
(52, 27)
(27, 28)
(28, 28)
(29, 28)
(48, 28)
(49, 28)
(50, 28)
(51, 28)
(52, 28)
(75, 28)
(76, 28)
(77, 28)
(27, 29)
(28, 29)
(29, 29)
(75, 29)
(76, 29)
(77, 29)
(27, 30)
(28, 30)
(29, 30)
(42, 30)
(43, 30)
(44, 30)
(45, 30)
(46, 30)
(75, 30)
(76, 30)
(77, 30)
(42, 31)
(43, 31)
(44, 31)
(45, 31)
(46, 31)
(75, 31)
(76, 31)
(77, 31)
(13, 32)
(14, 32)
(15, 32)
(16, 32)
(42, 32)
(43, 32)
(44, 32)
(45, 32)
(46, 32)
(13, 33)
(14, 33)
(15, 33)
(16, 33)
(42, 33)
(43, 33)
(44, 33)
(45, 33)
(46, 33)
(13, 34)
(14, 34)
(15, 34)
(16, 34)
(42, 34)
(43, 34)
(44, 34)
(45, 34)
(46, 34)
(60, 34)
(61, 34)
(62, 34)
(63, 34)
(64, 34)
(19, 35)
(20, 35)
(21, 35)
(22, 35)
(36, 35)
(37, 35)
(38, 35)
(39, 35)
(40, 35)
(60, 35)
(61, 35)
(62, 35)
(63, 35)
(64, 35)
(19, 36)
(20, 36)
(21, 36)
(22, 36)
(36, 36)
(37, 36)
(38, 36)
(39, 36)
(40, 36)
(60, 36)
(61, 36)
(62, 36)
(63, 36)
(64, 36)
(85, 36)
(86, 36)
(87, 36)
(88, 36)
(89, 36)
(19, 37)
(20, 37)
(21, 37)
(22, 37)
(36, 37)
(37, 37)
(38, 37)
(39, 37)
(40, 37)
(60, 37)
(61, 37)
(62, 37)
(63, 37)
(64, 37)
(85, 37)
(86, 37)
(87, 37)
(88, 37)
(89, 37)
(19, 38)
(20, 38)
(21, 38)
(22, 38)
(36, 38)
(37, 38)
(38, 38)
(39, 38)
(40, 38)
(51, 38)
(52, 38)
(53, 38)
(54, 38)
(55, 38)
(60, 38)
(61, 38)
(62, 38)
(63, 38)
(64, 38)
(85, 38)
(86, 38)
(87, 38)
(88, 38)
(89, 38)
(19, 39)
(20, 39)
(21, 39)
(22, 39)
(36, 39)
(37, 39)
(38, 39)
(39, 39)
(40, 39)
(51, 39)
(52, 39)
(53, 39)
(54, 39)
(55, 39)
(23, 40)
(24, 40)
(25, 40)
(26, 40)
(27, 40)
(51, 40)
(52, 40)
(53, 40)
(54, 40)
(55, 40)
(56, 40)
(57, 40)
(58, 40)
(59, 40)
(60, 40)
(23, 41)
(24, 41)
(25, 41)
(26, 41)
(27, 41)
(48, 41)
(49, 41)
(50, 41)
(51, 41)
(56, 41)
(57, 41)
(58, 41)
(59, 41)
(60, 41)
(23, 42)
(24, 42)
(25, 42)
(26, 42)
(27, 42)
(48, 42)
(49, 42)
(50, 42)
(51, 42)
(56, 42)
(57, 42)
(58, 42)
(59, 42)
(60, 42)
(48, 43)
(49, 43)
(50, 43)
(51, 43)
(18, 44)
(19, 44)
(20, 44)
(21, 44)
(48, 44)
(49, 44)
(50, 44)
(51, 44)
(18, 45)
(19, 45)
(20, 45)
(21, 45)
(48, 45)
(49, 45)
(50, 45)
(51, 45)
(74, 45)
(75, 45)
(76, 45)
(77, 45)
(78, 45)
(18, 46)
(19, 46)
(20, 46)
(21, 46)
(74, 46)
(75, 46)
(76, 46)
(77, 46)
(78, 46)
(57, 47)
(58, 47)
(59, 47)
(74, 47)
(75, 47)
(76, 47)
(77, 47)
(78, 47)
(57, 48)
(58, 48)
(59, 48)
(74, 48)
(75, 48)
(76, 48)
(77, 48)
(78, 48)
(57, 49)
(58, 49)
(59, 49)
(66, 49)
(67, 49)
(68, 49)
(57, 50)
(58, 50)
(59, 50)
(66, 50)
(67, 50)
(68, 50)
(18, 51)
(19, 51)
(20, 51)
(21, 51)
(22, 51)
(57, 51)
(58, 51)
(59, 51)
(66, 51)
(67, 51)
(68, 51)
(18, 52)
(19, 52)
(20, 52)
(21, 52)
(22, 52)
(24, 52)
(25, 52)
(26, 52)
(27, 52)
(28, 52)
(61, 52)
(62, 52)
(63, 52)
(64, 52)
(65, 52)
(18, 53)
(19, 53)
(20, 53)
(21, 53)
(22, 53)
(24, 53)
(25, 53)
(26, 53)
(27, 53)
(28, 53)
(40, 53)
(41, 53)
(42, 53)
(61, 53)
(62, 53)
(63, 53)
(64, 53)
(65, 53)
(18, 54)
(19, 54)
(20, 54)
(21, 54)
(22, 54)
(24, 54)
(25, 54)
(26, 54)
(27, 54)
(28, 54)
(40, 54)
(41, 54)
(42, 54)
(61, 54)
(62, 54)
(63, 54)
(64, 54)
(65, 54)
(12, 55)
(13, 55)
(14, 55)
(15, 55)
(18, 55)
(19, 55)
(20, 55)
(21, 55)
(22, 55)
(24, 55)
(25, 55)
(26, 55)
(27, 55)
(28, 55)
(40, 55)
(41, 55)
(42, 55)
(61, 55)
(62, 55)
(63, 55)
(64, 55)
(65, 55)
(96, 55)
(97, 55)
(98, 55)
(99, 55)
(12, 56)
(13, 56)
(14, 56)
(15, 56)
(40, 56)
(41, 56)
(42, 56)
(96, 56)
(97, 56)
(98, 56)
(99, 56)
(12, 57)
(13, 57)
(14, 57)
(15, 57)
(96, 57)
(97, 57)
(98, 57)
(99, 57)
(12, 58)
(13, 58)
(14, 58)
(15, 58)
(61, 58)
(62, 58)
(63, 58)
(96, 58)
(97, 58)
(98, 58)
(99, 58)
(12, 59)
(13, 59)
(14, 59)
(15, 59)
(29, 59)
(30, 59)
(31, 59)
(32, 59)
(61, 59)
(62, 59)
(63, 59)
(29, 60)
(30, 60)
(31, 60)
(32, 60)
(39, 60)
(40, 60)
(41, 60)
(61, 60)
(62, 60)
(63, 60)
(29, 61)
(30, 61)
(31, 61)
(32, 61)
(39, 61)
(40, 61)
(41, 61)
(72, 61)
(73, 61)
(74, 61)
(75, 61)
(29, 62)
(30, 62)
(31, 62)
(32, 62)
(39, 62)
(40, 62)
(41, 62)
(52, 62)
(53, 62)
(54, 62)
(55, 62)
(72, 62)
(73, 62)
(74, 62)
(75, 62)
(24, 63)
(25, 63)
(26, 63)
(29, 63)
(30, 63)
(31, 63)
(32, 63)
(39, 63)
(40, 63)
(41, 63)
(52, 63)
(53, 63)
(54, 63)
(55, 63)
(72, 63)
(73, 63)
(74, 63)
(75, 63)
(24, 64)
(25, 64)
(26, 64)
(39, 64)
(40, 64)
(41, 64)
(52, 64)
(53, 64)
(54, 64)
(55, 64)
(72, 64)
(73, 64)
(74, 64)
(75, 64)
(3, 65)
(4, 65)
(5, 65)
(6, 65)
(19, 65)
(20, 65)
(21, 65)
(22, 65)
(24, 65)
(25, 65)
(26, 65)
(52, 65)
(53, 65)
(54, 65)
(55, 65)
(3, 66)
(4, 66)
(5, 66)
(6, 66)
(19, 66)
(20, 66)
(21, 66)
(22, 66)
(52, 66)
(53, 66)
(54, 66)
(55, 66)
(77, 66)
(78, 66)
(79, 66)
(80, 66)
(81, 66)
(95, 66)
(96, 66)
(97, 66)
(98, 66)
(3, 67)
(4, 67)
(5, 67)
(6, 67)
(19, 67)
(20, 67)
(21, 67)
(22, 67)
(77, 67)
(78, 67)
(79, 67)
(80, 67)
(81, 67)
(95, 67)
(96, 67)
(97, 67)
(98, 67)
(3, 68)
(4, 68)
(5, 68)
(6, 68)
(11, 68)
(12, 68)
(13, 68)
(14, 68)
(15, 68)
(32, 68)
(33, 68)
(34, 68)
(35, 68)
(53, 68)
(54, 68)
(55, 68)
(56, 68)
(57, 68)
(77, 68)
(78, 68)
(79, 68)
(80, 68)
(81, 68)
(95, 68)
(96, 68)
(97, 68)
(98, 68)
(11, 69)
(12, 69)
(13, 69)
(14, 69)
(15, 69)
(32, 69)
(33, 69)
(34, 69)
(35, 69)
(53, 69)
(54, 69)
(55, 69)
(56, 69)
(57, 69)
(95, 69)
(96, 69)
(97, 69)
(98, 69)
(11, 70)
(12, 70)
(13, 70)
(14, 70)
(15, 70)
(32, 70)
(33, 70)
(34, 70)
(35, 70)
(44, 70)
(45, 70)
(46, 70)
(47, 70)
(48, 70)
(53, 70)
(54, 70)
(55, 70)
(56, 70)
(57, 70)
(95, 70)
(96, 70)
(97, 70)
(98, 70)
(11, 71)
(12, 71)
(13, 71)
(14, 71)
(15, 71)
(44, 71)
(45, 71)
(46, 71)
(47, 71)
(48, 71)
(53, 71)
(54, 71)
(55, 71)
(56, 71)
(57, 71)
(11, 72)
(12, 72)
(13, 72)
(14, 72)
(15, 72)
(44, 72)
(45, 72)
(46, 72)
(47, 72)
(48, 72)
(53, 72)
(54, 72)
(55, 72)
(56, 72)
(57, 72)
(25, 73)
(26, 73)
(27, 73)
(44, 73)
(45, 73)
(46, 73)
(47, 73)
(48, 73)
(71, 73)
(72, 73)
(73, 73)
(25, 74)
(26, 74)
(27, 74)
(71, 74)
(72, 74)
(73, 74)
(25, 75)
(26, 75)
(27, 75)
(53, 75)
(54, 75)
(55, 75)
(56, 75)
(71, 75)
(72, 75)
(73, 75)
(25, 76)
(26, 76)
(27, 76)
(53, 76)
(54, 76)
(55, 76)
(56, 76)
(71, 76)
(72, 76)
(73, 76)
(87, 76)
(88, 76)
(89, 76)
(90, 76)
(91, 76)
(25, 77)
(26, 77)
(27, 77)
(53, 77)
(54, 77)
(55, 77)
(56, 77)
(76, 77)
(77, 77)
(78, 77)
(79, 77)
(80, 77)
(87, 77)
(88, 77)
(89, 77)
(90, 77)
(91, 77)
(38, 78)
(39, 78)
(40, 78)
(53, 78)
(54, 78)
(55, 78)
(56, 78)
(76, 78)
(77, 78)
(78, 78)
(79, 78)
(80, 78)
(87, 78)
(88, 78)
(89, 78)
(90, 78)
(91, 78)
(38, 79)
(39, 79)
(40, 79)
(55, 79)
(56, 79)
(57, 79)
(58, 79)
(59, 79)
(76, 79)
(77, 79)
(78, 79)
(79, 79)
(80, 79)
(38, 80)
(39, 80)
(40, 80)
(55, 80)
(56, 80)
(57, 80)
(58, 80)
(59, 80)
(76, 80)
(77, 80)
(78, 80)
(79, 80)
(80, 80)
(94, 80)
(95, 80)
(96, 80)
(38, 81)
(39, 81)
(40, 81)
(55, 81)
(56, 81)
(57, 81)
(58, 81)
(59, 81)
(77, 81)
(78, 81)
(79, 81)
(80, 81)
(94, 81)
(95, 81)
(96, 81)
(13, 82)
(14, 82)
(15, 82)
(16, 82)
(38, 82)
(39, 82)
(40, 82)
(77, 82)
(78, 82)
(79, 82)
(80, 82)
(94, 82)
(95, 82)
(96, 82)
(13, 83)
(14, 83)
(15, 83)
(16, 83)
(77, 83)
(78, 83)
(79, 83)
(80, 83)
(13, 84)
(14, 84)
(15, 84)
(16, 84)
(51, 84)
(52, 84)
(53, 84)
(77, 84)
(78, 84)
(79, 84)
(80, 84)
(91, 84)
(92, 84)
(93, 84)
(13, 85)
(14, 85)
(15, 85)
(16, 85)
(26, 85)
(27, 85)
(28, 85)
(51, 85)
(52, 85)
(53, 85)
(91, 85)
(92, 85)
(93, 85)
(13, 86)
(14, 86)
(15, 86)
(16, 86)
(26, 86)
(27, 86)
(28, 86)
(51, 86)
(52, 86)
(53, 86)
(68, 86)
(69, 86)
(70, 86)
(71, 86)
(72, 86)
(91, 86)
(92, 86)
(93, 86)
(26, 87)
(27, 87)
(28, 87)
(68, 87)
(69, 87)
(70, 87)
(71, 87)
(72, 87)
(91, 87)
(92, 87)
(93, 87)
(6, 88)
(7, 88)
(8, 88)
(68, 88)
(69, 88)
(70, 88)
(71, 88)
(72, 88)
(91, 88)
(92, 88)
(93, 88)
(6, 89)
(7, 89)
(8, 89)
(49, 89)
(50, 89)
(51, 89)
(52, 89)
(53, 89)
(68, 89)
(69, 89)
(70, 89)
(71, 89)
(72, 89)
(6, 90)
(7, 90)
(8, 90)
(49, 90)
(50, 90)
(51, 90)
(52, 90)
(53, 90)
(68, 90)
(69, 90)
(70, 90)
(71, 90)
(72, 90)
(6, 91)
(7, 91)
(8, 91)
(49, 91)
(50, 91)
(51, 91)
(52, 91)
(53, 91)
(80, 91)
(81, 91)
(82, 91)
(83, 91)
(85, 91)
(86, 91)
(87, 91)
(6, 92)
(7, 92)
(8, 92)
(49, 92)
(50, 92)
(51, 92)
(52, 92)
(53, 92)
(80, 92)
(81, 92)
(82, 92)
(83, 92)
(85, 92)
(86, 92)
(87, 92)
(49, 93)
(50, 93)
(51, 93)
(52, 93)
(53, 93)
(80, 93)
(81, 93)
(82, 93)
(83, 93)
(85, 93)
(86, 93)
(87, 93)
(80, 94)
(81, 94)
(82, 94)
(83, 94)
(85, 94)
(86, 94)
(87, 94)
(35, 95)
(36, 95)
(37, 95)
(38, 95)
(61, 95)
(62, 95)
(63, 95)
(64, 95)
(65, 95)
(80, 95)
(81, 95)
(82, 95)
(83, 95)
(14, 96)
(15, 96)
(16, 96)
(17, 96)
(35, 96)
(36, 96)
(37, 96)
(38, 96)
(61, 96)
(62, 96)
(63, 96)
(64, 96)
(65, 96)
(92, 96)
(93, 96)
(94, 96)
(95, 96)
(96, 96)
(14, 97)
(15, 97)
(16, 97)
(17, 97)
(23, 97)
(24, 97)
(25, 97)
(26, 97)
(27, 97)
(35, 97)
(36, 97)
(37, 97)
(38, 97)
(61, 97)
(62, 97)
(63, 97)
(64, 97)
(65, 97)
(92, 97)
(93, 97)
(94, 97)
(95, 97)
(96, 97)
(14, 98)
(15, 98)
(16, 98)
(17, 98)
(23, 98)
(24, 98)
(25, 98)
(26, 98)
(27, 98)
(61, 98)
(62, 98)
(63, 98)
(64, 98)
(65, 98)
(92, 98)
(93, 98)
(94, 98)
(95, 98)
(96, 98)
(23, 99)
(24, 99)
(25, 99)
(26, 99)
(27, 99)
(92, 99)
(93, 99)
(94, 99)
(95, 99)
(96, 99)
-
(0, 2, 1.0, -1, 0.5)
(1, 3, 1.0, -1, 0.5)
(2, 3, 1.0, -1, 0.5)
(3, 5, 1.0, -1, 0.5)
(4, 4, 1.0, -1, 0.5)
(5, 2, 1.0, -1, 0.5)
(6, 4, 1.0, -1, 0.5)
(7, 5, 1.0, -1, 0.5)
(8, 1, 1.0, -1, 0.5)
(9, 1, 1.0, -1, 0.5)
-
(0, (97,60), (18,75))
(1, (43,93), (51,35))
(2, (20,32), (65,69))
(3, (0,9), (76,36))
(4, (56,90), (42,61))
(5, (52,60), (87,56))
(6, (26,45), (83,49))
(7, (95,37), (82,82))
(8, (37,16), (92,59))
(9, (7,18), (5,62))
