100
(38, 0)
(39, 0)
(40, 0)
(41, 0)
(78, 0)
(79, 0)
(80, 0)
(38, 1)
(39, 1)
(40, 1)
(41, 1)
(78, 1)
(79, 1)
(80, 1)
(90, 1)
(91, 1)
(92, 1)
(93, 1)
(94, 1)
(38, 2)
(39, 2)
(40, 2)
(41, 2)
(78, 2)
(79, 2)
(80, 2)
(90, 2)
(91, 2)
(92, 2)
(93, 2)
(94, 2)
(38, 3)
(39, 3)
(40, 3)
(41, 3)
(78, 3)
(79, 3)
(80, 3)
(90, 3)
(91, 3)
(92, 3)
(93, 3)
(94, 3)
(78, 4)
(79, 4)
(80, 4)
(90, 4)
(91, 4)
(92, 4)
(93, 4)
(94, 4)
(56, 9)
(57, 9)
(58, 9)
(59, 9)
(56, 10)
(57, 10)
(58, 10)
(59, 10)
(56, 11)
(57, 11)
(58, 11)
(59, 11)
(87, 13)
(88, 13)
(89, 13)
(90, 13)
(87, 14)
(88, 14)
(89, 14)
(90, 14)
(87, 15)
(88, 15)
(89, 15)
(90, 15)
(13, 17)
(14, 17)
(15, 17)
(16, 17)
(13, 18)
(14, 18)
(15, 18)
(16, 18)
(13, 19)
(14, 19)
(15, 19)
(16, 19)
(13, 20)
(14, 20)
(15, 20)
(16, 20)
(37, 20)
(38, 20)
(39, 20)
(82, 20)
(83, 20)
(84, 20)
(85, 20)
(86, 20)
(37, 21)
(38, 21)
(39, 21)
(82, 21)
(83, 21)
(84, 21)
(85, 21)
(86, 21)
(17, 22)
(18, 22)
(19, 22)
(37, 22)
(38, 22)
(39, 22)
(82, 22)
(83, 22)
(84, 22)
(85, 22)
(86, 22)
(17, 23)
(18, 23)
(19, 23)
(37, 23)
(38, 23)
(39, 23)
(77, 23)
(78, 23)
(79, 23)
(80, 23)
(82, 23)
(83, 23)
(84, 23)
(85, 23)
(86, 23)
(17, 24)
(18, 24)
(19, 24)
(77, 24)
(78, 24)
(79, 24)
(80, 24)
(82, 24)
(83, 24)
(84, 24)
(85, 24)
(86, 24)
(91, 24)
(92, 24)
(93, 24)
(94, 24)
(17, 25)
(18, 25)
(19, 25)
(77, 25)
(78, 25)
(79, 25)
(80, 25)
(91, 25)
(92, 25)
(93, 25)
(94, 25)
(17, 26)
(18, 26)
(19, 26)
(65, 26)
(66, 26)
(67, 26)
(68, 26)
(77, 26)
(78, 26)
(79, 26)
(80, 26)
(91, 26)
(92, 26)
(93, 26)
(94, 26)
(65, 27)
(66, 27)
(67, 27)
(68, 27)
(77, 27)
(78, 27)
(79, 27)
(80, 27)
(91, 27)
(92, 27)
(93, 27)
(94, 27)
(65, 28)
(66, 28)
(67, 28)
(68, 28)
(91, 28)
(92, 28)
(93, 28)
(94, 28)
(65, 29)
(66, 29)
(67, 29)
(68, 29)
(97, 31)
(98, 31)
(99, 31)
(59, 32)
(60, 32)
(61, 32)
(62, 32)
(63, 32)
(97, 32)
(98, 32)
(99, 32)
(59, 33)
(60, 33)
(61, 33)
(62, 33)
(63, 33)
(97, 33)
(98, 33)
(99, 33)
(59, 34)
(60, 34)
(61, 34)
(62, 34)
(63, 34)
(24, 35)
(25, 35)
(26, 35)
(27, 35)
(28, 35)
(59, 35)
(60, 35)
(61, 35)
(62, 35)
(63, 35)
(24, 36)
(25, 36)
(26, 36)
(27, 36)
(28, 36)
(59, 36)
(60, 36)
(61, 36)
(62, 36)
(63, 36)
(24, 37)
(25, 37)
(26, 37)
(27, 37)
(28, 37)
(74, 37)
(75, 37)
(76, 37)
(77, 37)
(74, 38)
(75, 38)
(76, 38)
(77, 38)
(74, 39)
(75, 39)
(76, 39)
(77, 39)
(84, 40)
(85, 40)
(86, 40)
(87, 40)
(88, 40)
(57, 41)
(58, 41)
(59, 41)
(84, 41)
(85, 41)
(86, 41)
(87, 41)
(88, 41)
(57, 42)
(58, 42)
(59, 42)
(63, 42)
(64, 42)
(65, 42)
(66, 42)
(67, 42)
(84, 42)
(85, 42)
(86, 42)
(87, 42)
(88, 42)
(57, 43)
(58, 43)
(59, 43)
(63, 43)
(64, 43)
(65, 43)
(66, 43)
(67, 43)
(84, 43)
(85, 43)
(86, 43)
(87, 43)
(88, 43)
(59, 44)
(60, 44)
(61, 44)
(62, 44)
(63, 44)
(64, 44)
(65, 44)
(66, 44)
(67, 44)
(33, 45)
(34, 45)
(35, 45)
(36, 45)
(37, 45)
(59, 45)
(60, 45)
(61, 45)
(62, 45)
(82, 45)
(83, 45)
(84, 45)
(33, 46)
(34, 46)
(35, 46)
(36, 46)
(37, 46)
(59, 46)
(60, 46)
(61, 46)
(62, 46)
(82, 46)
(83, 46)
(84, 46)
(89, 46)
(90, 46)
(91, 46)
(92, 46)
(93, 46)
(0, 47)
(1, 47)
(2, 47)
(3, 47)
(33, 47)
(34, 47)
(35, 47)
(36, 47)
(37, 47)
(59, 47)
(60, 47)
(61, 47)
(62, 47)
(82, 47)
(83, 47)
(84, 47)
(89, 47)
(90, 47)
(91, 47)
(92, 47)
(93, 47)
(95, 47)
(96, 47)
(97, 47)
(0, 48)
(1, 48)
(2, 48)
(3, 48)
(33, 48)
(34, 48)
(35, 48)
(36, 48)
(37, 48)
(82, 48)
(83, 48)
(84, 48)
(89, 48)
(90, 48)
(91, 48)
(92, 48)
(93, 48)
(95, 48)
(96, 48)
(97, 48)
(0, 49)
(1, 49)
(2, 49)
(3, 49)
(10, 49)
(11, 49)
(12, 49)
(33, 49)
(34, 49)
(35, 49)
(36, 49)
(37, 49)
(80, 49)
(81, 49)
(82, 49)
(89, 49)
(90, 49)
(91, 49)
(92, 49)
(93, 49)
(95, 49)
(96, 49)
(97, 49)
(10, 50)
(11, 50)
(12, 50)
(69, 50)
(70, 50)
(71, 50)
(80, 50)
(81, 50)
(82, 50)
(89, 50)
(90, 50)
(91, 50)
(92, 50)
(93, 50)
(10, 51)
(11, 51)
(12, 51)
(26, 51)
(27, 51)
(28, 51)
(29, 51)
(69, 51)
(70, 51)
(71, 51)
(80, 51)
(81, 51)
(82, 51)
(26, 52)
(27, 52)
(28, 52)
(29, 52)
(69, 52)
(70, 52)
(71, 52)
(26, 53)
(27, 53)
(28, 53)
(29, 53)
(54, 53)
(55, 53)
(56, 53)
(69, 53)
(70, 53)
(71, 53)
(26, 54)
(27, 54)
(28, 54)
(29, 54)
(54, 54)
(55, 54)
(56, 54)
(54, 55)
(55, 55)
(56, 55)
(54, 56)
(55, 56)
(56, 56)
(61, 57)
(62, 57)
(63, 57)
(61, 58)
(62, 58)
(63, 58)
(61, 59)
(62, 59)
(63, 59)
(91, 60)
(92, 60)
(93, 60)
(94, 60)
(91, 61)
(92, 61)
(93, 61)
(94, 61)
(76, 62)
(77, 62)
(78, 62)
(79, 62)
(80, 62)
(91, 62)
(92, 62)
(93, 62)
(94, 62)
(76, 63)
(77, 63)
(78, 63)
(79, 63)
(80, 63)
(91, 63)
(92, 63)
(93, 63)
(94, 63)
(2, 64)
(3, 64)
(4, 64)
(5, 64)
(6, 64)
(17, 64)
(18, 64)
(19, 64)
(20, 64)
(21, 64)
(76, 64)
(77, 64)
(78, 64)
(79, 64)
(80, 64)
(91, 64)
(92, 64)
(93, 64)
(94, 64)
(2, 65)
(3, 65)
(4, 65)
(5, 65)
(6, 65)
(17, 65)
(18, 65)
(19, 65)
(20, 65)
(21, 65)
(76, 65)
(77, 65)
(78, 65)
(79, 65)
(80, 65)
(2, 66)
(3, 66)
(4, 66)
(5, 66)
(6, 66)
(17, 66)
(18, 66)
(19, 66)
(20, 66)
(21, 66)
(2, 67)
(3, 67)
(4, 67)
(5, 67)
(6, 67)
(17, 67)
(18, 67)
(19, 67)
(20, 67)
(21, 67)
(90, 67)
(91, 67)
(92, 67)
(93, 67)
(17, 68)
(18, 68)
(19, 68)
(20, 68)
(21, 68)
(90, 68)
(91, 68)
(92, 68)
(93, 68)
(90, 69)
(91, 69)
(92, 69)
(93, 69)
(87, 71)
(88, 71)
(89, 71)
(27, 72)
(28, 72)
(29, 72)
(30, 72)
(31, 72)
(54, 72)
(55, 72)
(56, 72)
(87, 72)
(88, 72)
(89, 72)
(27, 73)
(28, 73)
(29, 73)
(30, 73)
(31, 73)
(54, 73)
(55, 73)
(56, 73)
(87, 73)
(88, 73)
(89, 73)
(95, 73)
(96, 73)
(97, 73)
(98, 73)
(27, 74)
(28, 74)
(29, 74)
(30, 74)
(31, 74)
(54, 74)
(55, 74)
(56, 74)
(87, 74)
(88, 74)
(89, 74)
(95, 74)
(96, 74)
(97, 74)
(98, 74)
(27, 75)
(28, 75)
(29, 75)
(30, 75)
(31, 75)
(54, 75)
(55, 75)
(56, 75)
(68, 75)
(69, 75)
(70, 75)
(71, 75)
(72, 75)
(87, 75)
(88, 75)
(89, 75)
(95, 75)
(96, 75)
(97, 75)
(98, 75)
(27, 76)
(28, 76)
(29, 76)
(30, 76)
(31, 76)
(68, 76)
(69, 76)
(70, 76)
(71, 76)
(72, 76)
(95, 76)
(96, 76)
(97, 76)
(98, 76)
(68, 77)
(69, 77)
(70, 77)
(71, 77)
(72, 77)
(95, 77)
(96, 77)
(97, 77)
(98, 77)
(33, 78)
(34, 78)
(35, 78)
(68, 78)
(69, 78)
(70, 78)
(71, 78)
(72, 78)
(33, 79)
(34, 79)
(35, 79)
(33, 80)
(34, 80)
(35, 80)
(90, 80)
(91, 80)
(92, 80)
(93, 80)
(94, 80)
(33, 81)
(34, 81)
(35, 81)
(90, 81)
(91, 81)
(92, 81)
(93, 81)
(94, 81)
(18, 82)
(19, 82)
(20, 82)
(21, 82)
(33, 82)
(34, 82)
(35, 82)
(90, 82)
(91, 82)
(92, 82)
(93, 82)
(94, 82)
(18, 83)
(19, 83)
(20, 83)
(21, 83)
(85, 83)
(86, 83)
(87, 83)
(18, 84)
(19, 84)
(20, 84)
(21, 84)
(70, 84)
(71, 84)
(72, 84)
(73, 84)
(74, 84)
(85, 84)
(86, 84)
(87, 84)
(70, 85)
(71, 85)
(72, 85)
(73, 85)
(74, 85)
(85, 85)
(86, 85)
(87, 85)
(49, 86)
(50, 86)
(51, 86)
(52, 86)
(70, 86)
(71, 86)
(72, 86)
(73, 86)
(74, 86)
(85, 86)
(86, 86)
(87, 86)
(49, 87)
(50, 87)
(51, 87)
(52, 87)
(70, 87)
(71, 87)
(72, 87)
(73, 87)
(74, 87)
(85, 87)
(86, 87)
(87, 87)
(49, 88)
(50, 88)
(51, 88)
(52, 88)
(84, 89)
(85, 89)
(86, 89)
(87, 89)
(10, 90)
(11, 90)
(12, 90)
(13, 90)
(84, 90)
(85, 90)
(86, 90)
(87, 90)
(10, 91)
(11, 91)
(12, 91)
(13, 91)
(84, 91)
(85, 91)
(86, 91)
(87, 91)
(95, 91)
(96, 91)
(97, 91)
(10, 92)
(11, 92)
(12, 92)
(13, 92)
(84, 92)
(85, 92)
(86, 92)
(87, 92)
(95, 92)
(96, 92)
(97, 92)
(77, 93)
(78, 93)
(79, 93)
(80, 93)
(81, 93)
(95, 93)
(96, 93)
(97, 93)
(77, 94)
(78, 94)
(79, 94)
(80, 94)
(81, 94)
(95, 94)
(96, 94)
(97, 94)
(25, 95)
(26, 95)
(27, 95)
(43, 95)
(44, 95)
(45, 95)
(77, 95)
(78, 95)
(79, 95)
(80, 95)
(81, 95)
(25, 96)
(26, 96)
(27, 96)
(43, 96)
(44, 96)
(45, 96)
(77, 96)
(78, 96)
(79, 96)
(80, 96)
(81, 96)
(91, 96)
(92, 96)
(93, 96)
(13, 97)
(14, 97)
(15, 97)
(16, 97)
(25, 97)
(26, 97)
(27, 97)
(43, 97)
(44, 97)
(45, 97)
(77, 97)
(78, 97)
(79, 97)
(80, 97)
(81, 97)
(91, 97)
(92, 97)
(93, 97)
(13, 98)
(14, 98)
(15, 98)
(16, 98)
(43, 98)
(44, 98)
(45, 98)
(91, 98)
(92, 98)
(93, 98)
(13, 99)
(14, 99)
(15, 99)
(16, 99)
(91, 99)
(92, 99)
(93, 99)
-
(0, 5, 1.0, -1, 0.5)
(1, 2, 1.0, -1, 0.5)
(2, 4, 1.0, -1, 0.5)
(3, 1, 1.0, -1, 0.5)
(4, 5, 1.0, -1, 0.5)
(5, 1, 1.0, -1, 0.5)
(6, 3, 1.0, -1, 0.5)
(7, 3, 1.0, -1, 0.5)
(8, 2, 1.0, -1, 0.5)
(9, 4, 1.0, -1, 0.5)
-
(0, (45,33), (9,85))
(1, (40,33), (28,85))
(2, (31,4), (70,17))
(3, (93,31), (24,27))
(4, (4,17), (9,72))
(5, (66,17), (5,78))
(6, (29,82), (19,6))
(7, (41,89), (1,83))
(8, (10,23), (9,68))
(9, (52,28), (3,2))
