100
(40, 2)
(41, 2)
(42, 2)
(43, 2)
(40, 3)
(41, 3)
(42, 3)
(43, 3)
(40, 4)
(41, 4)
(42, 4)
(43, 4)
(40, 5)
(41, 5)
(42, 5)
(43, 5)
(40, 6)
(41, 6)
(42, 6)
(43, 6)
(55, 6)
(56, 6)
(57, 6)
(55, 7)
(56, 7)
(57, 7)
(70, 7)
(71, 7)
(72, 7)
(73, 7)
(55, 8)
(56, 8)
(57, 8)
(70, 8)
(71, 8)
(72, 8)
(73, 8)
(55, 9)
(56, 9)
(57, 9)
(70, 9)
(71, 9)
(72, 9)
(73, 9)
(70, 10)
(71, 10)
(72, 10)
(73, 10)
(89, 10)
(90, 10)
(91, 10)
(92, 10)
(70, 11)
(71, 11)
(72, 11)
(73, 11)
(89, 11)
(90, 11)
(91, 11)
(92, 11)
(4, 12)
(5, 12)
(6, 12)
(7, 12)
(8, 12)
(89, 12)
(90, 12)
(91, 12)
(92, 12)
(4, 13)
(5, 13)
(6, 13)
(7, 13)
(8, 13)
(89, 13)
(90, 13)
(91, 13)
(92, 13)
(4, 14)
(5, 14)
(6, 14)
(7, 14)
(8, 14)
(19, 14)
(20, 14)
(21, 14)
(89, 14)
(90, 14)
(91, 14)
(92, 14)
(4, 15)
(5, 15)
(6, 15)
(7, 15)
(8, 15)
(19, 15)
(20, 15)
(21, 15)
(73, 15)
(74, 15)
(75, 15)
(4, 16)
(5, 16)
(6, 16)
(7, 16)
(8, 16)
(19, 16)
(20, 16)
(21, 16)
(73, 16)
(74, 16)
(75, 16)
(5, 17)
(6, 17)
(7, 17)
(8, 17)
(73, 17)
(74, 17)
(75, 17)
(5, 18)
(6, 18)
(7, 18)
(8, 18)
(51, 18)
(52, 18)
(53, 18)
(54, 18)
(5, 19)
(6, 19)
(7, 19)
(8, 19)
(51, 19)
(52, 19)
(53, 19)
(54, 19)
(58, 19)
(59, 19)
(60, 19)
(61, 19)
(62, 19)
(51, 20)
(52, 20)
(53, 20)
(54, 20)
(58, 20)
(59, 20)
(60, 20)
(61, 20)
(62, 20)
(51, 21)
(52, 21)
(53, 21)
(54, 21)
(58, 21)
(59, 21)
(60, 21)
(61, 21)
(62, 21)
(51, 22)
(52, 22)
(53, 22)
(54, 22)
(58, 22)
(59, 22)
(60, 22)
(61, 22)
(62, 22)
(16, 24)
(17, 24)
(18, 24)
(19, 24)
(36, 24)
(37, 24)
(38, 24)
(39, 24)
(40, 24)
(16, 25)
(17, 25)
(18, 25)
(19, 25)
(36, 25)
(37, 25)
(38, 25)
(39, 25)
(40, 25)
(16, 26)
(17, 26)
(18, 26)
(19, 26)
(36, 26)
(37, 26)
(38, 26)
(39, 26)
(40, 26)
(36, 27)
(37, 27)
(38, 27)
(39, 27)
(40, 27)
(63, 28)
(64, 28)
(65, 28)
(63, 29)
(64, 29)
(65, 29)
(77, 29)
(78, 29)
(79, 29)
(80, 29)
(63, 30)
(64, 30)
(65, 30)
(77, 30)
(78, 30)
(79, 30)
(80, 30)
(33, 31)
(34, 31)
(35, 31)
(36, 31)
(63, 31)
(64, 31)
(65, 31)
(77, 31)
(78, 31)
(79, 31)
(80, 31)
(94, 31)
(95, 31)
(96, 31)
(97, 31)
(33, 32)
(34, 32)
(35, 32)
(36, 32)
(63, 32)
(64, 32)
(65, 32)
(77, 32)
(78, 32)
(79, 32)
(80, 32)
(94, 32)
(95, 32)
(96, 32)
(97, 32)
(33, 33)
(34, 33)
(35, 33)
(36, 33)
(94, 33)
(95, 33)
(96, 33)
(97, 33)
(21, 34)
(22, 34)
(23, 34)
(24, 34)
(94, 34)
(95, 34)
(96, 34)
(97, 34)
(21, 35)
(22, 35)
(23, 35)
(24, 35)
(94, 35)
(95, 35)
(96, 35)
(97, 35)
(21, 36)
(22, 36)
(23, 36)
(24, 36)
(46, 41)
(47, 41)
(48, 41)
(46, 42)
(47, 42)
(48, 42)
(33, 43)
(34, 43)
(35, 43)
(36, 43)
(37, 43)
(46, 43)
(47, 43)
(48, 43)
(86, 43)
(87, 43)
(88, 43)
(89, 43)
(33, 44)
(34, 44)
(35, 44)
(36, 44)
(37, 44)
(45, 44)
(46, 44)
(47, 44)
(61, 44)
(62, 44)
(63, 44)
(86, 44)
(87, 44)
(88, 44)
(89, 44)
(1, 45)
(2, 45)
(3, 45)
(4, 45)
(33, 45)
(34, 45)
(35, 45)
(36, 45)
(37, 45)
(45, 45)
(46, 45)
(47, 45)
(61, 45)
(62, 45)
(63, 45)
(86, 45)
(87, 45)
(88, 45)
(89, 45)
(1, 46)
(2, 46)
(3, 46)
(4, 46)
(33, 46)
(34, 46)
(35, 46)
(36, 46)
(37, 46)
(45, 46)
(46, 46)
(47, 46)
(61, 46)
(62, 46)
(63, 46)
(1, 47)
(2, 47)
(3, 47)
(4, 47)
(45, 47)
(46, 47)
(47, 47)
(71, 47)
(72, 47)
(73, 47)
(74, 47)
(1, 48)
(2, 48)
(3, 48)
(4, 48)
(71, 48)
(72, 48)
(73, 48)
(74, 48)
(15, 49)
(16, 49)
(17, 49)
(18, 49)
(71, 49)
(72, 49)
(73, 49)
(74, 49)
(15, 50)
(16, 50)
(17, 50)
(18, 50)
(15, 51)
(16, 51)
(17, 51)
(18, 51)
(39, 51)
(40, 51)
(41, 51)
(42, 51)
(15, 52)
(16, 52)
(17, 52)
(18, 52)
(39, 52)
(40, 52)
(41, 52)
(42, 52)
(39, 53)
(40, 53)
(41, 53)
(42, 53)
(86, 53)
(87, 53)
(88, 53)
(97, 53)
(98, 53)
(99, 53)
(39, 54)
(40, 54)
(41, 54)
(42, 54)
(86, 54)
(87, 54)
(88, 54)
(97, 54)
(98, 54)
(99, 54)
(38, 55)
(39, 55)
(40, 55)
(86, 55)
(87, 55)
(88, 55)
(97, 55)
(98, 55)
(99, 55)
(38, 56)
(39, 56)
(40, 56)
(97, 56)
(98, 56)
(99, 56)
(10, 57)
(11, 57)
(12, 57)
(13, 57)
(38, 57)
(39, 57)
(40, 57)
(10, 58)
(11, 58)
(12, 58)
(13, 58)
(38, 58)
(39, 58)
(40, 58)
(54, 58)
(55, 58)
(56, 58)
(10, 59)
(11, 59)
(12, 59)
(13, 59)
(28, 59)
(29, 59)
(30, 59)
(38, 59)
(39, 59)
(40, 59)
(54, 59)
(55, 59)
(56, 59)
(28, 60)
(29, 60)
(30, 60)
(40, 60)
(41, 60)
(42, 60)
(54, 60)
(55, 60)
(56, 60)
(28, 61)
(29, 61)
(30, 61)
(40, 61)
(41, 61)
(42, 61)
(54, 61)
(55, 61)
(56, 61)
(1, 62)
(2, 62)
(3, 62)
(4, 62)
(5, 62)
(40, 62)
(41, 62)
(42, 62)
(54, 62)
(55, 62)
(56, 62)
(1, 63)
(2, 63)
(3, 63)
(4, 63)
(5, 63)
(40, 63)
(41, 63)
(42, 63)
(1, 64)
(2, 64)
(3, 64)
(4, 64)
(5, 64)
(40, 64)
(41, 64)
(42, 64)
(0, 65)
(1, 65)
(2, 65)
(3, 65)
(0, 66)
(1, 66)
(2, 66)
(3, 66)
(0, 67)
(1, 67)
(2, 67)
(3, 67)
(57, 73)
(58, 73)
(59, 73)
(57, 74)
(58, 74)
(59, 74)
(29, 75)
(30, 75)
(31, 75)
(57, 75)
(58, 75)
(59, 75)
(29, 76)
(30, 76)
(31, 76)
(76, 76)
(77, 76)
(78, 76)
(29, 77)
(30, 77)
(31, 77)
(49, 77)
(50, 77)
(51, 77)
(52, 77)
(76, 77)
(77, 77)
(78, 77)
(29, 78)
(30, 78)
(31, 78)
(49, 78)
(50, 78)
(51, 78)
(52, 78)
(53, 78)
(54, 78)
(55, 78)
(56, 78)
(57, 78)
(76, 78)
(77, 78)
(78, 78)
(29, 79)
(30, 79)
(31, 79)
(49, 79)
(50, 79)
(51, 79)
(52, 79)
(53, 79)
(54, 79)
(55, 79)
(56, 79)
(57, 79)
(53, 80)
(54, 80)
(55, 80)
(56, 80)
(57, 80)
(49, 83)
(50, 83)
(51, 83)
(52, 83)
(13, 84)
(14, 84)
(15, 84)
(16, 84)
(49, 84)
(50, 84)
(51, 84)
(52, 84)
(13, 85)
(14, 85)
(15, 85)
(16, 85)
(49, 85)
(50, 85)
(51, 85)
(52, 85)
(13, 86)
(14, 86)
(15, 86)
(16, 86)
(49, 86)
(50, 86)
(51, 86)
(52, 86)
(13, 87)
(14, 87)
(15, 87)
(16, 87)
(49, 87)
(50, 87)
(51, 87)
(52, 87)
(14, 90)
(15, 90)
(16, 90)
(17, 90)
(14, 91)
(15, 91)
(16, 91)
(17, 91)
(25, 91)
(26, 91)
(27, 91)
(14, 92)
(15, 92)
(16, 92)
(17, 92)
(25, 92)
(26, 92)
(27, 92)
(14, 93)
(15, 93)
(16, 93)
(17, 93)
(25, 93)
(26, 93)
(27, 93)
(14, 94)
(15, 94)
(16, 94)
(17, 94)
(25, 94)
(26, 94)
(27, 94)
(25, 95)
(26, 95)
(27, 95)
(77, 95)
(78, 95)
(79, 95)
(80, 95)
(77, 96)
(78, 96)
(79, 96)
(80, 96)
(77, 97)
(78, 97)
(79, 97)
(80, 97)
-
(0, 2, 1.0, -1, 0.5)
(1, 1, 1.0, -1, 0.5)
(2, 4, 1.0, -1, 0.5)
(3, 3, 1.0, -1, 0.5)
(4, 4, 1.0, -1, 0.5)
(5, 3, 1.0, -1, 0.5)
(6, 1, 1.0, -1, 0.5)
(7, 5, 1.0, -1, 0.5)
(8, 2, 1.0, -1, 0.5)
(9, 5, 1.0, -1, 0.5)
-
(0, (81,93), (4,96))
(1, (70,54), (88,93))
(2, (19,68), (28,4))
(3, (29,30), (69,36))
(4, (53,49), (77,23))
(5, (31,58), (21,94))
(6, (64,18), (25,78))
(7, (8,5), (48,71))
(8, (23,57), (41,9))
(9, (85,17), (83,79))
