100
(12, 5)
(13, 5)
(14, 5)
(15, 5)
(12, 6)
(13, 6)
(14, 6)
(15, 6)
(12, 7)
(13, 7)
(14, 7)
(15, 7)
(8, 8)
(9, 8)
(10, 8)
(11, 8)
(12, 8)
(13, 8)
(14, 8)
(15, 8)
(8, 9)
(9, 9)
(10, 9)
(11, 9)
(12, 9)
(13, 9)
(14, 9)
(15, 9)
(8, 10)
(9, 10)
(10, 10)
(11, 10)
(32, 12)
(33, 12)
(34, 12)
(35, 12)
(36, 12)
(32, 13)
(33, 13)
(34, 13)
(35, 13)
(36, 13)
(32, 14)
(33, 14)
(34, 14)
(35, 14)
(36, 14)
(6, 22)
(7, 22)
(8, 22)
(6, 23)
(7, 23)
(8, 23)
(6, 24)
(7, 24)
(8, 24)
(19, 31)
(20, 31)
(21, 31)
(22, 31)
(23, 31)
(19, 32)
(20, 32)
(21, 32)
(22, 32)
(23, 32)
(19, 33)
(20, 33)
(21, 33)
(22, 33)
(23, 33)
(57, 33)
(58, 33)
(59, 33)
(60, 33)
(19, 34)
(20, 34)
(21, 34)
(22, 34)
(23, 34)
(57, 34)
(58, 34)
(59, 34)
(60, 34)
(57, 35)
(58, 35)
(59, 35)
(60, 35)
(57, 36)
(58, 36)
(59, 36)
(60, 36)
(12, 42)
(13, 42)
(14, 42)
(15, 42)
(12, 43)
(13, 43)
(14, 43)
(15, 43)
(12, 44)
(13, 44)
(14, 44)
(15, 44)
(12, 45)
(13, 45)
(14, 45)
(15, 45)
(70, 63)
(71, 63)
(72, 63)
(73, 63)
(70, 64)
(71, 64)
(72, 64)
(73, 64)
(70, 65)
(71, 65)
(72, 65)
(73, 65)
(70, 66)
(71, 66)
(72, 66)
(73, 66)
(5, 74)
(6, 74)
(7, 74)
(8, 74)
(5, 75)
(6, 75)
(7, 75)
(8, 75)
(5, 76)
(6, 76)
(7, 76)
(8, 76)
(5, 77)
(6, 77)
(7, 77)
(8, 77)
(5, 78)
(6, 78)
(7, 78)
(8, 78)
(14, 80)
(15, 80)
(16, 80)
(17, 80)
(18, 80)
(14, 81)
(15, 81)
(16, 81)
(17, 81)
(18, 81)
(14, 82)
(15, 82)
(16, 82)
(17, 82)
(18, 82)
-
(0, 3, 1.0, -1, 0.5)
(1, 5, 1.0, -1, 0.5)
(2, 3, 1.0, -1, 0.5)
(3, 4, 1.0, -1, 0.5)
(4, 2, 1.0, -1, 0.5)
(5, 5, 1.0, -1, 0.5)
(6, 4, 1.0, -1, 0.5)
(7, 2, 1.0, -1, 0.5)
(8, 1, 1.0, -1, 0.5)
(9, 1, 1.0, -1, 0.5)
-
(0, (78,37), (8,34))
(1, (46,73), (76,8))
(2, (18,90), (7,42))
(3, (42,25), (58,72))
(4, (70,69), (17,28))
(5, (57,54), (95,45))
(6, (41,10), (64,38))
(7, (56,80), (10,49))
(8, (1,56), (61,11))
(9, (76,35), (13,59))
