100
(66, 3)
(67, 3)
(68, 3)
(69, 3)
(70, 3)
(66, 4)
(67, 4)
(68, 4)
(69, 4)
(70, 4)
(66, 5)
(67, 5)
(68, 5)
(69, 5)
(70, 5)
(90, 6)
(91, 6)
(92, 6)
(93, 6)
(90, 7)
(91, 7)
(92, 7)
(93, 7)
(15, 8)
(16, 8)
(17, 8)
(18, 8)
(19, 8)
(34, 8)
(35, 8)
(36, 8)
(90, 8)
(91, 8)
(92, 8)
(93, 8)
(15, 9)
(16, 9)
(17, 9)
(18, 9)
(19, 9)
(34, 9)
(35, 9)
(36, 9)
(15, 10)
(16, 10)
(17, 10)
(18, 10)
(19, 10)
(34, 10)
(35, 10)
(36, 10)
(87, 10)
(88, 10)
(89, 10)
(90, 10)
(34, 11)
(35, 11)
(36, 11)
(87, 11)
(88, 11)
(89, 11)
(90, 11)
(87, 12)
(88, 12)
(89, 12)
(90, 12)
(87, 13)
(88, 13)
(89, 13)
(90, 13)
(87, 14)
(88, 14)
(89, 14)
(90, 14)
(25, 23)
(26, 23)
(27, 23)
(28, 23)
(25, 24)
(26, 24)
(27, 24)
(28, 24)
(25, 25)
(26, 25)
(27, 25)
(28, 25)
(25, 26)
(26, 26)
(27, 26)
(28, 26)
(25, 27)
(26, 27)
(27, 27)
(28, 27)
(40, 31)
(41, 31)
(42, 31)
(40, 32)
(41, 32)
(42, 32)
(85, 32)
(86, 32)
(87, 32)
(13, 33)
(14, 33)
(15, 33)
(40, 33)
(41, 33)
(42, 33)
(85, 33)
(86, 33)
(87, 33)
(13, 34)
(14, 34)
(15, 34)
(40, 34)
(41, 34)
(42, 34)
(85, 34)
(86, 34)
(87, 34)
(13, 35)
(14, 35)
(15, 35)
(74, 35)
(75, 35)
(76, 35)
(85, 35)
(86, 35)
(87, 35)
(74, 36)
(75, 36)
(76, 36)
(74, 37)
(75, 37)
(76, 37)
(76, 43)
(77, 43)
(78, 43)
(79, 43)
(80, 43)
(64, 44)
(65, 44)
(66, 44)
(67, 44)
(68, 44)
(69, 44)
(70, 44)
(71, 44)
(76, 44)
(77, 44)
(78, 44)
(79, 44)
(80, 44)
(64, 45)
(65, 45)
(66, 45)
(67, 45)
(68, 45)
(69, 45)
(70, 45)
(71, 45)
(76, 45)
(77, 45)
(78, 45)
(79, 45)
(80, 45)
(87, 45)
(88, 45)
(89, 45)
(54, 46)
(55, 46)
(56, 46)
(57, 46)
(64, 46)
(65, 46)
(66, 46)
(67, 46)
(68, 46)
(69, 46)
(70, 46)
(71, 46)
(87, 46)
(88, 46)
(89, 46)
(54, 47)
(55, 47)
(56, 47)
(57, 47)
(87, 47)
(88, 47)
(89, 47)
(54, 48)
(55, 48)
(56, 48)
(57, 48)
(87, 48)
(88, 48)
(89, 48)
(54, 49)
(55, 49)
(56, 49)
(57, 49)
(87, 49)
(88, 49)
(89, 49)
(54, 50)
(55, 50)
(56, 50)
(57, 50)
(28, 53)
(29, 53)
(30, 53)
(28, 54)
(29, 54)
(30, 54)
(28, 55)
(29, 55)
(30, 55)
(28, 56)
(29, 56)
(30, 56)
(46, 70)
(47, 70)
(48, 70)
(49, 70)
(50, 70)
(27, 71)
(28, 71)
(29, 71)
(46, 71)
(47, 71)
(48, 71)
(49, 71)
(50, 71)
(27, 72)
(28, 72)
(29, 72)
(46, 72)
(47, 72)
(48, 72)
(49, 72)
(50, 72)
(27, 73)
(28, 73)
(29, 73)
(46, 73)
(47, 73)
(48, 73)
(49, 73)
(50, 73)
(27, 74)
(28, 74)
(29, 74)
(46, 74)
(47, 74)
(48, 74)
(49, 74)
(50, 74)
(27, 75)
(28, 75)
(29, 75)
(55, 80)
(56, 80)
(57, 80)
(58, 80)
(55, 81)
(56, 81)
(57, 81)
(58, 81)
(55, 82)
(56, 82)
(57, 82)
(58, 82)
(55, 83)
(56, 83)
(57, 83)
(58, 83)
(35, 85)
(36, 85)
(37, 85)
(38, 85)
(84, 85)
(85, 85)
(86, 85)
(35, 86)
(36, 86)
(37, 86)
(38, 86)
(84, 86)
(85, 86)
(86, 86)
(35, 87)
(36, 87)
(37, 87)
(38, 87)
(84, 87)
(85, 87)
(86, 87)
(26, 88)
(27, 88)
(28, 88)
(84, 88)
(85, 88)
(86, 88)
(26, 89)
(27, 89)
(28, 89)
(84, 89)
(85, 89)
(86, 89)
(26, 90)
(27, 90)
(28, 90)
(48, 90)
(49, 90)
(50, 90)
(51, 90)
(26, 91)
(27, 91)
(28, 91)
(48, 91)
(49, 91)
(50, 91)
(51, 91)
(48, 92)
(49, 92)
(50, 92)
(51, 92)
(48, 93)
(49, 93)
(50, 93)
(51, 93)
(79, 94)
(80, 94)
(81, 94)
(82, 94)
(83, 94)
(75, 95)
(76, 95)
(77, 95)
(78, 95)
(79, 95)
(80, 95)
(81, 95)
(82, 95)
(83, 95)
(75, 96)
(76, 96)
(77, 96)
(78, 96)
(79, 96)
(80, 96)
(81, 96)
(82, 96)
(83, 96)
(75, 97)
(76, 97)
(77, 97)
(78, 97)
-
(0, 3, 1.0, -1, 0.5)
(1, 1, 1.0, -1, 0.5)
(2, 5, 1.0, -1, 0.5)
(3, 2, 1.0, -1, 0.5)
(4, 4, 1.0, -1, 0.5)
(5, 3, 1.0, -1, 0.5)
(6, 5, 1.0, -1, 0.5)
(7, 1, 1.0, -1, 0.5)
(8, 4, 1.0, -1, 0.5)
(9, 2, 1.0, -1, 0.5)
-
(0, (60,30), (23,75))
(1, (0,4), (51,31))
(2, (12,24), (84,57))
(3, (23,80), (81,26))
(4, (54,13), (93,93))
(5, (94,21), (97,95))
(6, (49,34), (3,32))
(7, (76,92), (56,35))
(8, (35,70), (16,95))
(9, (42,40), (97,69))
