100
(40, 12)
(41, 12)
(42, 12)
(43, 12)
(44, 12)
(31, 13)
(32, 13)
(33, 13)
(34, 13)
(40, 13)
(41, 13)
(42, 13)
(43, 13)
(44, 13)
(31, 14)
(32, 14)
(33, 14)
(34, 14)
(40, 14)
(41, 14)
(42, 14)
(43, 14)
(44, 14)
(31, 15)
(32, 15)
(33, 15)
(34, 15)
(68, 16)
(69, 16)
(70, 16)
(71, 16)
(72, 16)
(68, 17)
(69, 17)
(70, 17)
(71, 17)
(72, 17)
(68, 18)
(69, 18)
(70, 18)
(71, 18)
(72, 18)
(91, 25)
(92, 25)
(93, 25)
(94, 25)
(91, 26)
(92, 26)
(93, 26)
(94, 26)
(91, 27)
(92, 27)
(93, 27)
(94, 27)
(7, 43)
(8, 43)
(9, 43)
(10, 43)
(7, 44)
(8, 44)
(9, 44)
(10, 44)
(7, 45)
(8, 45)
(9, 45)
(10, 45)
(29, 46)
(30, 46)
(31, 46)
(32, 46)
(33, 46)
(29, 47)
(30, 47)
(31, 47)
(32, 47)
(33, 47)
(29, 48)
(30, 48)
(31, 48)
(32, 48)
(33, 48)
(29, 49)
(30, 49)
(31, 49)
(32, 49)
(33, 49)
(29, 50)
(30, 50)
(31, 50)
(32, 50)
(33, 50)
(94, 51)
(95, 51)
(96, 51)
(97, 51)
(98, 51)
(94, 52)
(95, 52)
(96, 52)
(97, 52)
(98, 52)
(94, 53)
(95, 53)
(96, 53)
(97, 53)
(98, 53)
(0, 61)
(1, 61)
(2, 61)
(70, 61)
(71, 61)
(72, 61)
(73, 61)
(0, 62)
(1, 62)
(2, 62)
(70, 62)
(71, 62)
(72, 62)
(73, 62)
(0, 63)
(1, 63)
(2, 63)
(24, 63)
(25, 63)
(26, 63)
(70, 63)
(71, 63)
(72, 63)
(73, 63)
(78, 63)
(79, 63)
(80, 63)
(81, 63)
(82, 63)
(0, 64)
(1, 64)
(2, 64)
(24, 64)
(25, 64)
(26, 64)
(70, 64)
(71, 64)
(72, 64)
(73, 64)
(78, 64)
(79, 64)
(80, 64)
(81, 64)
(82, 64)
(24, 65)
(25, 65)
(26, 65)
(78, 65)
(79, 65)
(80, 65)
(81, 65)
(82, 65)
(57, 70)
(58, 70)
(59, 70)
(57, 71)
(58, 71)
(59, 71)
(57, 72)
(58, 72)
(59, 72)
(65, 90)
(66, 90)
(67, 90)
(68, 90)
(83, 90)
(84, 90)
(85, 90)
(65, 91)
(66, 91)
(67, 91)
(68, 91)
(69, 91)
(70, 91)
(71, 91)
(72, 91)
(83, 91)
(84, 91)
(85, 91)
(65, 92)
(66, 92)
(67, 92)
(68, 92)
(69, 92)
(70, 92)
(71, 92)
(72, 92)
(83, 92)
(84, 92)
(85, 92)
(65, 93)
(66, 93)
(67, 93)
(68, 93)
(69, 93)
(70, 93)
(71, 93)
(72, 93)
(83, 93)
(84, 93)
(85, 93)
(65, 94)
(66, 94)
(67, 94)
(68, 94)
(83, 94)
(84, 94)
(85, 94)
-
(0, 2, 1.0, -1, 0.5)
(1, 5, 1.0, -1, 0.5)
(2, 5, 1.0, -1, 0.5)
(3, 1, 1.0, -1, 0.5)
(4, 4, 1.0, -1, 0.5)
(5, 3, 1.0, -1, 0.5)
(6, 3, 1.0, -1, 0.5)
(7, 1, 1.0, -1, 0.5)
(8, 4, 1.0, -1, 0.5)
(9, 2, 1.0, -1, 0.5)
-
(0, (50,38), (98,77))
(1, (47,81), (72,23))
(2, (2,77), (43,95))
(3, (96,21), (36,61))
(4, (92,40), (40,24))
(5, (56,42), (10,63))
(6, (97,8), (55,85))
(7, (77,6), (70,87))
(8, (45,67), (11,53))
(9, (91,28), (0,49))
