100
(73, 1)
(74, 1)
(75, 1)
(73, 2)
(74, 2)
(75, 2)
(73, 3)
(74, 3)
(75, 3)
(73, 4)
(74, 4)
(75, 4)
(12, 5)
(13, 5)
(14, 5)
(15, 5)
(12, 6)
(13, 6)
(14, 6)
(15, 6)
(12, 7)
(13, 7)
(14, 7)
(15, 7)
(12, 8)
(13, 8)
(14, 8)
(15, 8)
(12, 9)
(13, 9)
(14, 9)
(15, 9)
(59, 9)
(60, 9)
(61, 9)
(59, 10)
(60, 10)
(61, 10)
(59, 11)
(60, 11)
(61, 11)
(59, 12)
(60, 12)
(61, 12)
(5, 20)
(6, 20)
(7, 20)
(8, 20)
(9, 20)
(5, 21)
(6, 21)
(7, 21)
(8, 21)
(9, 21)
(5, 22)
(6, 22)
(7, 22)
(8, 22)
(9, 22)
(5, 23)
(6, 23)
(7, 23)
(8, 23)
(9, 23)
(5, 24)
(6, 24)
(7, 24)
(8, 24)
(9, 24)
(60, 24)
(61, 24)
(62, 24)
(60, 25)
(61, 25)
(62, 25)
(60, 26)
(61, 26)
(62, 26)
(23, 40)
(24, 40)
(25, 40)
(26, 40)
(27, 40)
(56, 40)
(57, 40)
(58, 40)
(59, 40)
(60, 40)
(23, 41)
(24, 41)
(25, 41)
(26, 41)
(27, 41)
(56, 41)
(57, 41)
(58, 41)
(59, 41)
(60, 41)
(23, 42)
(24, 42)
(25, 42)
(26, 42)
(27, 42)
(56, 42)
(57, 42)
(58, 42)
(59, 42)
(60, 42)
(57, 47)
(58, 47)
(59, 47)
(57, 48)
(58, 48)
(59, 48)
(57, 49)
(58, 49)
(59, 49)
(57, 50)
(58, 50)
(59, 50)
(57, 51)
(58, 51)
(59, 51)
(29, 59)
(30, 59)
(31, 59)
(32, 59)
(29, 60)
(30, 60)
(31, 60)
(32, 60)
(29, 61)
(30, 61)
(31, 61)
(32, 61)
(29, 62)
(30, 62)
(31, 62)
(32, 62)
(29, 63)
(30, 63)
(31, 63)
(32, 63)
(95, 66)
(96, 66)
(97, 66)
(98, 66)
(95, 67)
(96, 67)
(97, 67)
(98, 67)
(32, 68)
(33, 68)
(34, 68)
(35, 68)
(95, 68)
(96, 68)
(97, 68)
(98, 68)
(32, 69)
(33, 69)
(34, 69)
(35, 69)
(95, 69)
(96, 69)
(97, 69)
(98, 69)
(32, 70)
(33, 70)
(34, 70)
(35, 70)
(95, 70)
(96, 70)
(97, 70)
(98, 70)
(25, 73)
(26, 73)
(27, 73)
(25, 74)
(26, 74)
(27, 74)
(25, 75)
(26, 75)
(27, 75)
(25, 76)
(26, 76)
(27, 76)
(25, 77)
(26, 77)
(27, 77)
(38, 78)
(39, 78)
(40, 78)
(38, 79)
(39, 79)
(40, 79)
(38, 80)
(39, 80)
(40, 80)
(38, 81)
(39, 81)
(40, 81)
(38, 82)
(39, 82)
(40, 82)
(35, 95)
(36, 95)
(37, 95)
(38, 95)
(61, 95)
(62, 95)
(63, 95)
(64, 95)
(65, 95)
(35, 96)
(36, 96)
(37, 96)
(38, 96)
(61, 96)
(62, 96)
(63, 96)
(64, 96)
(65, 96)
(35, 97)
(36, 97)
(37, 97)
(38, 97)
(61, 97)
(62, 97)
(63, 97)
(64, 97)
(65, 97)
(61, 98)
(62, 98)
(63, 98)
(64, 98)
(65, 98)
-
(0, 2, 1.0, -1, 0.5)
(1, 3, 1.0, -1, 0.5)
(2, 3, 1.0, -1, 0.5)
(3, 5, 1.0, -1, 0.5)
(4, 4, 1.0, -1, 0.5)
(5, 2, 1.0, -1, 0.5)
(6, 4, 1.0, -1, 0.5)
(7, 5, 1.0, -1, 0.5)
(8, 1, 1.0, -1, 0.5)
(9, 1, 1.0, -1, 0.5)
-
(0, (97,60), (18,75))
(1, (43,93), (51,35))
(2, (20,32), (65,69))
(3, (0,9), (76,36))
(4, (56,90), (42,61))
(5, (52,60), (87,56))
(6, (26,45), (83,49))
(7, (95,37), (82,82))
(8, (37,16), (92,59))
(9, (7,18), (5,62))
