100
(28, 0)
(29, 0)
(30, 0)
(31, 0)
(28, 1)
(29, 1)
(30, 1)
(31, 1)
(77, 1)
(78, 1)
(79, 1)
(80, 1)
(91, 1)
(92, 1)
(93, 1)
(94, 1)
(9, 2)
(10, 2)
(11, 2)
(17, 2)
(18, 2)
(19, 2)
(20, 2)
(21, 2)
(28, 2)
(29, 2)
(30, 2)
(31, 2)
(58, 2)
(59, 2)
(60, 2)
(61, 2)
(62, 2)
(77, 2)
(78, 2)
(79, 2)
(80, 2)
(91, 2)
(92, 2)
(93, 2)
(94, 2)
(9, 3)
(10, 3)
(11, 3)
(17, 3)
(18, 3)
(19, 3)
(20, 3)
(21, 3)
(28, 3)
(29, 3)
(30, 3)
(31, 3)
(58, 3)
(59, 3)
(60, 3)
(61, 3)
(62, 3)
(77, 3)
(78, 3)
(79, 3)
(80, 3)
(91, 3)
(92, 3)
(93, 3)
(94, 3)
(9, 4)
(10, 4)
(11, 4)
(17, 4)
(18, 4)
(19, 4)
(20, 4)
(21, 4)
(28, 4)
(29, 4)
(30, 4)
(31, 4)
(58, 4)
(59, 4)
(60, 4)
(61, 4)
(62, 4)
(77, 4)
(78, 4)
(79, 4)
(80, 4)
(91, 4)
(92, 4)
(93, 4)
(94, 4)
(17, 5)
(18, 5)
(19, 5)
(20, 5)
(21, 5)
(58, 5)
(59, 5)
(60, 5)
(61, 5)
(62, 5)
(77, 5)
(78, 5)
(79, 5)
(80, 5)
(8, 6)
(9, 6)
(10, 6)
(11, 6)
(24, 6)
(25, 6)
(26, 6)
(27, 6)
(28, 6)
(8, 7)
(9, 7)
(10, 7)
(11, 7)
(24, 7)
(25, 7)
(26, 7)
(27, 7)
(28, 7)
(29, 7)
(30, 7)
(31, 7)
(85, 7)
(86, 7)
(87, 7)
(88, 7)
(8, 8)
(9, 8)
(10, 8)
(11, 8)
(24, 8)
(25, 8)
(26, 8)
(27, 8)
(28, 8)
(29, 8)
(30, 8)
(31, 8)
(85, 8)
(86, 8)
(87, 8)
(88, 8)
(8, 9)
(9, 9)
(10, 9)
(11, 9)
(24, 9)
(25, 9)
(26, 9)
(27, 9)
(28, 9)
(29, 9)
(30, 9)
(31, 9)
(85, 9)
(86, 9)
(87, 9)
(88, 9)
(0, 10)
(1, 10)
(2, 10)
(8, 10)
(9, 10)
(10, 10)
(11, 10)
(29, 10)
(30, 10)
(31, 10)
(85, 10)
(86, 10)
(87, 10)
(88, 10)
(0, 11)
(1, 11)
(2, 11)
(29, 11)
(30, 11)
(31, 11)
(85, 11)
(86, 11)
(87, 11)
(88, 11)
(0, 12)
(1, 12)
(2, 12)
(77, 12)
(78, 12)
(79, 12)
(51, 13)
(52, 13)
(53, 13)
(77, 13)
(78, 13)
(79, 13)
(51, 14)
(52, 14)
(53, 14)
(71, 14)
(72, 14)
(73, 14)
(74, 14)
(75, 14)
(77, 14)
(78, 14)
(79, 14)
(51, 15)
(52, 15)
(53, 15)
(71, 15)
(72, 15)
(73, 15)
(74, 15)
(75, 15)
(51, 16)
(52, 16)
(53, 16)
(71, 16)
(72, 16)
(73, 16)
(74, 16)
(75, 16)
(51, 17)
(52, 17)
(53, 17)
(71, 17)
(72, 17)
(73, 17)
(74, 17)
(75, 17)
(71, 18)
(72, 18)
(73, 18)
(74, 18)
(75, 18)
(7, 20)
(8, 20)
(9, 20)
(10, 20)
(11, 20)
(7, 21)
(8, 21)
(9, 21)
(10, 21)
(11, 21)
(3, 22)
(4, 22)
(5, 22)
(6, 22)
(7, 22)
(8, 22)
(9, 22)
(10, 22)
(11, 22)
(61, 22)
(62, 22)
(63, 22)
(64, 22)
(3, 23)
(4, 23)
(5, 23)
(6, 23)
(7, 23)
(8, 23)
(9, 23)
(10, 23)
(11, 23)
(61, 23)
(62, 23)
(63, 23)
(64, 23)
(82, 23)
(83, 23)
(84, 23)
(85, 23)
(86, 23)
(3, 24)
(4, 24)
(5, 24)
(6, 24)
(7, 24)
(8, 24)
(9, 24)
(10, 24)
(11, 24)
(61, 24)
(62, 24)
(63, 24)
(64, 24)
(70, 24)
(71, 24)
(72, 24)
(73, 24)
(74, 24)
(82, 24)
(83, 24)
(84, 24)
(85, 24)
(86, 24)
(3, 25)
(4, 25)
(5, 25)
(6, 25)
(20, 25)
(21, 25)
(22, 25)
(23, 25)
(61, 25)
(62, 25)
(63, 25)
(64, 25)
(70, 25)
(71, 25)
(72, 25)
(73, 25)
(74, 25)
(82, 25)
(83, 25)
(84, 25)
(85, 25)
(86, 25)
(89, 25)
(90, 25)
(91, 25)
(92, 25)
(3, 26)
(4, 26)
(5, 26)
(6, 26)
(20, 26)
(21, 26)
(22, 26)
(23, 26)
(29, 26)
(30, 26)
(31, 26)
(61, 26)
(62, 26)
(63, 26)
(64, 26)
(70, 26)
(71, 26)
(72, 26)
(73, 26)
(74, 26)
(77, 26)
(78, 26)
(79, 26)
(82, 26)
(83, 26)
(84, 26)
(85, 26)
(86, 26)
(89, 26)
(90, 26)
(91, 26)
(92, 26)
(20, 27)
(21, 27)
(22, 27)
(23, 27)
(29, 27)
(30, 27)
(31, 27)
(70, 27)
(71, 27)
(72, 27)
(73, 27)
(74, 27)
(77, 27)
(78, 27)
(79, 27)
(82, 27)
(83, 27)
(84, 27)
(85, 27)
(86, 27)
(89, 27)
(90, 27)
(91, 27)
(92, 27)
(20, 28)
(21, 28)
(22, 28)
(23, 28)
(29, 28)
(30, 28)
(31, 28)
(77, 28)
(78, 28)
(79, 28)
(89, 28)
(90, 28)
(91, 28)
(92, 28)
(20, 29)
(21, 29)
(22, 29)
(23, 29)
(16, 30)
(17, 30)
(18, 30)
(19, 30)
(41, 30)
(42, 30)
(43, 30)
(63, 30)
(64, 30)
(65, 30)
(66, 30)
(16, 31)
(17, 31)
(18, 31)
(19, 31)
(41, 31)
(42, 31)
(43, 31)
(63, 31)
(64, 31)
(65, 31)
(66, 31)
(16, 32)
(17, 32)
(18, 32)
(19, 32)
(41, 32)
(42, 32)
(43, 32)
(63, 32)
(64, 32)
(65, 32)
(66, 32)
(3, 33)
(4, 33)
(5, 33)
(6, 33)
(16, 33)
(17, 33)
(18, 33)
(19, 33)
(30, 33)
(31, 33)
(32, 33)
(33, 33)
(34, 33)
(41, 33)
(42, 33)
(43, 33)
(63, 33)
(64, 33)
(65, 33)
(66, 33)
(3, 34)
(4, 34)
(5, 34)
(6, 34)
(16, 34)
(17, 34)
(18, 34)
(19, 34)
(30, 34)
(31, 34)
(32, 34)
(33, 34)
(34, 34)
(41, 34)
(42, 34)
(43, 34)
(63, 34)
(64, 34)
(65, 34)
(66, 34)
(3, 35)
(4, 35)
(5, 35)
(6, 35)
(13, 35)
(14, 35)
(15, 35)
(16, 35)
(17, 35)
(30, 35)
(31, 35)
(32, 35)
(33, 35)
(34, 35)
(41, 35)
(42, 35)
(43, 35)
(58, 35)
(59, 35)
(60, 35)
(61, 35)
(87, 35)
(88, 35)
(89, 35)
(90, 35)
(13, 36)
(14, 36)
(15, 36)
(16, 36)
(17, 36)
(30, 36)
(31, 36)
(32, 36)
(33, 36)
(34, 36)
(41, 36)
(42, 36)
(43, 36)
(58, 36)
(59, 36)
(60, 36)
(61, 36)
(87, 36)
(88, 36)
(89, 36)
(90, 36)
(13, 37)
(14, 37)
(15, 37)
(16, 37)
(17, 37)
(58, 37)
(59, 37)
(60, 37)
(61, 37)
(87, 37)
(88, 37)
(89, 37)
(90, 37)
(71, 38)
(72, 38)
(73, 38)
(74, 38)
(97, 38)
(98, 38)
(99, 38)
(71, 39)
(72, 39)
(73, 39)
(74, 39)
(97, 39)
(98, 39)
(99, 39)
(71, 40)
(72, 40)
(73, 40)
(74, 40)
(97, 40)
(98, 40)
(99, 40)
(0, 41)
(1, 41)
(2, 41)
(3, 41)
(4, 41)
(5, 41)
(6, 41)
(7, 41)
(71, 41)
(72, 41)
(73, 41)
(74, 41)
(0, 42)
(1, 42)
(2, 42)
(3, 42)
(4, 42)
(5, 42)
(6, 42)
(7, 42)
(57, 42)
(58, 42)
(59, 42)
(60, 42)
(61, 42)
(71, 42)
(72, 42)
(73, 42)
(74, 42)
(0, 43)
(1, 43)
(2, 43)
(3, 43)
(4, 43)
(5, 43)
(6, 43)
(7, 43)
(57, 43)
(58, 43)
(59, 43)
(60, 43)
(61, 43)
(66, 43)
(67, 43)
(68, 43)
(69, 43)
(70, 43)
(0, 44)
(1, 44)
(2, 44)
(3, 44)
(4, 44)
(5, 44)
(6, 44)
(7, 44)
(23, 44)
(24, 44)
(25, 44)
(57, 44)
(58, 44)
(59, 44)
(60, 44)
(61, 44)
(66, 44)
(67, 44)
(68, 44)
(69, 44)
(70, 44)
(84, 44)
(85, 44)
(86, 44)
(5, 45)
(6, 45)
(7, 45)
(23, 45)
(24, 45)
(25, 45)
(48, 45)
(49, 45)
(50, 45)
(57, 45)
(58, 45)
(59, 45)
(60, 45)
(61, 45)
(66, 45)
(67, 45)
(68, 45)
(69, 45)
(70, 45)
(84, 45)
(85, 45)
(86, 45)
(23, 46)
(24, 46)
(25, 46)
(48, 46)
(49, 46)
(50, 46)
(66, 46)
(67, 46)
(68, 46)
(69, 46)
(70, 46)
(84, 46)
(85, 46)
(86, 46)
(90, 46)
(91, 46)
(92, 46)
(93, 46)
(23, 47)
(24, 47)
(25, 47)
(29, 47)
(30, 47)
(31, 47)
(32, 47)
(33, 47)
(48, 47)
(49, 47)
(50, 47)
(67, 47)
(68, 47)
(69, 47)
(90, 47)
(91, 47)
(92, 47)
(93, 47)
(29, 48)
(30, 48)
(31, 48)
(32, 48)
(33, 48)
(48, 48)
(49, 48)
(50, 48)
(67, 48)
(68, 48)
(69, 48)
(83, 48)
(84, 48)
(85, 48)
(90, 48)
(91, 48)
(92, 48)
(93, 48)
(29, 49)
(30, 49)
(31, 49)
(32, 49)
(33, 49)
(48, 49)
(49, 49)
(50, 49)
(67, 49)
(68, 49)
(69, 49)
(83, 49)
(84, 49)
(85, 49)
(90, 49)
(91, 49)
(92, 49)
(93, 49)
(97, 49)
(98, 49)
(99, 49)
(29, 50)
(30, 50)
(31, 50)
(32, 50)
(33, 50)
(45, 50)
(46, 50)
(47, 50)
(48, 50)
(67, 50)
(68, 50)
(69, 50)
(83, 50)
(84, 50)
(85, 50)
(90, 50)
(91, 50)
(92, 50)
(93, 50)
(97, 50)
(98, 50)
(99, 50)
(29, 51)
(30, 51)
(31, 51)
(32, 51)
(33, 51)
(45, 51)
(46, 51)
(47, 51)
(48, 51)
(49, 51)
(50, 51)
(51, 51)
(52, 51)
(53, 51)
(97, 51)
(98, 51)
(99, 51)
(45, 52)
(46, 52)
(47, 52)
(48, 52)
(49, 52)
(50, 52)
(51, 52)
(52, 52)
(53, 52)
(49, 53)
(50, 53)
(51, 53)
(52, 53)
(53, 53)
(92, 53)
(93, 53)
(94, 53)
(95, 53)
(96, 53)
(10, 54)
(11, 54)
(12, 54)
(13, 54)
(49, 54)
(50, 54)
(51, 54)
(52, 54)
(53, 54)
(61, 54)
(62, 54)
(63, 54)
(64, 54)
(92, 54)
(93, 54)
(94, 54)
(95, 54)
(96, 54)
(10, 55)
(11, 55)
(12, 55)
(13, 55)
(49, 55)
(50, 55)
(51, 55)
(52, 55)
(53, 55)
(61, 55)
(62, 55)
(63, 55)
(64, 55)
(92, 55)
(93, 55)
(94, 55)
(95, 55)
(96, 55)
(10, 56)
(11, 56)
(12, 56)
(13, 56)
(61, 56)
(62, 56)
(63, 56)
(64, 56)
(92, 56)
(93, 56)
(94, 56)
(95, 56)
(96, 56)
(3, 57)
(4, 57)
(5, 57)
(6, 57)
(10, 57)
(11, 57)
(12, 57)
(13, 57)
(20, 57)
(21, 57)
(22, 57)
(24, 57)
(25, 57)
(26, 57)
(27, 57)
(40, 57)
(41, 57)
(42, 57)
(43, 57)
(54, 57)
(55, 57)
(56, 57)
(61, 57)
(62, 57)
(63, 57)
(64, 57)
(92, 57)
(93, 57)
(94, 57)
(95, 57)
(96, 57)
(3, 58)
(4, 58)
(5, 58)
(6, 58)
(20, 58)
(21, 58)
(22, 58)
(24, 58)
(25, 58)
(26, 58)
(27, 58)
(40, 58)
(41, 58)
(42, 58)
(43, 58)
(54, 58)
(55, 58)
(56, 58)
(61, 58)
(62, 58)
(63, 58)
(64, 58)
(3, 59)
(4, 59)
(5, 59)
(6, 59)
(20, 59)
(21, 59)
(22, 59)
(24, 59)
(25, 59)
(26, 59)
(27, 59)
(40, 59)
(41, 59)
(42, 59)
(43, 59)
(54, 59)
(55, 59)
(56, 59)
(78, 59)
(79, 59)
(80, 59)
(81, 59)
(84, 59)
(85, 59)
(86, 59)
(87, 59)
(88, 59)
(5, 60)
(6, 60)
(7, 60)
(20, 60)
(21, 60)
(22, 60)
(24, 60)
(25, 60)
(26, 60)
(27, 60)
(40, 60)
(41, 60)
(42, 60)
(43, 60)
(54, 60)
(55, 60)
(56, 60)
(78, 60)
(79, 60)
(80, 60)
(81, 60)
(84, 60)
(85, 60)
(86, 60)
(87, 60)
(88, 60)
(0, 61)
(1, 61)
(2, 61)
(3, 61)
(4, 61)
(5, 61)
(6, 61)
(7, 61)
(24, 61)
(25, 61)
(26, 61)
(27, 61)
(54, 61)
(55, 61)
(56, 61)
(73, 61)
(74, 61)
(75, 61)
(78, 61)
(79, 61)
(80, 61)
(81, 61)
(84, 61)
(85, 61)
(86, 61)
(87, 61)
(88, 61)
(0, 62)
(1, 62)
(2, 62)
(3, 62)
(4, 62)
(5, 62)
(6, 62)
(7, 62)
(73, 62)
(74, 62)
(75, 62)
(78, 62)
(79, 62)
(80, 62)
(81, 62)
(84, 62)
(85, 62)
(86, 62)
(87, 62)
(88, 62)
(0, 63)
(1, 63)
(2, 63)
(3, 63)
(4, 63)
(31, 63)
(32, 63)
(33, 63)
(73, 63)
(74, 63)
(75, 63)
(78, 63)
(79, 63)
(80, 63)
(81, 63)
(90, 63)
(91, 63)
(92, 63)
(93, 63)
(0, 64)
(1, 64)
(2, 64)
(3, 64)
(4, 64)
(31, 64)
(32, 64)
(33, 64)
(90, 64)
(91, 64)
(92, 64)
(93, 64)
(9, 65)
(10, 65)
(11, 65)
(31, 65)
(32, 65)
(33, 65)
(90, 65)
(91, 65)
(92, 65)
(93, 65)
(5, 66)
(6, 66)
(7, 66)
(9, 66)
(10, 66)
(11, 66)
(37, 66)
(38, 66)
(39, 66)
(90, 66)
(91, 66)
(92, 66)
(93, 66)
(5, 67)
(6, 67)
(7, 67)
(9, 67)
(10, 67)
(11, 67)
(37, 67)
(38, 67)
(39, 67)
(46, 67)
(47, 67)
(48, 67)
(49, 67)
(71, 67)
(72, 67)
(73, 67)
(74, 67)
(75, 67)
(5, 68)
(6, 68)
(7, 68)
(9, 68)
(10, 68)
(11, 68)
(37, 68)
(38, 68)
(39, 68)
(46, 68)
(47, 68)
(48, 68)
(49, 68)
(71, 68)
(72, 68)
(73, 68)
(74, 68)
(75, 68)
(5, 69)
(6, 69)
(7, 69)
(46, 69)
(47, 69)
(48, 69)
(49, 69)
(71, 69)
(72, 69)
(73, 69)
(74, 69)
(75, 69)
(2, 70)
(3, 70)
(4, 70)
(5, 70)
(6, 70)
(46, 70)
(47, 70)
(48, 70)
(49, 70)
(71, 70)
(72, 70)
(73, 70)
(74, 70)
(75, 70)
(2, 71)
(3, 71)
(4, 71)
(5, 71)
(6, 71)
(46, 71)
(47, 71)
(48, 71)
(49, 71)
(2, 72)
(3, 72)
(4, 72)
(5, 72)
(6, 72)
(28, 73)
(29, 73)
(30, 73)
(31, 73)
(32, 73)
(37, 73)
(38, 73)
(39, 73)
(40, 73)
(28, 74)
(29, 74)
(30, 74)
(31, 74)
(32, 74)
(37, 74)
(38, 74)
(39, 74)
(40, 74)
(28, 75)
(29, 75)
(30, 75)
(31, 75)
(32, 75)
(37, 75)
(38, 75)
(39, 75)
(40, 75)
(89, 75)
(90, 75)
(91, 75)
(92, 75)
(28, 76)
(29, 76)
(30, 76)
(31, 76)
(32, 76)
(37, 76)
(38, 76)
(39, 76)
(40, 76)
(89, 76)
(90, 76)
(91, 76)
(92, 76)
(28, 77)
(29, 77)
(30, 77)
(31, 77)
(32, 77)
(59, 77)
(60, 77)
(61, 77)
(62, 77)
(73, 77)
(74, 77)
(75, 77)
(76, 77)
(77, 77)
(89, 77)
(90, 77)
(91, 77)
(92, 77)
(59, 78)
(60, 78)
(61, 78)
(62, 78)
(73, 78)
(74, 78)
(75, 78)
(76, 78)
(77, 78)
(89, 78)
(90, 78)
(91, 78)
(92, 78)
(59, 79)
(60, 79)
(61, 79)
(62, 79)
(73, 79)
(74, 79)
(75, 79)
(76, 79)
(77, 79)
(93, 79)
(94, 79)
(95, 79)
(96, 79)
(97, 79)
(3, 80)
(4, 80)
(5, 80)
(6, 80)
(60, 80)
(61, 80)
(62, 80)
(63, 80)
(73, 80)
(74, 80)
(75, 80)
(76, 80)
(77, 80)
(93, 80)
(94, 80)
(95, 80)
(96, 80)
(97, 80)
(3, 81)
(4, 81)
(5, 81)
(6, 81)
(60, 81)
(61, 81)
(62, 81)
(63, 81)
(85, 81)
(86, 81)
(87, 81)
(88, 81)
(89, 81)
(93, 81)
(94, 81)
(95, 81)
(96, 81)
(97, 81)
(3, 82)
(4, 82)
(5, 82)
(6, 82)
(60, 82)
(61, 82)
(62, 82)
(63, 82)
(85, 82)
(86, 82)
(87, 82)
(88, 82)
(89, 82)
(57, 83)
(58, 83)
(59, 83)
(60, 83)
(85, 83)
(86, 83)
(87, 83)
(88, 83)
(89, 83)
(57, 84)
(58, 84)
(59, 84)
(60, 84)
(15, 85)
(16, 85)
(17, 85)
(18, 85)
(19, 85)
(57, 85)
(58, 85)
(59, 85)
(60, 85)
(69, 85)
(70, 85)
(71, 85)
(15, 86)
(16, 86)
(17, 86)
(18, 86)
(19, 86)
(57, 86)
(58, 86)
(59, 86)
(60, 86)
(69, 86)
(70, 86)
(71, 86)
(15, 87)
(16, 87)
(17, 87)
(18, 87)
(19, 87)
(57, 87)
(58, 87)
(59, 87)
(60, 87)
(69, 87)
(70, 87)
(71, 87)
(15, 88)
(16, 88)
(17, 88)
(18, 88)
(19, 88)
(83, 88)
(84, 88)
(85, 88)
(86, 88)
(48, 89)
(49, 89)
(50, 89)
(51, 89)
(52, 89)
(59, 89)
(60, 89)
(61, 89)
(62, 89)
(67, 89)
(68, 89)
(69, 89)
(83, 89)
(84, 89)
(85, 89)
(86, 89)
(6, 90)
(7, 90)
(8, 90)
(48, 90)
(49, 90)
(50, 90)
(51, 90)
(52, 90)
(59, 90)
(60, 90)
(61, 90)
(62, 90)
(67, 90)
(68, 90)
(69, 90)
(83, 90)
(84, 90)
(85, 90)
(86, 90)
(6, 91)
(7, 91)
(8, 91)
(48, 91)
(49, 91)
(50, 91)
(51, 91)
(52, 91)
(59, 91)
(60, 91)
(61, 91)
(62, 91)
(67, 91)
(68, 91)
(69, 91)
(83, 91)
(84, 91)
(85, 91)
(86, 91)
(6, 92)
(7, 92)
(8, 92)
(48, 92)
(49, 92)
(50, 92)
(51, 92)
(52, 92)
(59, 92)
(60, 92)
(61, 92)
(62, 92)
(67, 92)
(68, 92)
(69, 92)
(2, 93)
(3, 93)
(4, 93)
(6, 93)
(7, 93)
(8, 93)
(48, 93)
(49, 93)
(50, 93)
(51, 93)
(52, 93)
(59, 93)
(60, 93)
(61, 93)
(62, 93)
(67, 93)
(68, 93)
(69, 93)
(2, 94)
(3, 94)
(4, 94)
(2, 95)
(3, 95)
(4, 95)
(12, 95)
(13, 95)
(14, 95)
(85, 95)
(86, 95)
(87, 95)
(88, 95)
(91, 95)
(92, 95)
(93, 95)
(2, 96)
(3, 96)
(4, 96)
(12, 96)
(13, 96)
(14, 96)
(85, 96)
(86, 96)
(87, 96)
(88, 96)
(91, 96)
(92, 96)
(93, 96)
(2, 97)
(3, 97)
(4, 97)
(12, 97)
(13, 97)
(14, 97)
(85, 97)
(86, 97)
(87, 97)
(88, 97)
(91, 97)
(92, 97)
(93, 97)
-
(0, 5, 1.0, -1, 0.5)
(1, 1, 1.0, -1, 0.5)
(2, 1, 1.0, -1, 0.5)
(3, 4, 1.0, -1, 0.5)
(4, 4, 1.0, -1, 0.5)
(5, 3, 1.0, -1, 0.5)
(6, 3, 1.0, -1, 0.5)
(7, 2, 1.0, -1, 0.5)
(8, 2, 1.0, -1, 0.5)
(9, 5, 1.0, -1, 0.5)
-
(0, (30,78), (60,66))
(1, (27,88), (3,51))
(2, (94,9), (40,62))
(3, (23,82), (16,42))
(4, (72,84), (82,3))
(5, (33,30), (20,71))
(6, (97,11), (55,5))
(7, (13,32), (19,69))
(8, (61,30), (25,51))
(9, (19,94), (66,56))
