100
(79, 13)
(80, 13)
(81, 13)
(3, 14)
(4, 14)
(5, 14)
(79, 14)
(80, 14)
(81, 14)
(3, 15)
(4, 15)
(5, 15)
(79, 15)
(80, 15)
(81, 15)
(3, 16)
(4, 16)
(5, 16)
(79, 16)
(80, 16)
(81, 16)
(95, 17)
(96, 17)
(97, 17)
(95, 18)
(96, 18)
(97, 18)
(95, 19)
(96, 19)
(97, 19)
(95, 20)
(96, 20)
(97, 20)
(95, 21)
(96, 21)
(97, 21)
(2, 31)
(3, 31)
(4, 31)
(5, 31)
(2, 32)
(3, 32)
(4, 32)
(5, 32)
(2, 33)
(3, 33)
(4, 33)
(5, 33)
(2, 34)
(3, 34)
(4, 34)
(5, 34)
(2, 35)
(3, 35)
(4, 35)
(5, 35)
(25, 36)
(26, 36)
(27, 36)
(28, 36)
(29, 36)
(25, 37)
(26, 37)
(27, 37)
(28, 37)
(29, 37)
(60, 37)
(61, 37)
(62, 37)
(63, 37)
(25, 38)
(26, 38)
(27, 38)
(28, 38)
(29, 38)
(60, 38)
(61, 38)
(62, 38)
(63, 38)
(60, 39)
(61, 39)
(62, 39)
(63, 39)
(8, 42)
(9, 42)
(10, 42)
(8, 43)
(9, 43)
(10, 43)
(8, 44)
(9, 44)
(10, 44)
(10, 61)
(11, 61)
(12, 61)
(13, 61)
(14, 61)
(10, 62)
(11, 62)
(12, 62)
(13, 62)
(14, 62)
(10, 63)
(11, 63)
(12, 63)
(13, 63)
(14, 63)
(24, 64)
(25, 64)
(26, 64)
(27, 64)
(24, 65)
(25, 65)
(26, 65)
(27, 65)
(24, 66)
(25, 66)
(26, 66)
(27, 66)
(52, 87)
(53, 87)
(54, 87)
(55, 87)
(52, 88)
(53, 88)
(54, 88)
(55, 88)
(52, 89)
(53, 89)
(54, 89)
(55, 89)
(52, 90)
(53, 90)
(54, 90)
(55, 90)
(52, 91)
(53, 91)
(54, 91)
(55, 91)
-
(0, 2, 1.0, -1, 0.5)
(1, 5, 1.0, -1, 0.5)
(2, 3, 1.0, -1, 0.5)
(3, 4, 1.0, -1, 0.5)
(4, 1, 1.0, -1, 0.5)
(5, 2, 1.0, -1, 0.5)
(6, 5, 1.0, -1, 0.5)
(7, 1, 1.0, -1, 0.5)
(8, 4, 1.0, -1, 0.5)
(9, 3, 1.0, -1, 0.5)
-
(0, (35,8), (11,52))
(1, (57,78), (11,70))
(2, (40,46), (97,42))
(3, (28,89), (73,39))
(4, (92,24), (15,67))
(5, (81,74), (6,52))
(6, (84,0), (20,10))
(7, (66,73), (93,86))
(8, (76,33), (52,1))
(9, (50,5), (31,29))
