100
(43, 1)
(44, 1)
(45, 1)
(46, 1)
(78, 1)
(79, 1)
(80, 1)
(81, 1)
(83, 1)
(84, 1)
(85, 1)
(86, 1)
(87, 1)
(43, 2)
(44, 2)
(45, 2)
(46, 2)
(78, 2)
(79, 2)
(80, 2)
(81, 2)
(83, 2)
(84, 2)
(85, 2)
(86, 2)
(87, 2)
(43, 3)
(44, 3)
(45, 3)
(46, 3)
(78, 3)
(79, 3)
(80, 3)
(81, 3)
(83, 3)
(84, 3)
(85, 3)
(86, 3)
(87, 3)
(43, 4)
(44, 4)
(45, 4)
(46, 4)
(78, 4)
(79, 4)
(80, 4)
(81, 4)
(83, 4)
(84, 4)
(85, 4)
(86, 4)
(87, 4)
(62, 5)
(63, 5)
(64, 5)
(65, 5)
(66, 5)
(78, 5)
(79, 5)
(80, 5)
(81, 5)
(83, 5)
(84, 5)
(85, 5)
(86, 5)
(87, 5)
(62, 6)
(63, 6)
(64, 6)
(65, 6)
(66, 6)
(62, 7)
(63, 7)
(64, 7)
(65, 7)
(66, 7)
(7, 12)
(8, 12)
(9, 12)
(10, 12)
(79, 12)
(80, 12)
(81, 12)
(7, 13)
(8, 13)
(9, 13)
(10, 13)
(59, 13)
(60, 13)
(61, 13)
(62, 13)
(63, 13)
(79, 13)
(80, 13)
(81, 13)
(7, 14)
(8, 14)
(9, 14)
(10, 14)
(59, 14)
(60, 14)
(61, 14)
(62, 14)
(63, 14)
(79, 14)
(80, 14)
(81, 14)
(59, 15)
(60, 15)
(61, 15)
(62, 15)
(63, 15)
(79, 15)
(80, 15)
(81, 15)
(59, 16)
(60, 16)
(61, 16)
(62, 16)
(63, 16)
(44, 17)
(45, 17)
(46, 17)
(47, 17)
(59, 17)
(60, 17)
(61, 17)
(62, 17)
(63, 17)
(44, 18)
(45, 18)
(46, 18)
(47, 18)
(44, 19)
(45, 19)
(46, 19)
(47, 19)
(51, 19)
(52, 19)
(53, 19)
(54, 19)
(55, 19)
(44, 20)
(45, 20)
(46, 20)
(47, 20)
(51, 20)
(52, 20)
(53, 20)
(54, 20)
(55, 20)
(51, 21)
(52, 21)
(53, 21)
(54, 21)
(55, 21)
(6, 22)
(7, 22)
(8, 22)
(9, 22)
(51, 22)
(52, 22)
(53, 22)
(54, 22)
(55, 22)
(6, 23)
(7, 23)
(8, 23)
(9, 23)
(45, 23)
(46, 23)
(47, 23)
(48, 23)
(49, 23)
(61, 23)
(62, 23)
(63, 23)
(64, 23)
(65, 23)
(6, 24)
(7, 24)
(8, 24)
(9, 24)
(45, 24)
(46, 24)
(47, 24)
(48, 24)
(49, 24)
(61, 24)
(62, 24)
(63, 24)
(64, 24)
(65, 24)
(6, 25)
(7, 25)
(8, 25)
(9, 25)
(45, 25)
(46, 25)
(47, 25)
(48, 25)
(49, 25)
(61, 25)
(62, 25)
(63, 25)
(64, 25)
(65, 25)
(6, 26)
(7, 26)
(8, 26)
(9, 26)
(45, 26)
(46, 26)
(47, 26)
(48, 26)
(49, 26)
(77, 32)
(78, 32)
(79, 32)
(80, 32)
(81, 32)
(77, 33)
(78, 33)
(79, 33)
(80, 33)
(81, 33)
(77, 34)
(78, 34)
(79, 34)
(80, 34)
(81, 34)
(60, 37)
(61, 37)
(62, 37)
(63, 37)
(16, 38)
(17, 38)
(18, 38)
(19, 38)
(32, 38)
(33, 38)
(34, 38)
(35, 38)
(36, 38)
(60, 38)
(61, 38)
(62, 38)
(63, 38)
(16, 39)
(17, 39)
(18, 39)
(19, 39)
(32, 39)
(33, 39)
(34, 39)
(35, 39)
(36, 39)
(60, 39)
(61, 39)
(62, 39)
(63, 39)
(16, 40)
(17, 40)
(18, 40)
(19, 40)
(25, 40)
(26, 40)
(27, 40)
(28, 40)
(29, 40)
(32, 40)
(33, 40)
(34, 40)
(35, 40)
(36, 40)
(16, 41)
(17, 41)
(18, 41)
(19, 41)
(25, 41)
(26, 41)
(27, 41)
(28, 41)
(29, 41)
(32, 41)
(33, 41)
(34, 41)
(35, 41)
(36, 41)
(25, 42)
(26, 42)
(27, 42)
(28, 42)
(29, 42)
(32, 42)
(33, 42)
(34, 42)
(35, 42)
(36, 42)
(75, 48)
(76, 48)
(77, 48)
(65, 49)
(66, 49)
(67, 49)
(68, 49)
(75, 49)
(76, 49)
(77, 49)
(65, 50)
(66, 50)
(67, 50)
(68, 50)
(75, 50)
(76, 50)
(77, 50)
(65, 51)
(66, 51)
(67, 51)
(68, 51)
(34, 54)
(35, 54)
(36, 54)
(37, 54)
(34, 55)
(35, 55)
(36, 55)
(37, 55)
(26, 56)
(27, 56)
(28, 56)
(29, 56)
(34, 56)
(35, 56)
(36, 56)
(37, 56)
(26, 57)
(27, 57)
(28, 57)
(29, 57)
(26, 58)
(27, 58)
(28, 58)
(29, 58)
(26, 59)
(27, 59)
(28, 59)
(29, 59)
(26, 60)
(27, 60)
(28, 60)
(29, 60)
(90, 61)
(91, 61)
(92, 61)
(93, 61)
(94, 61)
(90, 62)
(91, 62)
(92, 62)
(93, 62)
(94, 62)
(90, 63)
(91, 63)
(92, 63)
(93, 63)
(94, 63)
(80, 64)
(81, 64)
(82, 64)
(83, 64)
(90, 64)
(91, 64)
(92, 64)
(93, 64)
(94, 64)
(80, 65)
(81, 65)
(82, 65)
(83, 65)
(6, 66)
(7, 66)
(8, 66)
(80, 66)
(81, 66)
(82, 66)
(83, 66)
(6, 67)
(7, 67)
(8, 67)
(51, 67)
(52, 67)
(53, 67)
(6, 68)
(7, 68)
(8, 68)
(51, 68)
(52, 68)
(53, 68)
(6, 69)
(7, 69)
(8, 69)
(51, 69)
(52, 69)
(53, 69)
(6, 70)
(7, 70)
(8, 70)
(51, 70)
(52, 70)
(53, 70)
(51, 71)
(52, 71)
(53, 71)
(57, 73)
(58, 73)
(59, 73)
(60, 73)
(61, 73)
(57, 74)
(58, 74)
(59, 74)
(60, 74)
(61, 74)
(57, 75)
(58, 75)
(59, 75)
(60, 75)
(61, 75)
(57, 76)
(58, 76)
(59, 76)
(60, 76)
(61, 76)
(1, 81)
(2, 81)
(3, 81)
(4, 81)
(5, 81)
(7, 81)
(8, 81)
(9, 81)
(1, 82)
(2, 82)
(3, 82)
(4, 82)
(5, 82)
(7, 82)
(8, 82)
(9, 82)
(1, 83)
(2, 83)
(3, 83)
(4, 83)
(5, 83)
(7, 83)
(8, 83)
(9, 83)
(7, 84)
(8, 84)
(9, 84)
(15, 90)
(16, 90)
(17, 90)
(18, 90)
(15, 91)
(16, 91)
(17, 91)
(18, 91)
(15, 92)
(16, 92)
(17, 92)
(18, 92)
(15, 93)
(16, 93)
(17, 93)
(18, 93)
(7, 94)
(8, 94)
(9, 94)
(10, 94)
(11, 94)
(15, 94)
(16, 94)
(17, 94)
(18, 94)
(7, 95)
(8, 95)
(9, 95)
(10, 95)
(11, 95)
(7, 96)
(8, 96)
(9, 96)
(10, 96)
(11, 96)
(7, 97)
(8, 97)
(9, 97)
(10, 97)
(11, 97)
-
(0, 4, 1.0, -1, 0.5)
(1, 3, 1.0, -1, 0.5)
(2, 2, 1.0, -1, 0.5)
(3, 3, 1.0, -1, 0.5)
(4, 5, 1.0, -1, 0.5)
(5, 4, 1.0, -1, 0.5)
(6, 1, 1.0, -1, 0.5)
(7, 2, 1.0, -1, 0.5)
(8, 5, 1.0, -1, 0.5)
(9, 1, 1.0, -1, 0.5)
-
(0, (15,83), (7,52))
(1, (16,78), (46,86))
(2, (21,54), (66,40))
(3, (48,66), (13,14))
(4, (74,84), (89,43))
(5, (37,16), (82,10))
(6, (18,12), (72,66))
(7, (77,35), (25,85))
(8, (20,69), (90,20))
(9, (20,80), (63,76))
