100
(20, 3)
(21, 3)
(22, 3)
(23, 3)
(52, 3)
(53, 3)
(54, 3)
(93, 3)
(94, 3)
(95, 3)
(96, 3)
(97, 3)
(20, 4)
(21, 4)
(22, 4)
(23, 4)
(27, 4)
(28, 4)
(29, 4)
(52, 4)
(53, 4)
(54, 4)
(93, 4)
(94, 4)
(95, 4)
(96, 4)
(97, 4)
(20, 5)
(21, 5)
(22, 5)
(23, 5)
(27, 5)
(28, 5)
(29, 5)
(52, 5)
(53, 5)
(54, 5)
(93, 5)
(94, 5)
(95, 5)
(96, 5)
(97, 5)
(20, 6)
(21, 6)
(22, 6)
(23, 6)
(27, 6)
(28, 6)
(29, 6)
(43, 6)
(44, 6)
(45, 6)
(46, 6)
(47, 6)
(52, 6)
(53, 6)
(54, 6)
(27, 7)
(28, 7)
(29, 7)
(43, 7)
(44, 7)
(45, 7)
(46, 7)
(47, 7)
(48, 7)
(49, 7)
(50, 7)
(51, 7)
(52, 7)
(53, 7)
(54, 7)
(1, 8)
(2, 8)
(3, 8)
(27, 8)
(28, 8)
(29, 8)
(43, 8)
(44, 8)
(45, 8)
(46, 8)
(47, 8)
(48, 8)
(49, 8)
(50, 8)
(51, 8)
(71, 8)
(72, 8)
(73, 8)
(1, 9)
(2, 9)
(3, 9)
(48, 9)
(49, 9)
(50, 9)
(51, 9)
(71, 9)
(72, 9)
(73, 9)
(1, 10)
(2, 10)
(3, 10)
(48, 10)
(49, 10)
(50, 10)
(51, 10)
(71, 10)
(72, 10)
(73, 10)
(1, 11)
(2, 11)
(3, 11)
(37, 11)
(38, 11)
(39, 11)
(40, 11)
(37, 12)
(38, 12)
(39, 12)
(40, 12)
(62, 12)
(63, 12)
(64, 12)
(65, 12)
(66, 12)
(37, 13)
(38, 13)
(39, 13)
(40, 13)
(62, 13)
(63, 13)
(64, 13)
(65, 13)
(66, 13)
(37, 14)
(38, 14)
(39, 14)
(40, 14)
(44, 14)
(45, 14)
(46, 14)
(47, 14)
(62, 14)
(63, 14)
(64, 14)
(65, 14)
(66, 14)
(74, 14)
(75, 14)
(76, 14)
(77, 14)
(78, 14)
(79, 14)
(80, 14)
(81, 14)
(16, 15)
(17, 15)
(18, 15)
(19, 15)
(37, 15)
(38, 15)
(39, 15)
(40, 15)
(44, 15)
(45, 15)
(46, 15)
(47, 15)
(62, 15)
(63, 15)
(64, 15)
(65, 15)
(66, 15)
(74, 15)
(75, 15)
(76, 15)
(77, 15)
(78, 15)
(79, 15)
(80, 15)
(81, 15)
(88, 15)
(89, 15)
(90, 15)
(91, 15)
(92, 15)
(16, 16)
(17, 16)
(18, 16)
(19, 16)
(44, 16)
(45, 16)
(46, 16)
(47, 16)
(62, 16)
(63, 16)
(64, 16)
(65, 16)
(66, 16)
(74, 16)
(75, 16)
(76, 16)
(77, 16)
(78, 16)
(79, 16)
(80, 16)
(81, 16)
(88, 16)
(89, 16)
(90, 16)
(91, 16)
(92, 16)
(16, 17)
(17, 17)
(18, 17)
(19, 17)
(44, 17)
(45, 17)
(46, 17)
(47, 17)
(77, 17)
(78, 17)
(79, 17)
(80, 17)
(81, 17)
(88, 17)
(89, 17)
(90, 17)
(91, 17)
(92, 17)
(16, 18)
(17, 18)
(18, 18)
(19, 18)
(77, 18)
(78, 18)
(79, 18)
(80, 18)
(81, 18)
(88, 18)
(89, 18)
(90, 18)
(91, 18)
(92, 18)
(16, 19)
(17, 19)
(18, 19)
(19, 19)
(64, 19)
(65, 19)
(66, 19)
(67, 19)
(68, 19)
(19, 20)
(20, 20)
(21, 20)
(22, 20)
(64, 20)
(65, 20)
(66, 20)
(67, 20)
(68, 20)
(19, 21)
(20, 21)
(21, 21)
(22, 21)
(64, 21)
(65, 21)
(66, 21)
(67, 21)
(68, 21)
(76, 21)
(77, 21)
(78, 21)
(19, 22)
(20, 22)
(21, 22)
(22, 22)
(65, 22)
(66, 22)
(67, 22)
(68, 22)
(69, 22)
(76, 22)
(77, 22)
(78, 22)
(85, 22)
(86, 22)
(87, 22)
(88, 22)
(65, 23)
(66, 23)
(67, 23)
(68, 23)
(69, 23)
(76, 23)
(77, 23)
(78, 23)
(85, 23)
(86, 23)
(87, 23)
(88, 23)
(43, 24)
(44, 24)
(45, 24)
(46, 24)
(54, 24)
(55, 24)
(56, 24)
(57, 24)
(58, 24)
(65, 24)
(66, 24)
(67, 24)
(68, 24)
(69, 24)
(76, 24)
(77, 24)
(78, 24)
(85, 24)
(86, 24)
(87, 24)
(88, 24)
(43, 25)
(44, 25)
(45, 25)
(46, 25)
(54, 25)
(55, 25)
(56, 25)
(57, 25)
(58, 25)
(76, 25)
(77, 25)
(78, 25)
(85, 25)
(86, 25)
(87, 25)
(88, 25)
(93, 25)
(94, 25)
(95, 25)
(96, 25)
(40, 26)
(41, 26)
(42, 26)
(43, 26)
(44, 26)
(45, 26)
(46, 26)
(54, 26)
(55, 26)
(56, 26)
(57, 26)
(58, 26)
(79, 26)
(80, 26)
(81, 26)
(82, 26)
(85, 26)
(86, 26)
(87, 26)
(88, 26)
(93, 26)
(94, 26)
(95, 26)
(96, 26)
(15, 27)
(16, 27)
(17, 27)
(40, 27)
(41, 27)
(42, 27)
(54, 27)
(55, 27)
(56, 27)
(57, 27)
(58, 27)
(79, 27)
(80, 27)
(81, 27)
(82, 27)
(93, 27)
(94, 27)
(95, 27)
(96, 27)
(15, 28)
(16, 28)
(17, 28)
(40, 28)
(41, 28)
(42, 28)
(73, 28)
(74, 28)
(75, 28)
(76, 28)
(79, 28)
(80, 28)
(81, 28)
(82, 28)
(93, 28)
(94, 28)
(95, 28)
(96, 28)
(15, 29)
(16, 29)
(17, 29)
(40, 29)
(41, 29)
(42, 29)
(73, 29)
(74, 29)
(75, 29)
(76, 29)
(79, 29)
(80, 29)
(81, 29)
(82, 29)
(5, 30)
(6, 30)
(7, 30)
(8, 30)
(73, 30)
(74, 30)
(75, 30)
(76, 30)
(79, 30)
(80, 30)
(81, 30)
(82, 30)
(5, 31)
(6, 31)
(7, 31)
(8, 31)
(49, 31)
(50, 31)
(51, 31)
(52, 31)
(73, 31)
(74, 31)
(75, 31)
(76, 31)
(5, 32)
(6, 32)
(7, 32)
(8, 32)
(49, 32)
(50, 32)
(51, 32)
(52, 32)
(5, 33)
(6, 33)
(7, 33)
(8, 33)
(34, 33)
(35, 33)
(36, 33)
(49, 33)
(50, 33)
(51, 33)
(52, 33)
(34, 34)
(35, 34)
(36, 34)
(34, 35)
(35, 35)
(36, 35)
(84, 35)
(85, 35)
(86, 35)
(87, 35)
(84, 36)
(85, 36)
(86, 36)
(87, 36)
(96, 36)
(97, 36)
(98, 36)
(17, 37)
(18, 37)
(19, 37)
(20, 37)
(21, 37)
(42, 37)
(43, 37)
(44, 37)
(84, 37)
(85, 37)
(86, 37)
(87, 37)
(96, 37)
(97, 37)
(98, 37)
(17, 38)
(18, 38)
(19, 38)
(20, 38)
(21, 38)
(42, 38)
(43, 38)
(44, 38)
(63, 38)
(64, 38)
(65, 38)
(66, 38)
(67, 38)
(84, 38)
(85, 38)
(86, 38)
(87, 38)
(96, 38)
(97, 38)
(98, 38)
(2, 39)
(3, 39)
(4, 39)
(5, 39)
(6, 39)
(8, 39)
(9, 39)
(10, 39)
(11, 39)
(12, 39)
(17, 39)
(18, 39)
(19, 39)
(20, 39)
(21, 39)
(39, 39)
(40, 39)
(41, 39)
(42, 39)
(43, 39)
(44, 39)
(63, 39)
(64, 39)
(65, 39)
(66, 39)
(67, 39)
(96, 39)
(97, 39)
(98, 39)
(2, 40)
(3, 40)
(4, 40)
(5, 40)
(6, 40)
(8, 40)
(9, 40)
(10, 40)
(11, 40)
(12, 40)
(17, 40)
(18, 40)
(19, 40)
(20, 40)
(21, 40)
(39, 40)
(40, 40)
(41, 40)
(42, 40)
(43, 40)
(44, 40)
(60, 40)
(61, 40)
(62, 40)
(63, 40)
(64, 40)
(65, 40)
(66, 40)
(67, 40)
(2, 41)
(3, 41)
(4, 41)
(5, 41)
(6, 41)
(8, 41)
(9, 41)
(10, 41)
(11, 41)
(12, 41)
(17, 41)
(18, 41)
(19, 41)
(20, 41)
(21, 41)
(39, 41)
(40, 41)
(41, 41)
(42, 41)
(43, 41)
(44, 41)
(60, 41)
(61, 41)
(62, 41)
(63, 41)
(64, 41)
(65, 41)
(66, 41)
(67, 41)
(85, 41)
(86, 41)
(87, 41)
(88, 41)
(89, 41)
(8, 42)
(9, 42)
(10, 42)
(11, 42)
(12, 42)
(39, 42)
(40, 42)
(41, 42)
(60, 42)
(61, 42)
(62, 42)
(85, 42)
(86, 42)
(87, 42)
(88, 42)
(89, 42)
(39, 43)
(40, 43)
(41, 43)
(60, 43)
(61, 43)
(62, 43)
(85, 43)
(86, 43)
(87, 43)
(88, 43)
(89, 43)
(85, 44)
(86, 44)
(87, 44)
(88, 44)
(89, 44)
(3, 45)
(4, 45)
(5, 45)
(21, 45)
(22, 45)
(23, 45)
(24, 45)
(25, 45)
(71, 45)
(72, 45)
(73, 45)
(74, 45)
(3, 46)
(4, 46)
(5, 46)
(21, 46)
(22, 46)
(23, 46)
(24, 46)
(25, 46)
(71, 46)
(72, 46)
(73, 46)
(74, 46)
(3, 47)
(4, 47)
(5, 47)
(21, 47)
(22, 47)
(23, 47)
(24, 47)
(25, 47)
(71, 47)
(72, 47)
(73, 47)
(74, 47)
(3, 48)
(4, 48)
(5, 48)
(21, 48)
(22, 48)
(23, 48)
(24, 48)
(25, 48)
(33, 48)
(34, 48)
(35, 48)
(36, 48)
(37, 48)
(3, 49)
(4, 49)
(5, 49)
(33, 49)
(34, 49)
(35, 49)
(36, 49)
(37, 49)
(39, 49)
(40, 49)
(41, 49)
(87, 49)
(88, 49)
(89, 49)
(90, 49)
(91, 49)
(33, 50)
(34, 50)
(35, 50)
(36, 50)
(37, 50)
(39, 50)
(40, 50)
(41, 50)
(75, 50)
(76, 50)
(77, 50)
(78, 50)
(83, 50)
(84, 50)
(85, 50)
(86, 50)
(87, 50)
(88, 50)
(89, 50)
(90, 50)
(91, 50)
(1, 51)
(2, 51)
(3, 51)
(19, 51)
(20, 51)
(21, 51)
(22, 51)
(23, 51)
(26, 51)
(27, 51)
(28, 51)
(29, 51)
(30, 51)
(33, 51)
(34, 51)
(35, 51)
(36, 51)
(37, 51)
(39, 51)
(40, 51)
(41, 51)
(51, 51)
(52, 51)
(53, 51)
(75, 51)
(76, 51)
(77, 51)
(78, 51)
(83, 51)
(84, 51)
(85, 51)
(86, 51)
(87, 51)
(88, 51)
(89, 51)
(90, 51)
(91, 51)
(1, 52)
(2, 52)
(3, 52)
(19, 52)
(20, 52)
(21, 52)
(22, 52)
(23, 52)
(26, 52)
(27, 52)
(28, 52)
(29, 52)
(30, 52)
(39, 52)
(40, 52)
(41, 52)
(51, 52)
(52, 52)
(53, 52)
(75, 52)
(76, 52)
(77, 52)
(78, 52)
(83, 52)
(84, 52)
(85, 52)
(86, 52)
(87, 52)
(88, 52)
(89, 52)
(90, 52)
(91, 52)
(1, 53)
(2, 53)
(3, 53)
(19, 53)
(20, 53)
(21, 53)
(22, 53)
(23, 53)
(26, 53)
(27, 53)
(28, 53)
(29, 53)
(30, 53)
(39, 53)
(40, 53)
(41, 53)
(51, 53)
(52, 53)
(53, 53)
(69, 53)
(70, 53)
(71, 53)
(72, 53)
(73, 53)
(75, 53)
(76, 53)
(77, 53)
(78, 53)
(83, 53)
(84, 53)
(85, 53)
(86, 53)
(87, 53)
(88, 53)
(89, 53)
(90, 53)
(91, 53)
(19, 54)
(20, 54)
(21, 54)
(22, 54)
(23, 54)
(26, 54)
(27, 54)
(28, 54)
(29, 54)
(30, 54)
(51, 54)
(52, 54)
(53, 54)
(57, 54)
(58, 54)
(59, 54)
(69, 54)
(70, 54)
(71, 54)
(72, 54)
(73, 54)
(83, 54)
(84, 54)
(85, 54)
(86, 54)
(19, 55)
(20, 55)
(21, 55)
(22, 55)
(23, 55)
(26, 55)
(27, 55)
(28, 55)
(29, 55)
(30, 55)
(51, 55)
(52, 55)
(53, 55)
(57, 55)
(58, 55)
(59, 55)
(69, 55)
(70, 55)
(71, 55)
(72, 55)
(73, 55)
(89, 55)
(90, 55)
(91, 55)
(92, 55)
(57, 56)
(58, 56)
(59, 56)
(69, 56)
(70, 56)
(71, 56)
(72, 56)
(73, 56)
(89, 56)
(90, 56)
(91, 56)
(92, 56)
(57, 57)
(58, 57)
(59, 57)
(89, 57)
(90, 57)
(91, 57)
(92, 57)
(89, 58)
(90, 58)
(91, 58)
(92, 58)
(38, 59)
(39, 59)
(40, 59)
(41, 59)
(46, 59)
(47, 59)
(48, 59)
(49, 59)
(50, 59)
(38, 60)
(39, 60)
(40, 60)
(41, 60)
(46, 60)
(47, 60)
(48, 60)
(49, 60)
(50, 60)
(1, 61)
(2, 61)
(3, 61)
(38, 61)
(39, 61)
(40, 61)
(41, 61)
(46, 61)
(47, 61)
(48, 61)
(49, 61)
(50, 61)
(1, 62)
(2, 62)
(3, 62)
(38, 62)
(39, 62)
(40, 62)
(41, 62)
(1, 63)
(2, 63)
(3, 63)
(1, 64)
(2, 64)
(3, 64)
(22, 64)
(23, 64)
(24, 64)
(25, 64)
(26, 64)
(59, 64)
(60, 64)
(61, 64)
(62, 64)
(63, 64)
(22, 65)
(23, 65)
(24, 65)
(25, 65)
(26, 65)
(59, 65)
(60, 65)
(61, 65)
(62, 65)
(63, 65)
(22, 66)
(23, 66)
(24, 66)
(25, 66)
(26, 66)
(59, 66)
(60, 66)
(61, 66)
(62, 66)
(63, 66)
(22, 67)
(23, 67)
(24, 67)
(25, 67)
(26, 67)
(59, 67)
(60, 67)
(61, 67)
(62, 67)
(63, 67)
(68, 67)
(69, 67)
(70, 67)
(71, 67)
(72, 67)
(59, 68)
(60, 68)
(61, 68)
(62, 68)
(63, 68)
(68, 68)
(69, 68)
(70, 68)
(71, 68)
(72, 68)
(57, 69)
(58, 69)
(59, 69)
(60, 69)
(61, 69)
(68, 69)
(69, 69)
(70, 69)
(71, 69)
(72, 69)
(13, 70)
(14, 70)
(15, 70)
(57, 70)
(58, 70)
(59, 70)
(60, 70)
(61, 70)
(13, 71)
(14, 71)
(15, 71)
(50, 71)
(51, 71)
(52, 71)
(57, 71)
(58, 71)
(59, 71)
(60, 71)
(61, 71)
(13, 72)
(14, 72)
(15, 72)
(38, 72)
(39, 72)
(40, 72)
(41, 72)
(42, 72)
(50, 72)
(51, 72)
(52, 72)
(57, 72)
(58, 72)
(59, 72)
(60, 72)
(61, 72)
(95, 72)
(96, 72)
(97, 72)
(98, 72)
(6, 73)
(7, 73)
(8, 73)
(9, 73)
(10, 73)
(13, 73)
(14, 73)
(15, 73)
(38, 73)
(39, 73)
(40, 73)
(41, 73)
(42, 73)
(50, 73)
(51, 73)
(52, 73)
(57, 73)
(58, 73)
(59, 73)
(60, 73)
(61, 73)
(95, 73)
(96, 73)
(97, 73)
(98, 73)
(6, 74)
(7, 74)
(8, 74)
(9, 74)
(10, 74)
(13, 74)
(14, 74)
(15, 74)
(38, 74)
(39, 74)
(40, 74)
(41, 74)
(42, 74)
(95, 74)
(96, 74)
(97, 74)
(98, 74)
(6, 75)
(7, 75)
(8, 75)
(9, 75)
(10, 75)
(6, 76)
(7, 76)
(8, 76)
(9, 76)
(10, 76)
(16, 77)
(17, 77)
(18, 77)
(19, 77)
(16, 78)
(17, 78)
(18, 78)
(19, 78)
(16, 79)
(17, 79)
(18, 79)
(19, 79)
(19, 80)
(20, 80)
(21, 80)
(22, 80)
(23, 80)
(19, 81)
(20, 81)
(21, 81)
(22, 81)
(23, 81)
(43, 81)
(44, 81)
(45, 81)
(46, 81)
(47, 81)
(19, 82)
(20, 82)
(21, 82)
(22, 82)
(23, 82)
(43, 82)
(44, 82)
(45, 82)
(46, 82)
(47, 82)
(19, 83)
(20, 83)
(21, 83)
(22, 83)
(23, 83)
(43, 83)
(44, 83)
(45, 83)
(46, 83)
(47, 83)
(11, 84)
(12, 84)
(13, 84)
(14, 84)
(15, 84)
(19, 84)
(20, 84)
(21, 84)
(22, 84)
(23, 84)
(43, 84)
(44, 84)
(45, 84)
(46, 84)
(47, 84)
(68, 84)
(69, 84)
(70, 84)
(11, 85)
(12, 85)
(13, 85)
(14, 85)
(15, 85)
(25, 85)
(26, 85)
(27, 85)
(43, 85)
(44, 85)
(45, 85)
(46, 85)
(47, 85)
(68, 85)
(69, 85)
(70, 85)
(11, 86)
(12, 86)
(13, 86)
(14, 86)
(15, 86)
(25, 86)
(26, 86)
(27, 86)
(68, 86)
(69, 86)
(70, 86)
(88, 86)
(89, 86)
(90, 86)
(91, 86)
(92, 86)
(97, 86)
(98, 86)
(99, 86)
(0, 87)
(1, 87)
(2, 87)
(3, 87)
(4, 87)
(25, 87)
(26, 87)
(27, 87)
(68, 87)
(69, 87)
(70, 87)
(83, 87)
(84, 87)
(85, 87)
(86, 87)
(87, 87)
(88, 87)
(89, 87)
(90, 87)
(91, 87)
(92, 87)
(97, 87)
(98, 87)
(99, 87)
(0, 88)
(1, 88)
(2, 88)
(3, 88)
(4, 88)
(25, 88)
(26, 88)
(27, 88)
(36, 88)
(37, 88)
(38, 88)
(39, 88)
(40, 88)
(68, 88)
(69, 88)
(70, 88)
(83, 88)
(84, 88)
(85, 88)
(86, 88)
(87, 88)
(88, 88)
(89, 88)
(90, 88)
(91, 88)
(92, 88)
(97, 88)
(98, 88)
(99, 88)
(0, 89)
(1, 89)
(2, 89)
(3, 89)
(4, 89)
(31, 89)
(32, 89)
(33, 89)
(34, 89)
(35, 89)
(36, 89)
(37, 89)
(38, 89)
(39, 89)
(40, 89)
(83, 89)
(84, 89)
(85, 89)
(86, 89)
(87, 89)
(88, 89)
(89, 89)
(90, 89)
(91, 89)
(92, 89)
(0, 90)
(1, 90)
(2, 90)
(3, 90)
(4, 90)
(31, 90)
(32, 90)
(33, 90)
(34, 90)
(35, 90)
(36, 90)
(37, 90)
(38, 90)
(39, 90)
(40, 90)
(88, 90)
(89, 90)
(90, 90)
(91, 90)
(92, 90)
(0, 91)
(1, 91)
(2, 91)
(3, 91)
(4, 91)
(31, 91)
(32, 91)
(33, 91)
(34, 91)
(35, 91)
(36, 91)
(37, 91)
(38, 91)
(39, 91)
(40, 91)
(90, 92)
(91, 92)
(92, 92)
(93, 92)
(94, 92)
(90, 93)
(91, 93)
(92, 93)
(93, 93)
(94, 93)
(27, 94)
(28, 94)
(29, 94)
(30, 94)
(90, 94)
(91, 94)
(92, 94)
(93, 94)
(94, 94)
(12, 95)
(13, 95)
(14, 95)
(15, 95)
(27, 95)
(28, 95)
(29, 95)
(30, 95)
(38, 95)
(39, 95)
(40, 95)
(49, 95)
(50, 95)
(51, 95)
(52, 95)
(90, 95)
(91, 95)
(92, 95)
(93, 95)
(94, 95)
(12, 96)
(13, 96)
(14, 96)
(15, 96)
(27, 96)
(28, 96)
(29, 96)
(30, 96)
(38, 96)
(39, 96)
(40, 96)
(49, 96)
(50, 96)
(51, 96)
(52, 96)
(84, 96)
(85, 96)
(86, 96)
(87, 96)
(88, 96)
(90, 96)
(91, 96)
(92, 96)
(93, 96)
(94, 96)
(12, 97)
(13, 97)
(14, 97)
(15, 97)
(38, 97)
(39, 97)
(40, 97)
(49, 97)
(50, 97)
(51, 97)
(52, 97)
(84, 97)
(85, 97)
(86, 97)
(87, 97)
(88, 97)
(12, 98)
(13, 98)
(14, 98)
(15, 98)
(49, 98)
(50, 98)
(51, 98)
(52, 98)
(84, 98)
(85, 98)
(86, 98)
(87, 98)
(88, 98)
(84, 99)
(85, 99)
(86, 99)
(87, 99)
(88, 99)
-
(0, 2, 1.0, -1, 0.5)
(1, 1, 1.0, -1, 0.5)
(2, 2, 1.0, -1, 0.5)
(3, 4, 1.0, -1, 0.5)
(4, 3, 1.0, -1, 0.5)
(5, 4, 1.0, -1, 0.5)
(6, 1, 1.0, -1, 0.5)
(7, 3, 1.0, -1, 0.5)
(8, 5, 1.0, -1, 0.5)
(9, 5, 1.0, -1, 0.5)
-
(0, (49,40), (38,98))
(1, (33,29), (80,31))
(2, (71,96), (19,45))
(3, (54,93), (45,54))
(4, (61,56), (13,39))
(5, (39,2), (44,76))
(6, (92,40), (57,65))
(7, (0,0), (47,27))
(8, (6,15), (18,92))
(9, (66,44), (5,23))
