100
(24, 2)
(25, 2)
(26, 2)
(27, 2)
(24, 3)
(25, 3)
(26, 3)
(27, 3)
(24, 4)
(25, 4)
(26, 4)
(27, 4)
(10, 5)
(11, 5)
(12, 5)
(13, 5)
(14, 5)
(22, 5)
(23, 5)
(24, 5)
(25, 5)
(26, 5)
(10, 6)
(11, 6)
(12, 6)
(13, 6)
(14, 6)
(22, 6)
(23, 6)
(24, 6)
(25, 6)
(26, 6)
(10, 7)
(11, 7)
(12, 7)
(13, 7)
(14, 7)
(22, 7)
(23, 7)
(24, 7)
(25, 7)
(26, 7)
(10, 8)
(11, 8)
(12, 8)
(13, 8)
(14, 8)
(66, 8)
(67, 8)
(68, 8)
(69, 8)
(66, 9)
(67, 9)
(68, 9)
(69, 9)
(66, 10)
(67, 10)
(68, 10)
(69, 10)
(58, 11)
(59, 11)
(60, 11)
(66, 11)
(67, 11)
(68, 11)
(69, 11)
(58, 12)
(59, 12)
(60, 12)
(58, 13)
(59, 13)
(60, 13)
(58, 14)
(59, 14)
(60, 14)
(31, 15)
(32, 15)
(33, 15)
(31, 16)
(32, 16)
(33, 16)
(31, 17)
(32, 17)
(33, 17)
(31, 18)
(32, 18)
(33, 18)
(76, 18)
(77, 18)
(78, 18)
(79, 18)
(80, 18)
(31, 19)
(32, 19)
(33, 19)
(76, 19)
(77, 19)
(78, 19)
(79, 19)
(80, 19)
(76, 20)
(77, 20)
(78, 20)
(79, 20)
(80, 20)
(76, 21)
(77, 21)
(78, 21)
(79, 21)
(80, 21)
(80, 26)
(81, 26)
(82, 26)
(83, 26)
(84, 26)
(80, 27)
(81, 27)
(82, 27)
(83, 27)
(84, 27)
(80, 28)
(81, 28)
(82, 28)
(83, 28)
(84, 28)
(91, 30)
(92, 30)
(93, 30)
(25, 31)
(26, 31)
(27, 31)
(28, 31)
(29, 31)
(64, 31)
(65, 31)
(66, 31)
(67, 31)
(68, 31)
(86, 31)
(87, 31)
(88, 31)
(89, 31)
(90, 31)
(91, 31)
(92, 31)
(93, 31)
(25, 32)
(26, 32)
(27, 32)
(28, 32)
(29, 32)
(64, 32)
(65, 32)
(66, 32)
(67, 32)
(68, 32)
(86, 32)
(87, 32)
(88, 32)
(89, 32)
(90, 32)
(91, 32)
(92, 32)
(93, 32)
(25, 33)
(26, 33)
(27, 33)
(28, 33)
(29, 33)
(64, 33)
(65, 33)
(66, 33)
(67, 33)
(68, 33)
(86, 33)
(87, 33)
(88, 33)
(89, 33)
(90, 33)
(64, 34)
(65, 34)
(66, 34)
(67, 34)
(68, 34)
(86, 34)
(87, 34)
(88, 34)
(89, 34)
(90, 34)
(64, 35)
(65, 35)
(66, 35)
(67, 35)
(68, 35)
(86, 35)
(87, 35)
(88, 35)
(89, 35)
(90, 35)
(71, 38)
(72, 38)
(73, 38)
(74, 38)
(71, 39)
(72, 39)
(73, 39)
(74, 39)
(71, 40)
(72, 40)
(73, 40)
(74, 40)
(75, 40)
(76, 40)
(77, 40)
(10, 41)
(11, 41)
(12, 41)
(71, 41)
(72, 41)
(73, 41)
(74, 41)
(75, 41)
(76, 41)
(77, 41)
(10, 42)
(11, 42)
(12, 42)
(71, 42)
(72, 42)
(73, 42)
(74, 42)
(75, 42)
(76, 42)
(77, 42)
(10, 43)
(11, 43)
(12, 43)
(37, 43)
(38, 43)
(39, 43)
(40, 43)
(41, 43)
(10, 44)
(11, 44)
(12, 44)
(37, 44)
(38, 44)
(39, 44)
(40, 44)
(41, 44)
(37, 45)
(38, 45)
(39, 45)
(40, 45)
(41, 45)
(37, 46)
(38, 46)
(39, 46)
(40, 46)
(41, 46)
(79, 46)
(80, 46)
(81, 46)
(82, 46)
(37, 47)
(38, 47)
(39, 47)
(40, 47)
(41, 47)
(44, 47)
(45, 47)
(46, 47)
(79, 47)
(80, 47)
(81, 47)
(82, 47)
(24, 48)
(25, 48)
(26, 48)
(44, 48)
(45, 48)
(46, 48)
(79, 48)
(80, 48)
(81, 48)
(82, 48)
(17, 49)
(18, 49)
(19, 49)
(20, 49)
(21, 49)
(24, 49)
(25, 49)
(26, 49)
(44, 49)
(45, 49)
(46, 49)
(71, 49)
(72, 49)
(73, 49)
(79, 49)
(80, 49)
(81, 49)
(82, 49)
(17, 50)
(18, 50)
(19, 50)
(20, 50)
(21, 50)
(24, 50)
(25, 50)
(26, 50)
(71, 50)
(72, 50)
(73, 50)
(79, 50)
(80, 50)
(81, 50)
(82, 50)
(17, 51)
(18, 51)
(19, 51)
(20, 51)
(21, 51)
(71, 51)
(72, 51)
(73, 51)
(17, 52)
(18, 52)
(19, 52)
(20, 52)
(21, 52)
(45, 52)
(46, 52)
(47, 52)
(48, 52)
(49, 52)
(45, 53)
(46, 53)
(47, 53)
(48, 53)
(49, 53)
(45, 54)
(46, 54)
(47, 54)
(48, 54)
(49, 54)
(45, 55)
(46, 55)
(47, 55)
(48, 55)
(49, 55)
(22, 67)
(23, 67)
(24, 67)
(95, 67)
(96, 67)
(97, 67)
(22, 68)
(23, 68)
(24, 68)
(95, 68)
(96, 68)
(97, 68)
(22, 69)
(23, 69)
(24, 69)
(95, 69)
(96, 69)
(97, 69)
(22, 70)
(23, 70)
(24, 70)
(22, 71)
(23, 71)
(24, 71)
(44, 72)
(45, 72)
(46, 72)
(47, 72)
(44, 73)
(45, 73)
(46, 73)
(47, 73)
(44, 74)
(45, 74)
(46, 74)
(47, 74)
(44, 75)
(45, 75)
(46, 75)
(47, 75)
(88, 76)
(89, 76)
(90, 76)
(91, 76)
(88, 77)
(89, 77)
(90, 77)
(91, 77)
(88, 78)
(89, 78)
(90, 78)
(91, 78)
(25, 79)
(26, 79)
(27, 79)
(88, 79)
(89, 79)
(90, 79)
(91, 79)
(25, 80)
(26, 80)
(27, 80)
(65, 80)
(66, 80)
(67, 80)
(68, 80)
(25, 81)
(26, 81)
(27, 81)
(65, 81)
(66, 81)
(67, 81)
(68, 81)
(14, 82)
(15, 82)
(16, 82)
(17, 82)
(25, 82)
(26, 82)
(27, 82)
(65, 82)
(66, 82)
(67, 82)
(68, 82)
(14, 83)
(15, 83)
(16, 83)
(17, 83)
(65, 83)
(66, 83)
(67, 83)
(68, 83)
(14, 84)
(15, 84)
(16, 84)
(17, 84)
(71, 85)
(72, 85)
(73, 85)
(74, 85)
(75, 85)
(39, 86)
(40, 86)
(41, 86)
(42, 86)
(43, 86)
(71, 86)
(72, 86)
(73, 86)
(74, 86)
(75, 86)
(39, 87)
(40, 87)
(41, 87)
(42, 87)
(43, 87)
(71, 87)
(72, 87)
(73, 87)
(74, 87)
(75, 87)
(27, 88)
(28, 88)
(29, 88)
(30, 88)
(31, 88)
(39, 88)
(40, 88)
(41, 88)
(42, 88)
(43, 88)
(65, 88)
(66, 88)
(67, 88)
(68, 88)
(69, 88)
(71, 88)
(72, 88)
(73, 88)
(74, 88)
(75, 88)
(27, 89)
(28, 89)
(29, 89)
(30, 89)
(31, 89)
(65, 89)
(66, 89)
(67, 89)
(68, 89)
(69, 89)
(27, 90)
(28, 90)
(29, 90)
(30, 90)
(31, 90)
(65, 90)
(66, 90)
(67, 90)
(68, 90)
(69, 90)
(39, 91)
(40, 91)
(41, 91)
(65, 91)
(66, 91)
(67, 91)
(68, 91)
(69, 91)
(39, 92)
(40, 92)
(41, 92)
(65, 92)
(66, 92)
(67, 92)
(68, 92)
(69, 92)
(80, 92)
(81, 92)
(82, 92)
(83, 92)
(39, 93)
(40, 93)
(41, 93)
(80, 93)
(81, 93)
(82, 93)
(83, 93)
(39, 94)
(40, 94)
(41, 94)
(80, 94)
(81, 94)
(82, 94)
(83, 94)
-
(0, 1, 1.0, -1, 0.5)
(1, 2, 1.0, -1, 0.5)
(2, 3, 1.0, -1, 0.5)
(3, 5, 1.0, -1, 0.5)
(4, 4, 1.0, -1, 0.5)
(5, 2, 1.0, -1, 0.5)
(6, 4, 1.0, -1, 0.5)
(7, 1, 1.0, -1, 0.5)
(8, 3, 1.0, -1, 0.5)
(9, 5, 1.0, -1, 0.5)
-
(0, (84,61), (17,77))
(1, (45,37), (80,63))
(2, (6,54), (86,93))
(3, (28,93), (94,23))
(4, (42,12), (27,57))
(5, (52,77), (30,4))
(6, (49,72), (17,87))
(7, (18,43), (43,19))
(8, (48,2), (10,1))
(9, (71,28), (47,7))
