100
(81, 0)
(82, 0)
(83, 0)
(84, 0)
(85, 0)
(33, 1)
(34, 1)
(35, 1)
(36, 1)
(37, 1)
(81, 1)
(82, 1)
(83, 1)
(84, 1)
(85, 1)
(33, 2)
(34, 2)
(35, 2)
(36, 2)
(37, 2)
(81, 2)
(82, 2)
(83, 2)
(84, 2)
(85, 2)
(33, 3)
(34, 3)
(35, 3)
(36, 3)
(37, 3)
(33, 4)
(34, 4)
(35, 4)
(36, 4)
(37, 4)
(24, 5)
(25, 5)
(26, 5)
(27, 5)
(28, 5)
(73, 5)
(74, 5)
(75, 5)
(24, 6)
(25, 6)
(26, 6)
(27, 6)
(28, 6)
(45, 6)
(46, 6)
(47, 6)
(48, 6)
(49, 6)
(73, 6)
(74, 6)
(75, 6)
(24, 7)
(25, 7)
(26, 7)
(27, 7)
(28, 7)
(45, 7)
(46, 7)
(47, 7)
(48, 7)
(49, 7)
(73, 7)
(74, 7)
(75, 7)
(24, 8)
(25, 8)
(26, 8)
(27, 8)
(28, 8)
(45, 8)
(46, 8)
(47, 8)
(48, 8)
(49, 8)
(65, 8)
(66, 8)
(67, 8)
(13, 9)
(14, 9)
(15, 9)
(16, 9)
(65, 9)
(66, 9)
(67, 9)
(73, 9)
(74, 9)
(75, 9)
(13, 10)
(14, 10)
(15, 10)
(16, 10)
(25, 10)
(26, 10)
(27, 10)
(65, 10)
(66, 10)
(67, 10)
(73, 10)
(74, 10)
(75, 10)
(13, 11)
(14, 11)
(15, 11)
(16, 11)
(25, 11)
(26, 11)
(27, 11)
(73, 11)
(74, 11)
(75, 11)
(13, 12)
(14, 12)
(15, 12)
(16, 12)
(25, 12)
(26, 12)
(27, 12)
(48, 12)
(49, 12)
(50, 12)
(51, 12)
(52, 12)
(64, 12)
(65, 12)
(66, 12)
(67, 12)
(16, 13)
(17, 13)
(18, 13)
(19, 13)
(20, 13)
(48, 13)
(49, 13)
(50, 13)
(51, 13)
(52, 13)
(64, 13)
(65, 13)
(66, 13)
(67, 13)
(82, 13)
(83, 13)
(84, 13)
(85, 13)
(86, 13)
(16, 14)
(17, 14)
(18, 14)
(19, 14)
(20, 14)
(48, 14)
(49, 14)
(50, 14)
(51, 14)
(52, 14)
(64, 14)
(65, 14)
(66, 14)
(67, 14)
(82, 14)
(83, 14)
(84, 14)
(85, 14)
(86, 14)
(16, 15)
(17, 15)
(18, 15)
(19, 15)
(20, 15)
(41, 15)
(42, 15)
(43, 15)
(48, 15)
(49, 15)
(50, 15)
(51, 15)
(52, 15)
(82, 15)
(83, 15)
(84, 15)
(85, 15)
(86, 15)
(16, 16)
(17, 16)
(18, 16)
(19, 16)
(20, 16)
(30, 16)
(31, 16)
(32, 16)
(33, 16)
(34, 16)
(41, 16)
(42, 16)
(43, 16)
(48, 16)
(49, 16)
(50, 16)
(51, 16)
(52, 16)
(82, 16)
(83, 16)
(84, 16)
(85, 16)
(86, 16)
(16, 17)
(17, 17)
(18, 17)
(19, 17)
(20, 17)
(30, 17)
(31, 17)
(32, 17)
(33, 17)
(34, 17)
(41, 17)
(42, 17)
(43, 17)
(82, 17)
(83, 17)
(84, 17)
(85, 17)
(86, 17)
(30, 18)
(31, 18)
(32, 18)
(33, 18)
(34, 18)
(55, 18)
(56, 18)
(57, 18)
(58, 18)
(59, 18)
(55, 19)
(56, 19)
(57, 19)
(58, 19)
(59, 19)
(75, 19)
(76, 19)
(77, 19)
(78, 19)
(79, 19)
(84, 19)
(85, 19)
(86, 19)
(87, 19)
(88, 19)
(55, 20)
(56, 20)
(57, 20)
(58, 20)
(59, 20)
(75, 20)
(76, 20)
(77, 20)
(78, 20)
(79, 20)
(84, 20)
(85, 20)
(86, 20)
(87, 20)
(88, 20)
(55, 21)
(56, 21)
(57, 21)
(58, 21)
(59, 21)
(75, 21)
(76, 21)
(77, 21)
(78, 21)
(79, 21)
(84, 21)
(85, 21)
(86, 21)
(87, 21)
(88, 21)
(2, 22)
(3, 22)
(4, 22)
(32, 22)
(33, 22)
(34, 22)
(37, 22)
(38, 22)
(39, 22)
(40, 22)
(55, 22)
(56, 22)
(57, 22)
(58, 22)
(59, 22)
(75, 22)
(76, 22)
(77, 22)
(78, 22)
(79, 22)
(2, 23)
(3, 23)
(4, 23)
(32, 23)
(33, 23)
(34, 23)
(37, 23)
(38, 23)
(39, 23)
(40, 23)
(75, 23)
(76, 23)
(77, 23)
(78, 23)
(79, 23)
(2, 24)
(3, 24)
(4, 24)
(32, 24)
(33, 24)
(34, 24)
(37, 24)
(38, 24)
(39, 24)
(40, 24)
(32, 25)
(33, 25)
(34, 25)
(37, 25)
(38, 25)
(39, 25)
(40, 25)
(37, 26)
(38, 26)
(39, 26)
(40, 26)
(14, 28)
(15, 28)
(16, 28)
(17, 28)
(14, 29)
(15, 29)
(16, 29)
(17, 29)
(26, 29)
(27, 29)
(28, 29)
(59, 29)
(60, 29)
(61, 29)
(62, 29)
(14, 30)
(15, 30)
(16, 30)
(17, 30)
(26, 30)
(27, 30)
(28, 30)
(44, 30)
(45, 30)
(46, 30)
(47, 30)
(59, 30)
(60, 30)
(61, 30)
(62, 30)
(14, 31)
(15, 31)
(16, 31)
(17, 31)
(26, 31)
(27, 31)
(28, 31)
(44, 31)
(45, 31)
(46, 31)
(47, 31)
(59, 31)
(60, 31)
(61, 31)
(62, 31)
(26, 32)
(27, 32)
(28, 32)
(44, 32)
(45, 32)
(46, 32)
(47, 32)
(59, 32)
(60, 32)
(61, 32)
(62, 32)
(87, 32)
(88, 32)
(89, 32)
(0, 33)
(1, 33)
(2, 33)
(44, 33)
(45, 33)
(46, 33)
(47, 33)
(59, 33)
(60, 33)
(61, 33)
(62, 33)
(75, 33)
(76, 33)
(77, 33)
(87, 33)
(88, 33)
(89, 33)
(0, 34)
(1, 34)
(2, 34)
(27, 34)
(28, 34)
(29, 34)
(30, 34)
(31, 34)
(44, 34)
(45, 34)
(46, 34)
(47, 34)
(75, 34)
(76, 34)
(77, 34)
(87, 34)
(88, 34)
(89, 34)
(0, 35)
(1, 35)
(2, 35)
(27, 35)
(28, 35)
(29, 35)
(30, 35)
(31, 35)
(61, 35)
(62, 35)
(63, 35)
(75, 35)
(76, 35)
(77, 35)
(87, 35)
(88, 35)
(89, 35)
(0, 36)
(1, 36)
(2, 36)
(27, 36)
(28, 36)
(29, 36)
(30, 36)
(31, 36)
(61, 36)
(62, 36)
(63, 36)
(5, 37)
(6, 37)
(7, 37)
(8, 37)
(27, 37)
(28, 37)
(29, 37)
(30, 37)
(31, 37)
(61, 37)
(62, 37)
(63, 37)
(0, 38)
(1, 38)
(2, 38)
(5, 38)
(6, 38)
(7, 38)
(8, 38)
(27, 38)
(28, 38)
(29, 38)
(30, 38)
(31, 38)
(0, 39)
(1, 39)
(2, 39)
(5, 39)
(6, 39)
(7, 39)
(8, 39)
(0, 40)
(1, 40)
(2, 40)
(5, 40)
(6, 40)
(7, 40)
(8, 40)
(0, 41)
(1, 41)
(2, 41)
(5, 41)
(6, 41)
(7, 41)
(8, 41)
(24, 41)
(25, 41)
(26, 41)
(27, 41)
(0, 42)
(1, 42)
(2, 42)
(24, 42)
(25, 42)
(26, 42)
(27, 42)
(24, 43)
(25, 43)
(26, 43)
(27, 43)
(75, 45)
(76, 45)
(77, 45)
(78, 45)
(79, 45)
(16, 46)
(17, 46)
(18, 46)
(19, 46)
(75, 46)
(76, 46)
(77, 46)
(78, 46)
(79, 46)
(16, 47)
(17, 47)
(18, 47)
(19, 47)
(75, 47)
(76, 47)
(77, 47)
(78, 47)
(79, 47)
(3, 48)
(4, 48)
(5, 48)
(6, 48)
(7, 48)
(16, 48)
(17, 48)
(18, 48)
(19, 48)
(52, 48)
(53, 48)
(54, 48)
(75, 48)
(76, 48)
(77, 48)
(78, 48)
(79, 48)
(3, 49)
(4, 49)
(5, 49)
(6, 49)
(7, 49)
(16, 49)
(17, 49)
(18, 49)
(19, 49)
(52, 49)
(53, 49)
(54, 49)
(66, 49)
(67, 49)
(68, 49)
(69, 49)
(70, 49)
(3, 50)
(4, 50)
(5, 50)
(6, 50)
(7, 50)
(25, 50)
(26, 50)
(27, 50)
(28, 50)
(29, 50)
(34, 50)
(35, 50)
(36, 50)
(37, 50)
(52, 50)
(53, 50)
(54, 50)
(59, 50)
(60, 50)
(61, 50)
(62, 50)
(63, 50)
(66, 50)
(67, 50)
(68, 50)
(69, 50)
(70, 50)
(3, 51)
(4, 51)
(5, 51)
(6, 51)
(7, 51)
(25, 51)
(26, 51)
(27, 51)
(28, 51)
(29, 51)
(34, 51)
(35, 51)
(36, 51)
(37, 51)
(59, 51)
(60, 51)
(61, 51)
(62, 51)
(63, 51)
(66, 51)
(67, 51)
(68, 51)
(69, 51)
(70, 51)
(25, 52)
(26, 52)
(27, 52)
(28, 52)
(29, 52)
(34, 52)
(35, 52)
(36, 52)
(37, 52)
(59, 52)
(60, 52)
(61, 52)
(62, 52)
(63, 52)
(66, 52)
(67, 52)
(68, 52)
(69, 52)
(70, 52)
(25, 53)
(26, 53)
(27, 53)
(28, 53)
(29, 53)
(34, 53)
(35, 53)
(36, 53)
(37, 53)
(47, 53)
(48, 53)
(49, 53)
(50, 53)
(51, 53)
(59, 53)
(60, 53)
(61, 53)
(62, 53)
(63, 53)
(25, 54)
(26, 54)
(27, 54)
(28, 54)
(29, 54)
(47, 54)
(48, 54)
(49, 54)
(50, 54)
(51, 54)
(59, 54)
(60, 54)
(61, 54)
(62, 54)
(63, 54)
(47, 55)
(48, 55)
(49, 55)
(50, 55)
(51, 55)
(3, 56)
(4, 56)
(5, 56)
(6, 56)
(7, 56)
(3, 57)
(4, 57)
(5, 57)
(6, 57)
(7, 57)
(69, 57)
(70, 57)
(71, 57)
(3, 58)
(4, 58)
(5, 58)
(6, 58)
(7, 58)
(23, 58)
(24, 58)
(25, 58)
(69, 58)
(70, 58)
(71, 58)
(23, 59)
(24, 59)
(25, 59)
(64, 59)
(65, 59)
(66, 59)
(67, 59)
(68, 59)
(69, 59)
(70, 59)
(71, 59)
(19, 60)
(20, 60)
(21, 60)
(23, 60)
(24, 60)
(25, 60)
(43, 60)
(44, 60)
(45, 60)
(46, 60)
(64, 60)
(65, 60)
(66, 60)
(67, 60)
(68, 60)
(19, 61)
(20, 61)
(21, 61)
(23, 61)
(24, 61)
(25, 61)
(43, 61)
(44, 61)
(45, 61)
(46, 61)
(64, 61)
(65, 61)
(66, 61)
(67, 61)
(68, 61)
(19, 62)
(20, 62)
(21, 62)
(43, 62)
(44, 62)
(45, 62)
(46, 62)
(56, 62)
(57, 62)
(58, 62)
(59, 62)
(64, 62)
(65, 62)
(66, 62)
(67, 62)
(68, 62)
(19, 63)
(20, 63)
(21, 63)
(37, 63)
(38, 63)
(39, 63)
(40, 63)
(41, 63)
(56, 63)
(57, 63)
(58, 63)
(59, 63)
(19, 64)
(20, 64)
(21, 64)
(37, 64)
(38, 64)
(39, 64)
(40, 64)
(41, 64)
(45, 64)
(46, 64)
(47, 64)
(48, 64)
(56, 64)
(57, 64)
(58, 64)
(59, 64)
(87, 64)
(88, 64)
(89, 64)
(37, 65)
(38, 65)
(39, 65)
(40, 65)
(41, 65)
(45, 65)
(46, 65)
(47, 65)
(48, 65)
(56, 65)
(57, 65)
(58, 65)
(59, 65)
(87, 65)
(88, 65)
(89, 65)
(37, 66)
(38, 66)
(39, 66)
(40, 66)
(41, 66)
(45, 66)
(46, 66)
(47, 66)
(48, 66)
(52, 66)
(53, 66)
(54, 66)
(55, 66)
(56, 66)
(57, 66)
(58, 66)
(59, 66)
(87, 66)
(88, 66)
(89, 66)
(37, 67)
(38, 67)
(39, 67)
(40, 67)
(41, 67)
(45, 67)
(46, 67)
(47, 67)
(48, 67)
(52, 67)
(53, 67)
(54, 67)
(55, 67)
(52, 68)
(53, 68)
(54, 68)
(55, 68)
(97, 72)
(98, 72)
(99, 72)
(52, 73)
(53, 73)
(54, 73)
(55, 73)
(97, 73)
(98, 73)
(99, 73)
(52, 74)
(53, 74)
(54, 74)
(55, 74)
(97, 74)
(98, 74)
(99, 74)
(52, 75)
(53, 75)
(54, 75)
(55, 75)
(95, 75)
(96, 75)
(97, 75)
(98, 75)
(52, 76)
(53, 76)
(54, 76)
(55, 76)
(95, 76)
(96, 76)
(97, 76)
(98, 76)
(7, 77)
(8, 77)
(9, 77)
(52, 77)
(53, 77)
(54, 77)
(55, 77)
(95, 77)
(96, 77)
(97, 77)
(98, 77)
(7, 78)
(8, 78)
(9, 78)
(7, 79)
(8, 79)
(9, 79)
(13, 79)
(14, 79)
(15, 79)
(16, 79)
(17, 79)
(30, 79)
(31, 79)
(32, 79)
(33, 79)
(34, 79)
(51, 79)
(52, 79)
(53, 79)
(54, 79)
(55, 79)
(7, 80)
(8, 80)
(9, 80)
(13, 80)
(14, 80)
(15, 80)
(16, 80)
(17, 80)
(18, 80)
(19, 80)
(20, 80)
(21, 80)
(22, 80)
(30, 80)
(31, 80)
(32, 80)
(33, 80)
(34, 80)
(51, 80)
(52, 80)
(53, 80)
(54, 80)
(55, 80)
(13, 81)
(14, 81)
(15, 81)
(16, 81)
(17, 81)
(18, 81)
(19, 81)
(20, 81)
(21, 81)
(22, 81)
(30, 81)
(31, 81)
(32, 81)
(33, 81)
(34, 81)
(51, 81)
(52, 81)
(53, 81)
(54, 81)
(55, 81)
(76, 81)
(77, 81)
(78, 81)
(79, 81)
(80, 81)
(13, 82)
(14, 82)
(15, 82)
(16, 82)
(17, 82)
(18, 82)
(19, 82)
(20, 82)
(21, 82)
(22, 82)
(30, 82)
(31, 82)
(32, 82)
(33, 82)
(34, 82)
(76, 82)
(77, 82)
(78, 82)
(79, 82)
(80, 82)
(94, 82)
(95, 82)
(96, 82)
(97, 82)
(13, 83)
(14, 83)
(15, 83)
(16, 83)
(17, 83)
(18, 83)
(19, 83)
(20, 83)
(21, 83)
(22, 83)
(76, 83)
(77, 83)
(78, 83)
(79, 83)
(80, 83)
(94, 83)
(95, 83)
(96, 83)
(97, 83)
(33, 84)
(34, 84)
(35, 84)
(76, 84)
(77, 84)
(78, 84)
(79, 84)
(80, 84)
(94, 84)
(95, 84)
(96, 84)
(97, 84)
(33, 85)
(34, 85)
(35, 85)
(94, 85)
(95, 85)
(96, 85)
(97, 85)
(33, 86)
(34, 86)
(35, 86)
(67, 86)
(68, 86)
(69, 86)
(70, 86)
(71, 86)
(94, 86)
(95, 86)
(96, 86)
(97, 86)
(67, 87)
(68, 87)
(69, 87)
(70, 87)
(71, 87)
(89, 87)
(90, 87)
(91, 87)
(92, 87)
(67, 88)
(68, 88)
(69, 88)
(70, 88)
(71, 88)
(89, 88)
(90, 88)
(91, 88)
(92, 88)
(89, 89)
(90, 89)
(91, 89)
(92, 89)
(42, 90)
(43, 90)
(44, 90)
(60, 90)
(61, 90)
(62, 90)
(63, 90)
(64, 90)
(89, 90)
(90, 90)
(91, 90)
(92, 90)
(42, 91)
(43, 91)
(44, 91)
(60, 91)
(61, 91)
(62, 91)
(63, 91)
(64, 91)
(42, 92)
(43, 92)
(44, 92)
(60, 92)
(61, 92)
(62, 92)
(63, 92)
(64, 92)
(1, 93)
(2, 93)
(3, 93)
(42, 93)
(43, 93)
(44, 93)
(60, 93)
(61, 93)
(62, 93)
(63, 93)
(64, 93)
(68, 93)
(69, 93)
(70, 93)
(71, 93)
(88, 93)
(89, 93)
(90, 93)
(91, 93)
(1, 94)
(2, 94)
(3, 94)
(60, 94)
(61, 94)
(62, 94)
(63, 94)
(64, 94)
(68, 94)
(69, 94)
(70, 94)
(71, 94)
(88, 94)
(89, 94)
(90, 94)
(91, 94)
(1, 95)
(2, 95)
(3, 95)
(37, 95)
(38, 95)
(39, 95)
(40, 95)
(41, 95)
(68, 95)
(69, 95)
(70, 95)
(71, 95)
(88, 95)
(89, 95)
(90, 95)
(91, 95)
(1, 96)
(2, 96)
(3, 96)
(9, 96)
(10, 96)
(11, 96)
(12, 96)
(37, 96)
(38, 96)
(39, 96)
(40, 96)
(41, 96)
(68, 96)
(69, 96)
(70, 96)
(71, 96)
(88, 96)
(89, 96)
(90, 96)
(91, 96)
(1, 97)
(2, 97)
(3, 97)
(9, 97)
(10, 97)
(11, 97)
(12, 97)
(37, 97)
(38, 97)
(39, 97)
(40, 97)
(41, 97)
(68, 97)
(69, 97)
(70, 97)
(71, 97)
(79, 97)
(80, 97)
(81, 97)
(82, 97)
(83, 97)
(84, 97)
(85, 97)
(86, 97)
(87, 97)
(9, 98)
(10, 98)
(11, 98)
(12, 98)
(79, 98)
(80, 98)
(81, 98)
(82, 98)
(83, 98)
(84, 98)
(85, 98)
(86, 98)
(87, 98)
(79, 99)
(80, 99)
(81, 99)
(82, 99)
(83, 99)
(84, 99)
(85, 99)
(86, 99)
(87, 99)
-
(0, 4, 1.0, -1, 0.5)
(1, 1, 1.0, -1, 0.5)
(2, 4, 1.0, -1, 0.5)
(3, 3, 1.0, -1, 0.5)
(4, 1, 1.0, -1, 0.5)
(5, 5, 1.0, -1, 0.5)
(6, 3, 1.0, -1, 0.5)
(7, 2, 1.0, -1, 0.5)
(8, 5, 1.0, -1, 0.5)
(9, 2, 1.0, -1, 0.5)
-
(0, (52,3), (56,68))
(1, (56,67), (1,4))
(2, (69,80), (37,89))
(3, (43,50), (35,8))
(4, (93,81), (56,11))
(5, (39,34), (8,62))
(6, (92,2), (53,0))
(7, (46,97), (72,62))
(8, (66,17), (29,62))
(9, (88,69), (8,32))
