100
(64, 12)
(65, 12)
(66, 12)
(67, 12)
(64, 13)
(65, 13)
(66, 13)
(67, 13)
(64, 14)
(65, 14)
(66, 14)
(67, 14)
(59, 29)
(60, 29)
(61, 29)
(62, 29)
(59, 30)
(60, 30)
(61, 30)
(62, 30)
(59, 31)
(60, 31)
(61, 31)
(62, 31)
(59, 32)
(60, 32)
(61, 32)
(62, 32)
(59, 33)
(60, 33)
(61, 33)
(62, 33)
(61, 35)
(62, 35)
(63, 35)
(61, 36)
(62, 36)
(63, 36)
(5, 37)
(6, 37)
(7, 37)
(8, 37)
(61, 37)
(62, 37)
(63, 37)
(0, 38)
(1, 38)
(2, 38)
(5, 38)
(6, 38)
(7, 38)
(8, 38)
(0, 39)
(1, 39)
(2, 39)
(5, 39)
(6, 39)
(7, 39)
(8, 39)
(0, 40)
(1, 40)
(2, 40)
(5, 40)
(6, 40)
(7, 40)
(8, 40)
(0, 41)
(1, 41)
(2, 41)
(5, 41)
(6, 41)
(7, 41)
(8, 41)
(0, 42)
(1, 42)
(2, 42)
(3, 48)
(4, 48)
(5, 48)
(6, 48)
(7, 48)
(3, 49)
(4, 49)
(5, 49)
(6, 49)
(7, 49)
(3, 50)
(4, 50)
(5, 50)
(6, 50)
(7, 50)
(3, 51)
(4, 51)
(5, 51)
(6, 51)
(7, 51)
(37, 63)
(38, 63)
(39, 63)
(40, 63)
(41, 63)
(37, 64)
(38, 64)
(39, 64)
(40, 64)
(41, 64)
(37, 65)
(38, 65)
(39, 65)
(40, 65)
(41, 65)
(37, 66)
(38, 66)
(39, 66)
(40, 66)
(41, 66)
(37, 67)
(38, 67)
(39, 67)
(40, 67)
(41, 67)
(7, 77)
(8, 77)
(9, 77)
(7, 78)
(8, 78)
(9, 78)
(7, 79)
(8, 79)
(9, 79)
(7, 80)
(8, 80)
(9, 80)
(89, 87)
(90, 87)
(91, 87)
(92, 87)
(89, 88)
(90, 88)
(91, 88)
(92, 88)
(89, 89)
(90, 89)
(91, 89)
(92, 89)
(89, 90)
(90, 90)
(91, 90)
(92, 90)
(9, 96)
(10, 96)
(11, 96)
(12, 96)
(9, 97)
(10, 97)
(11, 97)
(12, 97)
(9, 98)
(10, 98)
(11, 98)
(12, 98)
-
(0, 4, 1.0, -1, 0.5)
(1, 1, 1.0, -1, 0.5)
(2, 4, 1.0, -1, 0.5)
(3, 3, 1.0, -1, 0.5)
(4, 1, 1.0, -1, 0.5)
(5, 5, 1.0, -1, 0.5)
(6, 3, 1.0, -1, 0.5)
(7, 2, 1.0, -1, 0.5)
(8, 5, 1.0, -1, 0.5)
(9, 2, 1.0, -1, 0.5)
-
(0, (52,3), (56,68))
(1, (56,67), (1,4))
(2, (69,80), (37,89))
(3, (43,50), (35,8))
(4, (93,81), (56,11))
(5, (39,34), (8,62))
(6, (92,2), (53,0))
(7, (46,97), (72,62))
(8, (66,17), (29,62))
(9, (88,69), (8,32))
