100
(75, 0)
(76, 0)
(77, 0)
(78, 0)
(79, 0)
(75, 1)
(76, 1)
(77, 1)
(78, 1)
(79, 1)
(68, 2)
(69, 2)
(70, 2)
(71, 2)
(72, 2)
(75, 2)
(76, 2)
(77, 2)
(78, 2)
(79, 2)
(68, 3)
(69, 3)
(70, 3)
(71, 3)
(72, 3)
(75, 3)
(76, 3)
(77, 3)
(78, 3)
(79, 3)
(95, 3)
(96, 3)
(97, 3)
(98, 3)
(99, 3)
(1, 4)
(2, 4)
(3, 4)
(68, 4)
(69, 4)
(70, 4)
(71, 4)
(72, 4)
(95, 4)
(96, 4)
(97, 4)
(98, 4)
(99, 4)
(1, 5)
(2, 5)
(3, 5)
(68, 5)
(69, 5)
(70, 5)
(71, 5)
(72, 5)
(95, 5)
(96, 5)
(97, 5)
(98, 5)
(99, 5)
(1, 6)
(2, 6)
(3, 6)
(51, 6)
(52, 6)
(53, 6)
(54, 6)
(55, 6)
(92, 6)
(93, 6)
(94, 6)
(95, 6)
(96, 6)
(97, 6)
(98, 6)
(99, 6)
(1, 7)
(2, 7)
(3, 7)
(51, 7)
(52, 7)
(53, 7)
(54, 7)
(55, 7)
(92, 7)
(93, 7)
(94, 7)
(1, 8)
(2, 8)
(3, 8)
(51, 8)
(52, 8)
(53, 8)
(54, 8)
(55, 8)
(75, 8)
(76, 8)
(77, 8)
(92, 8)
(93, 8)
(94, 8)
(12, 9)
(13, 9)
(14, 9)
(15, 9)
(42, 9)
(43, 9)
(44, 9)
(51, 9)
(52, 9)
(53, 9)
(54, 9)
(55, 9)
(59, 9)
(60, 9)
(61, 9)
(62, 9)
(63, 9)
(75, 9)
(76, 9)
(77, 9)
(12, 10)
(13, 10)
(14, 10)
(15, 10)
(42, 10)
(43, 10)
(44, 10)
(51, 10)
(52, 10)
(53, 10)
(54, 10)
(55, 10)
(59, 10)
(60, 10)
(61, 10)
(62, 10)
(63, 10)
(75, 10)
(76, 10)
(77, 10)
(6, 11)
(7, 11)
(8, 11)
(9, 11)
(10, 11)
(12, 11)
(13, 11)
(14, 11)
(15, 11)
(42, 11)
(43, 11)
(44, 11)
(59, 11)
(60, 11)
(61, 11)
(62, 11)
(63, 11)
(75, 11)
(76, 11)
(77, 11)
(6, 12)
(7, 12)
(8, 12)
(9, 12)
(10, 12)
(12, 12)
(13, 12)
(14, 12)
(15, 12)
(59, 12)
(60, 12)
(61, 12)
(62, 12)
(63, 12)
(6, 13)
(7, 13)
(8, 13)
(9, 13)
(10, 13)
(12, 13)
(13, 13)
(14, 13)
(15, 13)
(0, 16)
(1, 16)
(2, 16)
(3, 16)
(4, 16)
(87, 16)
(88, 16)
(89, 16)
(0, 17)
(1, 17)
(2, 17)
(3, 17)
(4, 17)
(48, 17)
(49, 17)
(50, 17)
(87, 17)
(88, 17)
(89, 17)
(0, 18)
(1, 18)
(2, 18)
(3, 18)
(4, 18)
(26, 18)
(27, 18)
(28, 18)
(29, 18)
(48, 18)
(49, 18)
(50, 18)
(62, 18)
(63, 18)
(64, 18)
(83, 18)
(84, 18)
(85, 18)
(86, 18)
(87, 18)
(88, 18)
(89, 18)
(0, 19)
(1, 19)
(2, 19)
(3, 19)
(4, 19)
(26, 19)
(27, 19)
(28, 19)
(29, 19)
(48, 19)
(49, 19)
(50, 19)
(62, 19)
(63, 19)
(64, 19)
(77, 19)
(78, 19)
(79, 19)
(80, 19)
(81, 19)
(83, 19)
(84, 19)
(85, 19)
(86, 19)
(87, 19)
(88, 19)
(89, 19)
(26, 20)
(27, 20)
(28, 20)
(29, 20)
(48, 20)
(49, 20)
(50, 20)
(62, 20)
(63, 20)
(64, 20)
(77, 20)
(78, 20)
(79, 20)
(80, 20)
(81, 20)
(83, 20)
(84, 20)
(85, 20)
(86, 20)
(87, 20)
(88, 20)
(89, 20)
(48, 21)
(49, 21)
(50, 21)
(77, 21)
(78, 21)
(79, 21)
(80, 21)
(81, 21)
(16, 22)
(17, 22)
(18, 22)
(20, 22)
(21, 22)
(22, 22)
(23, 22)
(24, 22)
(37, 22)
(38, 22)
(39, 22)
(40, 22)
(41, 22)
(77, 22)
(78, 22)
(79, 22)
(80, 22)
(81, 22)
(16, 23)
(17, 23)
(18, 23)
(20, 23)
(21, 23)
(22, 23)
(23, 23)
(24, 23)
(37, 23)
(38, 23)
(39, 23)
(40, 23)
(41, 23)
(16, 24)
(17, 24)
(18, 24)
(20, 24)
(21, 24)
(22, 24)
(23, 24)
(24, 24)
(37, 24)
(38, 24)
(39, 24)
(40, 24)
(41, 24)
(68, 24)
(69, 24)
(70, 24)
(71, 24)
(73, 24)
(74, 24)
(75, 24)
(76, 24)
(77, 24)
(6, 25)
(7, 25)
(8, 25)
(16, 25)
(17, 25)
(18, 25)
(20, 25)
(21, 25)
(22, 25)
(23, 25)
(24, 25)
(37, 25)
(38, 25)
(39, 25)
(40, 25)
(41, 25)
(68, 25)
(69, 25)
(70, 25)
(71, 25)
(73, 25)
(74, 25)
(75, 25)
(76, 25)
(77, 25)
(6, 26)
(7, 26)
(8, 26)
(37, 26)
(38, 26)
(39, 26)
(40, 26)
(41, 26)
(61, 26)
(62, 26)
(63, 26)
(64, 26)
(68, 26)
(69, 26)
(70, 26)
(71, 26)
(73, 26)
(74, 26)
(75, 26)
(76, 26)
(77, 26)
(6, 27)
(7, 27)
(8, 27)
(61, 27)
(62, 27)
(63, 27)
(64, 27)
(68, 27)
(69, 27)
(70, 27)
(71, 27)
(6, 28)
(7, 28)
(8, 28)
(61, 28)
(62, 28)
(63, 28)
(64, 28)
(6, 29)
(7, 29)
(8, 29)
(20, 29)
(21, 29)
(22, 29)
(23, 29)
(20, 30)
(21, 30)
(22, 30)
(23, 30)
(20, 31)
(21, 31)
(22, 31)
(23, 31)
(54, 31)
(55, 31)
(56, 31)
(57, 31)
(61, 31)
(62, 31)
(63, 31)
(4, 32)
(5, 32)
(6, 32)
(7, 32)
(8, 32)
(20, 32)
(21, 32)
(22, 32)
(23, 32)
(54, 32)
(55, 32)
(56, 32)
(57, 32)
(61, 32)
(62, 32)
(63, 32)
(80, 32)
(81, 32)
(82, 32)
(83, 32)
(4, 33)
(5, 33)
(6, 33)
(7, 33)
(8, 33)
(20, 33)
(21, 33)
(22, 33)
(23, 33)
(54, 33)
(55, 33)
(56, 33)
(57, 33)
(61, 33)
(62, 33)
(63, 33)
(70, 33)
(71, 33)
(72, 33)
(80, 33)
(81, 33)
(82, 33)
(83, 33)
(4, 34)
(5, 34)
(6, 34)
(7, 34)
(8, 34)
(43, 34)
(44, 34)
(45, 34)
(46, 34)
(54, 34)
(55, 34)
(56, 34)
(57, 34)
(61, 34)
(62, 34)
(63, 34)
(70, 34)
(71, 34)
(72, 34)
(80, 34)
(81, 34)
(82, 34)
(83, 34)
(4, 35)
(5, 35)
(6, 35)
(7, 35)
(8, 35)
(14, 35)
(15, 35)
(16, 35)
(17, 35)
(18, 35)
(43, 35)
(44, 35)
(45, 35)
(46, 35)
(62, 35)
(63, 35)
(64, 35)
(70, 35)
(71, 35)
(72, 35)
(80, 35)
(81, 35)
(82, 35)
(83, 35)
(14, 36)
(15, 36)
(16, 36)
(17, 36)
(18, 36)
(20, 36)
(21, 36)
(22, 36)
(23, 36)
(43, 36)
(44, 36)
(45, 36)
(46, 36)
(62, 36)
(63, 36)
(64, 36)
(70, 36)
(71, 36)
(72, 36)
(14, 37)
(15, 37)
(16, 37)
(17, 37)
(18, 37)
(20, 37)
(21, 37)
(22, 37)
(23, 37)
(30, 37)
(31, 37)
(32, 37)
(33, 37)
(34, 37)
(43, 37)
(44, 37)
(45, 37)
(46, 37)
(62, 37)
(63, 37)
(64, 37)
(70, 37)
(71, 37)
(72, 37)
(14, 38)
(15, 38)
(16, 38)
(17, 38)
(18, 38)
(20, 38)
(21, 38)
(22, 38)
(23, 38)
(30, 38)
(31, 38)
(32, 38)
(33, 38)
(34, 38)
(36, 38)
(37, 38)
(38, 38)
(42, 38)
(43, 38)
(44, 38)
(45, 38)
(84, 38)
(85, 38)
(86, 38)
(87, 38)
(88, 38)
(16, 39)
(17, 39)
(18, 39)
(20, 39)
(21, 39)
(22, 39)
(23, 39)
(30, 39)
(31, 39)
(32, 39)
(33, 39)
(34, 39)
(36, 39)
(37, 39)
(38, 39)
(42, 39)
(43, 39)
(44, 39)
(45, 39)
(84, 39)
(85, 39)
(86, 39)
(87, 39)
(88, 39)
(16, 40)
(17, 40)
(18, 40)
(20, 40)
(21, 40)
(22, 40)
(23, 40)
(30, 40)
(31, 40)
(32, 40)
(33, 40)
(34, 40)
(36, 40)
(37, 40)
(38, 40)
(42, 40)
(43, 40)
(44, 40)
(45, 40)
(47, 40)
(48, 40)
(49, 40)
(50, 40)
(84, 40)
(85, 40)
(86, 40)
(87, 40)
(88, 40)
(16, 41)
(17, 41)
(18, 41)
(47, 41)
(48, 41)
(49, 41)
(50, 41)
(96, 41)
(97, 41)
(98, 41)
(99, 41)
(47, 42)
(48, 42)
(49, 42)
(50, 42)
(85, 42)
(86, 42)
(87, 42)
(96, 42)
(97, 42)
(98, 42)
(99, 42)
(47, 43)
(48, 43)
(49, 43)
(50, 43)
(85, 43)
(86, 43)
(87, 43)
(96, 43)
(97, 43)
(98, 43)
(99, 43)
(3, 44)
(4, 44)
(5, 44)
(6, 44)
(7, 44)
(47, 44)
(48, 44)
(49, 44)
(50, 44)
(76, 44)
(77, 44)
(78, 44)
(79, 44)
(85, 44)
(86, 44)
(87, 44)
(96, 44)
(97, 44)
(98, 44)
(99, 44)
(3, 45)
(4, 45)
(5, 45)
(6, 45)
(7, 45)
(76, 45)
(77, 45)
(78, 45)
(79, 45)
(96, 45)
(97, 45)
(98, 45)
(99, 45)
(3, 46)
(4, 46)
(5, 46)
(6, 46)
(7, 46)
(76, 46)
(77, 46)
(78, 46)
(79, 46)
(3, 47)
(4, 47)
(5, 47)
(6, 47)
(7, 47)
(76, 47)
(77, 47)
(78, 47)
(79, 47)
(3, 48)
(4, 48)
(5, 48)
(6, 48)
(7, 48)
(7, 49)
(8, 49)
(9, 49)
(10, 49)
(11, 49)
(21, 49)
(22, 49)
(23, 49)
(7, 50)
(8, 50)
(9, 50)
(10, 50)
(11, 50)
(21, 50)
(22, 50)
(23, 50)
(72, 50)
(73, 50)
(74, 50)
(87, 50)
(88, 50)
(89, 50)
(90, 50)
(7, 51)
(8, 51)
(9, 51)
(10, 51)
(11, 51)
(21, 51)
(22, 51)
(23, 51)
(72, 51)
(73, 51)
(74, 51)
(87, 51)
(88, 51)
(89, 51)
(90, 51)
(72, 52)
(73, 52)
(74, 52)
(87, 52)
(88, 52)
(89, 52)
(90, 52)
(93, 52)
(94, 52)
(95, 52)
(96, 52)
(10, 53)
(11, 53)
(12, 53)
(13, 53)
(16, 53)
(17, 53)
(18, 53)
(72, 53)
(73, 53)
(74, 53)
(93, 53)
(94, 53)
(95, 53)
(96, 53)
(10, 54)
(11, 54)
(12, 54)
(13, 54)
(16, 54)
(17, 54)
(18, 54)
(72, 54)
(73, 54)
(74, 54)
(93, 54)
(94, 54)
(95, 54)
(96, 54)
(4, 55)
(5, 55)
(6, 55)
(7, 55)
(10, 55)
(11, 55)
(12, 55)
(13, 55)
(16, 55)
(17, 55)
(18, 55)
(93, 55)
(94, 55)
(95, 55)
(96, 55)
(4, 56)
(5, 56)
(6, 56)
(7, 56)
(10, 56)
(11, 56)
(12, 56)
(13, 56)
(16, 56)
(17, 56)
(18, 56)
(21, 56)
(22, 56)
(23, 56)
(24, 56)
(25, 56)
(73, 56)
(74, 56)
(75, 56)
(4, 57)
(5, 57)
(6, 57)
(7, 57)
(21, 57)
(22, 57)
(23, 57)
(24, 57)
(25, 57)
(73, 57)
(74, 57)
(75, 57)
(4, 58)
(5, 58)
(6, 58)
(7, 58)
(21, 58)
(22, 58)
(23, 58)
(24, 58)
(25, 58)
(73, 58)
(74, 58)
(75, 58)
(8, 59)
(9, 59)
(10, 59)
(21, 59)
(22, 59)
(23, 59)
(24, 59)
(25, 59)
(67, 59)
(68, 59)
(69, 59)
(70, 59)
(8, 60)
(9, 60)
(10, 60)
(55, 60)
(56, 60)
(57, 60)
(58, 60)
(67, 60)
(68, 60)
(69, 60)
(70, 60)
(8, 61)
(9, 61)
(10, 61)
(55, 61)
(56, 61)
(57, 61)
(58, 61)
(67, 61)
(68, 61)
(69, 61)
(70, 61)
(24, 62)
(25, 62)
(26, 62)
(27, 62)
(28, 62)
(55, 62)
(56, 62)
(57, 62)
(58, 62)
(62, 62)
(63, 62)
(64, 62)
(24, 63)
(25, 63)
(26, 63)
(27, 63)
(28, 63)
(36, 63)
(37, 63)
(38, 63)
(39, 63)
(62, 63)
(63, 63)
(64, 63)
(24, 64)
(25, 64)
(26, 64)
(27, 64)
(28, 64)
(36, 64)
(37, 64)
(38, 64)
(39, 64)
(62, 64)
(63, 64)
(64, 64)
(24, 65)
(25, 65)
(26, 65)
(27, 65)
(28, 65)
(36, 65)
(37, 65)
(38, 65)
(39, 65)
(62, 65)
(63, 65)
(64, 65)
(4, 66)
(5, 66)
(6, 66)
(7, 66)
(27, 66)
(28, 66)
(29, 66)
(30, 66)
(31, 66)
(36, 66)
(37, 66)
(38, 66)
(39, 66)
(49, 66)
(50, 66)
(51, 66)
(52, 66)
(53, 66)
(62, 66)
(63, 66)
(64, 66)
(1, 67)
(2, 67)
(3, 67)
(4, 67)
(5, 67)
(6, 67)
(7, 67)
(21, 67)
(22, 67)
(23, 67)
(27, 67)
(28, 67)
(29, 67)
(30, 67)
(31, 67)
(49, 67)
(50, 67)
(51, 67)
(52, 67)
(53, 67)
(1, 68)
(2, 68)
(3, 68)
(4, 68)
(5, 68)
(6, 68)
(7, 68)
(14, 68)
(15, 68)
(16, 68)
(17, 68)
(18, 68)
(21, 68)
(22, 68)
(23, 68)
(27, 68)
(28, 68)
(29, 68)
(30, 68)
(31, 68)
(49, 68)
(50, 68)
(51, 68)
(52, 68)
(53, 68)
(97, 68)
(98, 68)
(99, 68)
(1, 69)
(2, 69)
(3, 69)
(4, 69)
(5, 69)
(6, 69)
(7, 69)
(14, 69)
(15, 69)
(16, 69)
(17, 69)
(18, 69)
(21, 69)
(22, 69)
(23, 69)
(49, 69)
(50, 69)
(51, 69)
(52, 69)
(53, 69)
(97, 69)
(98, 69)
(99, 69)
(1, 70)
(2, 70)
(3, 70)
(14, 70)
(15, 70)
(16, 70)
(17, 70)
(18, 70)
(97, 70)
(98, 70)
(99, 70)
(14, 71)
(15, 71)
(16, 71)
(17, 71)
(18, 71)
(70, 71)
(71, 71)
(72, 71)
(73, 71)
(97, 71)
(98, 71)
(99, 71)
(53, 72)
(54, 72)
(55, 72)
(70, 72)
(71, 72)
(72, 72)
(73, 72)
(82, 72)
(83, 72)
(84, 72)
(85, 72)
(86, 72)
(97, 72)
(98, 72)
(99, 72)
(53, 73)
(54, 73)
(55, 73)
(70, 73)
(71, 73)
(72, 73)
(73, 73)
(82, 73)
(83, 73)
(84, 73)
(85, 73)
(86, 73)
(53, 74)
(54, 74)
(55, 74)
(70, 74)
(71, 74)
(72, 74)
(73, 74)
(82, 74)
(83, 74)
(84, 74)
(85, 74)
(86, 74)
(15, 75)
(16, 75)
(17, 75)
(70, 75)
(71, 75)
(72, 75)
(73, 75)
(82, 75)
(83, 75)
(84, 75)
(85, 75)
(86, 75)
(15, 76)
(16, 76)
(17, 76)
(19, 76)
(20, 76)
(21, 76)
(22, 76)
(23, 76)
(53, 76)
(54, 76)
(55, 76)
(56, 76)
(57, 76)
(82, 76)
(83, 76)
(84, 76)
(85, 76)
(86, 76)
(15, 77)
(16, 77)
(17, 77)
(19, 77)
(20, 77)
(21, 77)
(22, 77)
(23, 77)
(30, 77)
(31, 77)
(32, 77)
(33, 77)
(34, 77)
(53, 77)
(54, 77)
(55, 77)
(56, 77)
(57, 77)
(69, 77)
(70, 77)
(71, 77)
(84, 77)
(85, 77)
(86, 77)
(15, 78)
(16, 78)
(17, 78)
(19, 78)
(20, 78)
(21, 78)
(22, 78)
(23, 78)
(30, 78)
(31, 78)
(32, 78)
(33, 78)
(34, 78)
(53, 78)
(54, 78)
(55, 78)
(56, 78)
(57, 78)
(69, 78)
(70, 78)
(71, 78)
(84, 78)
(85, 78)
(86, 78)
(15, 79)
(16, 79)
(17, 79)
(19, 79)
(20, 79)
(21, 79)
(22, 79)
(23, 79)
(30, 79)
(31, 79)
(32, 79)
(33, 79)
(34, 79)
(53, 79)
(54, 79)
(55, 79)
(56, 79)
(57, 79)
(69, 79)
(70, 79)
(71, 79)
(84, 79)
(85, 79)
(86, 79)
(1, 80)
(2, 80)
(3, 80)
(4, 80)
(5, 80)
(1, 81)
(2, 81)
(3, 81)
(4, 81)
(5, 81)
(22, 81)
(23, 81)
(24, 81)
(25, 81)
(76, 81)
(77, 81)
(78, 81)
(79, 81)
(1, 82)
(2, 82)
(3, 82)
(4, 82)
(5, 82)
(22, 82)
(23, 82)
(24, 82)
(25, 82)
(53, 82)
(54, 82)
(55, 82)
(56, 82)
(76, 82)
(77, 82)
(78, 82)
(79, 82)
(1, 83)
(2, 83)
(3, 83)
(4, 83)
(5, 83)
(12, 83)
(13, 83)
(14, 83)
(15, 83)
(16, 83)
(22, 83)
(23, 83)
(24, 83)
(25, 83)
(53, 83)
(54, 83)
(55, 83)
(56, 83)
(76, 83)
(77, 83)
(78, 83)
(79, 83)
(1, 84)
(2, 84)
(3, 84)
(4, 84)
(5, 84)
(12, 84)
(13, 84)
(14, 84)
(15, 84)
(16, 84)
(22, 84)
(23, 84)
(24, 84)
(25, 84)
(53, 84)
(54, 84)
(55, 84)
(56, 84)
(76, 84)
(77, 84)
(78, 84)
(79, 84)
(87, 84)
(88, 84)
(89, 84)
(90, 84)
(91, 84)
(12, 85)
(13, 85)
(14, 85)
(15, 85)
(16, 85)
(28, 85)
(29, 85)
(30, 85)
(31, 85)
(53, 85)
(54, 85)
(55, 85)
(56, 85)
(80, 85)
(81, 85)
(82, 85)
(83, 85)
(84, 85)
(87, 85)
(88, 85)
(89, 85)
(90, 85)
(91, 85)
(12, 86)
(13, 86)
(14, 86)
(15, 86)
(16, 86)
(28, 86)
(29, 86)
(30, 86)
(31, 86)
(80, 86)
(81, 86)
(82, 86)
(83, 86)
(84, 86)
(87, 86)
(88, 86)
(89, 86)
(90, 86)
(91, 86)
(12, 87)
(13, 87)
(14, 87)
(15, 87)
(16, 87)
(28, 87)
(29, 87)
(30, 87)
(31, 87)
(42, 87)
(43, 87)
(44, 87)
(80, 87)
(81, 87)
(82, 87)
(83, 87)
(84, 87)
(87, 87)
(88, 87)
(89, 87)
(90, 87)
(91, 87)
(3, 88)
(4, 88)
(5, 88)
(42, 88)
(43, 88)
(44, 88)
(70, 88)
(71, 88)
(72, 88)
(73, 88)
(3, 89)
(4, 89)
(5, 89)
(42, 89)
(43, 89)
(44, 89)
(51, 89)
(52, 89)
(53, 89)
(70, 89)
(71, 89)
(72, 89)
(73, 89)
(3, 90)
(4, 90)
(5, 90)
(10, 90)
(11, 90)
(12, 90)
(13, 90)
(42, 90)
(43, 90)
(44, 90)
(51, 90)
(52, 90)
(53, 90)
(70, 90)
(71, 90)
(72, 90)
(73, 90)
(91, 90)
(92, 90)
(93, 90)
(10, 91)
(11, 91)
(12, 91)
(13, 91)
(51, 91)
(52, 91)
(53, 91)
(91, 91)
(92, 91)
(93, 91)
(10, 92)
(11, 92)
(12, 92)
(13, 92)
(51, 92)
(52, 92)
(53, 92)
(67, 92)
(68, 92)
(69, 92)
(70, 92)
(91, 92)
(92, 92)
(93, 92)
(10, 93)
(11, 93)
(12, 93)
(13, 93)
(67, 93)
(68, 93)
(69, 93)
(70, 93)
(91, 93)
(92, 93)
(93, 93)
(10, 94)
(11, 94)
(12, 94)
(13, 94)
(67, 94)
(68, 94)
(69, 94)
(70, 94)
(21, 95)
(22, 95)
(23, 95)
(24, 95)
(25, 95)
(31, 95)
(32, 95)
(33, 95)
(67, 95)
(68, 95)
(69, 95)
(70, 95)
(21, 96)
(22, 96)
(23, 96)
(24, 96)
(25, 96)
(31, 96)
(32, 96)
(33, 96)
(21, 97)
(22, 97)
(23, 97)
(24, 97)
(25, 97)
(31, 97)
(32, 97)
(33, 97)
(82, 97)
(83, 97)
(84, 97)
(85, 97)
(21, 98)
(22, 98)
(23, 98)
(24, 98)
(25, 98)
(31, 98)
(32, 98)
(33, 98)
(82, 98)
(83, 98)
(84, 98)
(85, 98)
(21, 99)
(22, 99)
(23, 99)
(24, 99)
(25, 99)
(31, 99)
(32, 99)
(33, 99)
(82, 99)
(83, 99)
(84, 99)
(85, 99)
-
(0, 3, 1.0, -1, 0.5)
(1, 4, 1.0, -1, 0.5)
(2, 1, 1.0, -1, 0.5)
(3, 5, 1.0, -1, 0.5)
(4, 1, 1.0, -1, 0.5)
(5, 2, 1.0, -1, 0.5)
(6, 3, 1.0, -1, 0.5)
(7, 4, 1.0, -1, 0.5)
(8, 5, 1.0, -1, 0.5)
(9, 2, 1.0, -1, 0.5)
-
(0, (13,95), (22,10))
(1, (93,32), (87,65))
(2, (3,0), (30,15))
(3, (16,13), (88,71))
(4, (32,35), (57,72))
(5, (28,5), (87,78))
(6, (47,7), (3,25))
(7, (64,47), (37,93))
(8, (32,57), (7,16))
(9, (93,22), (29,8))
