100
(2, 0)
(3, 0)
(4, 0)
(66, 0)
(67, 0)
(68, 0)
(2, 1)
(3, 1)
(4, 1)
(23, 1)
(24, 1)
(25, 1)
(26, 1)
(66, 1)
(67, 1)
(68, 1)
(2, 2)
(3, 2)
(4, 2)
(23, 2)
(24, 2)
(25, 2)
(26, 2)
(66, 2)
(67, 2)
(68, 2)
(23, 3)
(24, 3)
(25, 3)
(26, 3)
(66, 3)
(67, 3)
(68, 3)
(42, 5)
(43, 5)
(44, 5)
(45, 5)
(46, 5)
(42, 6)
(43, 6)
(44, 6)
(45, 6)
(46, 6)
(42, 7)
(43, 7)
(44, 7)
(45, 7)
(46, 7)
(82, 8)
(83, 8)
(84, 8)
(82, 9)
(83, 9)
(84, 9)
(94, 9)
(95, 9)
(96, 9)
(97, 9)
(82, 10)
(83, 10)
(84, 10)
(94, 10)
(95, 10)
(96, 10)
(97, 10)
(82, 11)
(83, 11)
(84, 11)
(94, 11)
(95, 11)
(96, 11)
(97, 11)
(82, 12)
(83, 12)
(84, 12)
(94, 12)
(95, 12)
(96, 12)
(97, 12)
(26, 15)
(27, 15)
(28, 15)
(26, 16)
(27, 16)
(28, 16)
(26, 17)
(27, 17)
(28, 17)
(26, 18)
(27, 18)
(28, 18)
(26, 19)
(27, 19)
(28, 19)
(18, 24)
(19, 24)
(20, 24)
(21, 24)
(22, 24)
(18, 25)
(19, 25)
(20, 25)
(21, 25)
(22, 25)
(18, 26)
(19, 26)
(20, 26)
(21, 26)
(22, 26)
(18, 27)
(19, 27)
(20, 27)
(21, 27)
(22, 27)
(18, 28)
(19, 28)
(20, 28)
(21, 28)
(22, 28)
(27, 46)
(28, 46)
(29, 46)
(30, 46)
(31, 46)
(27, 47)
(28, 47)
(29, 47)
(30, 47)
(31, 47)
(27, 48)
(28, 48)
(29, 48)
(30, 48)
(31, 48)
(78, 50)
(79, 50)
(80, 50)
(81, 50)
(21, 51)
(22, 51)
(23, 51)
(24, 51)
(78, 51)
(79, 51)
(80, 51)
(81, 51)
(21, 52)
(22, 52)
(23, 52)
(24, 52)
(74, 52)
(75, 52)
(76, 52)
(78, 52)
(79, 52)
(80, 52)
(81, 52)
(21, 53)
(22, 53)
(23, 53)
(24, 53)
(74, 53)
(75, 53)
(76, 53)
(78, 53)
(79, 53)
(80, 53)
(81, 53)
(21, 54)
(22, 54)
(23, 54)
(24, 54)
(74, 54)
(75, 54)
(76, 54)
(74, 55)
(75, 55)
(76, 55)
(74, 56)
(75, 56)
(76, 56)
(17, 64)
(18, 64)
(19, 64)
(20, 64)
(21, 64)
(17, 65)
(18, 65)
(19, 65)
(20, 65)
(21, 65)
(3, 66)
(4, 66)
(5, 66)
(6, 66)
(17, 66)
(18, 66)
(19, 66)
(20, 66)
(21, 66)
(3, 67)
(4, 67)
(5, 67)
(6, 67)
(17, 67)
(18, 67)
(19, 67)
(20, 67)
(21, 67)
(3, 68)
(4, 68)
(5, 68)
(6, 68)
(65, 79)
(66, 79)
(67, 79)
(65, 80)
(66, 80)
(67, 80)
(65, 81)
(66, 81)
(67, 81)
(3, 85)
(4, 85)
(5, 85)
(3, 86)
(4, 86)
(5, 86)
(3, 87)
(4, 87)
(5, 87)
(3, 88)
(4, 88)
(5, 88)
(3, 89)
(4, 89)
(5, 89)
(67, 92)
(68, 92)
(69, 92)
(96, 92)
(97, 92)
(98, 92)
(99, 92)
(67, 93)
(68, 93)
(69, 93)
(87, 93)
(88, 93)
(89, 93)
(96, 93)
(97, 93)
(98, 93)
(99, 93)
(67, 94)
(68, 94)
(69, 94)
(87, 94)
(88, 94)
(89, 94)
(96, 94)
(97, 94)
(98, 94)
(99, 94)
(54, 95)
(55, 95)
(56, 95)
(57, 95)
(58, 95)
(67, 95)
(68, 95)
(69, 95)
(87, 95)
(88, 95)
(89, 95)
(96, 95)
(97, 95)
(98, 95)
(99, 95)
(54, 96)
(55, 96)
(56, 96)
(57, 96)
(58, 96)
(67, 96)
(68, 96)
(69, 96)
(87, 96)
(88, 96)
(89, 96)
(96, 96)
(97, 96)
(98, 96)
(99, 96)
(54, 97)
(55, 97)
(56, 97)
(57, 97)
(58, 97)
(87, 97)
(88, 97)
(89, 97)
(54, 98)
(55, 98)
(56, 98)
(57, 98)
(58, 98)
(54, 99)
(55, 99)
(56, 99)
(57, 99)
(58, 99)
-
(0, 4, 1.0, -1, 0.5)
(1, 5, 1.0, -1, 0.5)
(2, 3, 1.0, -1, 0.5)
(3, 4, 1.0, -1, 0.5)
(4, 5, 1.0, -1, 0.5)
(5, 1, 1.0, -1, 0.5)
(6, 3, 1.0, -1, 0.5)
(7, 2, 1.0, -1, 0.5)
(8, 2, 1.0, -1, 0.5)
(9, 1, 1.0, -1, 0.5)
-
(0, (13,41), (53,7))
(1, (69,85), (79,28))
(2, (97,77), (27,11))
(3, (79,16), (5,59))
(4, (76,79), (70,15))
(5, (52,68), (19,0))
(6, (60,22), (81,92))
(7, (48,70), (10,18))
(8, (8,27), (52,33))
(9, (96,70), (28,52))
