100
(24, 2)
(25, 2)
(26, 2)
(27, 2)
(28, 2)
(24, 3)
(25, 3)
(26, 3)
(27, 3)
(28, 3)
(24, 4)
(25, 4)
(26, 4)
(27, 4)
(28, 4)
(82, 4)
(83, 4)
(84, 4)
(85, 4)
(86, 4)
(82, 5)
(83, 5)
(84, 5)
(85, 5)
(86, 5)
(82, 6)
(83, 6)
(84, 6)
(85, 6)
(86, 6)
(82, 7)
(83, 7)
(84, 7)
(85, 7)
(86, 7)
(82, 8)
(83, 8)
(84, 8)
(85, 8)
(86, 8)
(8, 12)
(9, 12)
(10, 12)
(11, 12)
(8, 13)
(9, 13)
(10, 13)
(11, 13)
(8, 14)
(9, 14)
(10, 14)
(11, 14)
(8, 15)
(9, 15)
(10, 15)
(11, 15)
(8, 16)
(9, 16)
(10, 16)
(11, 16)
(89, 17)
(90, 17)
(91, 17)
(92, 17)
(89, 18)
(90, 18)
(91, 18)
(92, 18)
(89, 19)
(90, 19)
(91, 19)
(92, 19)
(4, 23)
(5, 23)
(6, 23)
(4, 24)
(5, 24)
(6, 24)
(4, 25)
(5, 25)
(6, 25)
(4, 26)
(5, 26)
(6, 26)
(73, 26)
(74, 26)
(75, 26)
(76, 26)
(77, 26)
(73, 27)
(74, 27)
(75, 27)
(76, 27)
(77, 27)
(73, 28)
(74, 28)
(75, 28)
(76, 28)
(77, 28)
(96, 30)
(97, 30)
(98, 30)
(99, 30)
(65, 31)
(66, 31)
(67, 31)
(68, 31)
(69, 31)
(96, 31)
(97, 31)
(98, 31)
(99, 31)
(65, 32)
(66, 32)
(67, 32)
(68, 32)
(69, 32)
(96, 32)
(97, 32)
(98, 32)
(99, 32)
(65, 33)
(66, 33)
(67, 33)
(68, 33)
(69, 33)
(96, 33)
(97, 33)
(98, 33)
(99, 33)
(52, 34)
(53, 34)
(54, 34)
(55, 34)
(65, 34)
(66, 34)
(67, 34)
(68, 34)
(69, 34)
(96, 34)
(97, 34)
(98, 34)
(99, 34)
(52, 35)
(53, 35)
(54, 35)
(55, 35)
(65, 35)
(66, 35)
(67, 35)
(68, 35)
(69, 35)
(14, 36)
(15, 36)
(16, 36)
(17, 36)
(18, 36)
(52, 36)
(53, 36)
(54, 36)
(55, 36)
(14, 37)
(15, 37)
(16, 37)
(17, 37)
(18, 37)
(49, 37)
(50, 37)
(51, 37)
(14, 38)
(15, 38)
(16, 38)
(17, 38)
(18, 38)
(49, 38)
(50, 38)
(51, 38)
(2, 39)
(3, 39)
(4, 39)
(5, 39)
(6, 39)
(14, 39)
(15, 39)
(16, 39)
(17, 39)
(18, 39)
(49, 39)
(50, 39)
(51, 39)
(2, 40)
(3, 40)
(4, 40)
(5, 40)
(6, 40)
(49, 40)
(50, 40)
(51, 40)
(96, 40)
(97, 40)
(98, 40)
(99, 40)
(2, 41)
(3, 41)
(4, 41)
(5, 41)
(6, 41)
(49, 41)
(50, 41)
(51, 41)
(96, 41)
(97, 41)
(98, 41)
(99, 41)
(2, 42)
(3, 42)
(4, 42)
(5, 42)
(6, 42)
(12, 42)
(13, 42)
(14, 42)
(15, 42)
(16, 42)
(96, 42)
(97, 42)
(98, 42)
(99, 42)
(2, 43)
(3, 43)
(4, 43)
(5, 43)
(6, 43)
(12, 43)
(13, 43)
(14, 43)
(15, 43)
(16, 43)
(96, 43)
(97, 43)
(98, 43)
(99, 43)
(12, 44)
(13, 44)
(14, 44)
(15, 44)
(16, 44)
(12, 45)
(13, 45)
(14, 45)
(15, 45)
(16, 45)
(40, 53)
(41, 53)
(42, 53)
(43, 53)
(44, 53)
(40, 54)
(41, 54)
(42, 54)
(43, 54)
(44, 54)
(83, 54)
(84, 54)
(85, 54)
(40, 55)
(41, 55)
(42, 55)
(43, 55)
(44, 55)
(83, 55)
(84, 55)
(85, 55)
(23, 56)
(24, 56)
(25, 56)
(40, 56)
(41, 56)
(42, 56)
(43, 56)
(44, 56)
(83, 56)
(84, 56)
(85, 56)
(23, 57)
(24, 57)
(25, 57)
(40, 57)
(41, 57)
(42, 57)
(43, 57)
(44, 57)
(83, 57)
(84, 57)
(85, 57)
(23, 58)
(24, 58)
(25, 58)
(83, 58)
(84, 58)
(85, 58)
(23, 59)
(24, 59)
(25, 59)
(23, 60)
(24, 60)
(25, 60)
(37, 62)
(38, 62)
(39, 62)
(40, 62)
(41, 62)
(37, 63)
(38, 63)
(39, 63)
(40, 63)
(41, 63)
(37, 64)
(38, 64)
(39, 64)
(40, 64)
(41, 64)
(46, 64)
(47, 64)
(48, 64)
(75, 64)
(76, 64)
(77, 64)
(78, 64)
(79, 64)
(37, 65)
(38, 65)
(39, 65)
(40, 65)
(41, 65)
(46, 65)
(47, 65)
(48, 65)
(75, 65)
(76, 65)
(77, 65)
(78, 65)
(79, 65)
(46, 66)
(47, 66)
(48, 66)
(75, 66)
(76, 66)
(77, 66)
(78, 66)
(79, 66)
(46, 67)
(47, 67)
(48, 67)
(75, 67)
(76, 67)
(77, 67)
(78, 67)
(79, 67)
(46, 68)
(47, 68)
(48, 68)
(49, 68)
(50, 68)
(46, 69)
(47, 69)
(48, 69)
(49, 69)
(50, 69)
(94, 69)
(95, 69)
(96, 69)
(46, 70)
(47, 70)
(48, 70)
(49, 70)
(50, 70)
(94, 70)
(95, 70)
(96, 70)
(94, 71)
(95, 71)
(96, 71)
(94, 72)
(95, 72)
(96, 72)
(61, 73)
(62, 73)
(63, 73)
(64, 73)
(94, 73)
(95, 73)
(96, 73)
(61, 74)
(62, 74)
(63, 74)
(64, 74)
(61, 75)
(62, 75)
(63, 75)
(64, 75)
(54, 76)
(55, 76)
(56, 76)
(57, 76)
(61, 76)
(62, 76)
(63, 76)
(64, 76)
(54, 77)
(55, 77)
(56, 77)
(57, 77)
(61, 77)
(62, 77)
(63, 77)
(64, 77)
(54, 78)
(55, 78)
(56, 78)
(57, 78)
(82, 78)
(83, 78)
(84, 78)
(85, 78)
(91, 78)
(92, 78)
(93, 78)
(54, 79)
(55, 79)
(56, 79)
(57, 79)
(82, 79)
(83, 79)
(84, 79)
(85, 79)
(91, 79)
(92, 79)
(93, 79)
(54, 80)
(55, 80)
(56, 80)
(57, 80)
(82, 80)
(83, 80)
(84, 80)
(85, 80)
(91, 80)
(92, 80)
(93, 80)
(82, 81)
(83, 81)
(84, 81)
(85, 81)
(86, 89)
(87, 89)
(88, 89)
(89, 89)
(3, 90)
(4, 90)
(5, 90)
(86, 90)
(87, 90)
(88, 90)
(89, 90)
(3, 91)
(4, 91)
(5, 91)
(23, 91)
(24, 91)
(25, 91)
(26, 91)
(27, 91)
(86, 91)
(87, 91)
(88, 91)
(89, 91)
(3, 92)
(4, 92)
(5, 92)
(23, 92)
(24, 92)
(25, 92)
(26, 92)
(27, 92)
(86, 92)
(87, 92)
(88, 92)
(89, 92)
(23, 93)
(24, 93)
(25, 93)
(26, 93)
(27, 93)
(86, 93)
(87, 93)
(88, 93)
(89, 93)
(74, 95)
(75, 95)
(76, 95)
(74, 96)
(75, 96)
(76, 96)
(74, 97)
(75, 97)
(76, 97)
-
(0, 4, 1.0, -1, 0.5)
(1, 2, 1.0, -1, 0.5)
(2, 5, 1.0, -1, 0.5)
(3, 1, 1.0, -1, 0.5)
(4, 2, 1.0, -1, 0.5)
(5, 4, 1.0, -1, 0.5)
(6, 5, 1.0, -1, 0.5)
(7, 1, 1.0, -1, 0.5)
(8, 3, 1.0, -1, 0.5)
(9, 3, 1.0, -1, 0.5)
-
(0, (82,46), (2,1))
(1, (48,14), (61,89))
(2, (61,49), (27,41))
(3, (92,63), (40,92))
(4, (85,41), (4,76))
(5, (92,12), (9,26))
(6, (17,56), (84,34))
(7, (99,71), (49,25))
(8, (46,82), (20,93))
(9, (39,35), (35,74))
