100
(68, 0)
(69, 0)
(70, 0)
(71, 0)
(72, 0)
(68, 1)
(69, 1)
(70, 1)
(71, 1)
(72, 1)
(61, 2)
(62, 2)
(63, 2)
(68, 2)
(69, 2)
(70, 2)
(71, 2)
(72, 2)
(61, 3)
(62, 3)
(63, 3)
(61, 4)
(62, 4)
(63, 4)
(61, 5)
(62, 5)
(63, 5)
(73, 5)
(74, 5)
(75, 5)
(73, 6)
(74, 6)
(75, 6)
(73, 7)
(74, 7)
(75, 7)
(18, 26)
(19, 26)
(20, 26)
(21, 26)
(18, 27)
(19, 27)
(20, 27)
(21, 27)
(18, 28)
(19, 28)
(20, 28)
(21, 28)
(18, 29)
(19, 29)
(20, 29)
(21, 29)
(42, 42)
(43, 42)
(44, 42)
(45, 42)
(42, 43)
(43, 43)
(44, 43)
(45, 43)
(42, 44)
(43, 44)
(44, 44)
(45, 44)
(42, 45)
(43, 45)
(44, 45)
(45, 45)
(42, 46)
(43, 46)
(44, 46)
(45, 46)
(90, 60)
(91, 60)
(92, 60)
(93, 60)
(94, 60)
(90, 61)
(91, 61)
(92, 61)
(93, 61)
(94, 61)
(81, 62)
(82, 62)
(83, 62)
(84, 62)
(85, 62)
(90, 62)
(91, 62)
(92, 62)
(93, 62)
(94, 62)
(81, 63)
(82, 63)
(83, 63)
(84, 63)
(85, 63)
(90, 63)
(91, 63)
(92, 63)
(93, 63)
(94, 63)
(81, 64)
(82, 64)
(83, 64)
(84, 64)
(85, 64)
(90, 64)
(91, 64)
(92, 64)
(93, 64)
(94, 64)
(81, 65)
(82, 65)
(83, 65)
(84, 65)
(85, 65)
(81, 66)
(82, 66)
(83, 66)
(84, 66)
(85, 66)
(40, 78)
(41, 78)
(42, 78)
(40, 79)
(41, 79)
(42, 79)
(40, 80)
(41, 80)
(42, 80)
(21, 81)
(22, 81)
(23, 81)
(24, 81)
(40, 81)
(41, 81)
(42, 81)
(21, 82)
(22, 82)
(23, 82)
(24, 82)
(40, 82)
(41, 82)
(42, 82)
(21, 83)
(22, 83)
(23, 83)
(24, 83)
(3, 92)
(4, 92)
(5, 92)
(6, 92)
(7, 92)
(3, 93)
(4, 93)
(5, 93)
(6, 93)
(7, 93)
(3, 94)
(4, 94)
(5, 94)
(6, 94)
(7, 94)
-
(0, 3, 1.0, -1, 0.5)
(1, 2, 1.0, -1, 0.5)
(2, 2, 1.0, -1, 0.5)
(3, 1, 1.0, -1, 0.5)
(4, 1, 1.0, -1, 0.5)
(5, 3, 1.0, -1, 0.5)
(6, 4, 1.0, -1, 0.5)
(7, 4, 1.0, -1, 0.5)
(8, 5, 1.0, -1, 0.5)
(9, 5, 1.0, -1, 0.5)
-
(0, (19,50), (25,89))
(1, (86,33), (52,1))
(2, (47,65), (75,26))
(3, (93,74), (42,72))
(4, (81,4), (19,48))
(5, (18,86), (79,12))
(6, (43,76), (60,51))
(7, (33,4), (76,37))
(8, (73,88), (17,62))
(9, (26,67), (81,33))
