100
(75, 0)
(76, 0)
(77, 0)
(78, 0)
(79, 0)
(75, 1)
(76, 1)
(77, 1)
(78, 1)
(79, 1)
(68, 2)
(69, 2)
(70, 2)
(71, 2)
(72, 2)
(75, 2)
(76, 2)
(77, 2)
(78, 2)
(79, 2)
(68, 3)
(69, 3)
(70, 3)
(71, 3)
(72, 3)
(75, 3)
(76, 3)
(77, 3)
(78, 3)
(79, 3)
(1, 4)
(2, 4)
(3, 4)
(68, 4)
(69, 4)
(70, 4)
(71, 4)
(72, 4)
(1, 5)
(2, 5)
(3, 5)
(68, 5)
(69, 5)
(70, 5)
(71, 5)
(72, 5)
(1, 6)
(2, 6)
(3, 6)
(51, 6)
(52, 6)
(53, 6)
(54, 6)
(55, 6)
(1, 7)
(2, 7)
(3, 7)
(51, 7)
(52, 7)
(53, 7)
(54, 7)
(55, 7)
(1, 8)
(2, 8)
(3, 8)
(51, 8)
(52, 8)
(53, 8)
(54, 8)
(55, 8)
(12, 9)
(13, 9)
(14, 9)
(15, 9)
(42, 9)
(43, 9)
(44, 9)
(51, 9)
(52, 9)
(53, 9)
(54, 9)
(55, 9)
(12, 10)
(13, 10)
(14, 10)
(15, 10)
(42, 10)
(43, 10)
(44, 10)
(51, 10)
(52, 10)
(53, 10)
(54, 10)
(55, 10)
(6, 11)
(7, 11)
(8, 11)
(9, 11)
(10, 11)
(12, 11)
(13, 11)
(14, 11)
(15, 11)
(42, 11)
(43, 11)
(44, 11)
(6, 12)
(7, 12)
(8, 12)
(9, 12)
(10, 12)
(12, 12)
(13, 12)
(14, 12)
(15, 12)
(6, 13)
(7, 13)
(8, 13)
(9, 13)
(10, 13)
(12, 13)
(13, 13)
(14, 13)
(15, 13)
(48, 17)
(49, 17)
(50, 17)
(48, 18)
(49, 18)
(50, 18)
(62, 18)
(63, 18)
(64, 18)
(48, 19)
(49, 19)
(50, 19)
(62, 19)
(63, 19)
(64, 19)
(48, 20)
(49, 20)
(50, 20)
(62, 20)
(63, 20)
(64, 20)
(48, 21)
(49, 21)
(50, 21)
(20, 22)
(21, 22)
(22, 22)
(23, 22)
(24, 22)
(20, 23)
(21, 23)
(22, 23)
(23, 23)
(24, 23)
(20, 24)
(21, 24)
(22, 24)
(23, 24)
(24, 24)
(6, 25)
(7, 25)
(8, 25)
(20, 25)
(21, 25)
(22, 25)
(23, 25)
(24, 25)
(6, 26)
(7, 26)
(8, 26)
(61, 26)
(62, 26)
(63, 26)
(64, 26)
(6, 27)
(7, 27)
(8, 27)
(61, 27)
(62, 27)
(63, 27)
(64, 27)
(6, 28)
(7, 28)
(8, 28)
(61, 28)
(62, 28)
(63, 28)
(64, 28)
(6, 29)
(7, 29)
(8, 29)
(61, 31)
(62, 31)
(63, 31)
(4, 32)
(5, 32)
(6, 32)
(7, 32)
(8, 32)
(61, 32)
(62, 32)
(63, 32)
(4, 33)
(5, 33)
(6, 33)
(7, 33)
(8, 33)
(61, 33)
(62, 33)
(63, 33)
(70, 33)
(71, 33)
(72, 33)
(4, 34)
(5, 34)
(6, 34)
(7, 34)
(8, 34)
(61, 34)
(62, 34)
(63, 34)
(70, 34)
(71, 34)
(72, 34)
(4, 35)
(5, 35)
(6, 35)
(7, 35)
(8, 35)
(14, 35)
(15, 35)
(16, 35)
(17, 35)
(18, 35)
(70, 35)
(71, 35)
(72, 35)
(14, 36)
(15, 36)
(16, 36)
(17, 36)
(18, 36)
(70, 36)
(71, 36)
(72, 36)
(14, 37)
(15, 37)
(16, 37)
(17, 37)
(18, 37)
(30, 37)
(31, 37)
(32, 37)
(33, 37)
(34, 37)
(70, 37)
(71, 37)
(72, 37)
(14, 38)
(15, 38)
(16, 38)
(17, 38)
(18, 38)
(30, 38)
(31, 38)
(32, 38)
(33, 38)
(34, 38)
(84, 38)
(85, 38)
(86, 38)
(87, 38)
(88, 38)
(16, 39)
(17, 39)
(18, 39)
(30, 39)
(31, 39)
(32, 39)
(33, 39)
(34, 39)
(84, 39)
(85, 39)
(86, 39)
(87, 39)
(88, 39)
(16, 40)
(17, 40)
(18, 40)
(30, 40)
(31, 40)
(32, 40)
(33, 40)
(34, 40)
(84, 40)
(85, 40)
(86, 40)
(87, 40)
(88, 40)
(16, 41)
(17, 41)
(18, 41)
(85, 42)
(86, 42)
(87, 42)
(85, 43)
(86, 43)
(87, 43)
(3, 44)
(4, 44)
(5, 44)
(6, 44)
(7, 44)
(85, 44)
(86, 44)
(87, 44)
(3, 45)
(4, 45)
(5, 45)
(6, 45)
(7, 45)
(3, 46)
(4, 46)
(5, 46)
(6, 46)
(7, 46)
(3, 47)
(4, 47)
(5, 47)
(6, 47)
(7, 47)
(3, 48)
(4, 48)
(5, 48)
(6, 48)
(7, 48)
(21, 49)
(22, 49)
(23, 49)
(21, 50)
(22, 50)
(23, 50)
(21, 51)
(22, 51)
(23, 51)
(4, 55)
(5, 55)
(6, 55)
(7, 55)
(4, 56)
(5, 56)
(6, 56)
(7, 56)
(4, 57)
(5, 57)
(6, 57)
(7, 57)
(4, 58)
(5, 58)
(6, 58)
(7, 58)
(24, 62)
(25, 62)
(26, 62)
(27, 62)
(28, 62)
(24, 63)
(25, 63)
(26, 63)
(27, 63)
(28, 63)
(24, 64)
(25, 64)
(26, 64)
(27, 64)
(28, 64)
(24, 65)
(25, 65)
(26, 65)
(27, 65)
(28, 65)
(4, 66)
(5, 66)
(6, 66)
(7, 66)
(4, 67)
(5, 67)
(6, 67)
(7, 67)
(21, 67)
(22, 67)
(23, 67)
(4, 68)
(5, 68)
(6, 68)
(7, 68)
(14, 68)
(15, 68)
(16, 68)
(17, 68)
(18, 68)
(21, 68)
(22, 68)
(23, 68)
(97, 68)
(98, 68)
(99, 68)
(4, 69)
(5, 69)
(6, 69)
(7, 69)
(14, 69)
(15, 69)
(16, 69)
(17, 69)
(18, 69)
(21, 69)
(22, 69)
(23, 69)
(97, 69)
(98, 69)
(99, 69)
(14, 70)
(15, 70)
(16, 70)
(17, 70)
(18, 70)
(97, 70)
(98, 70)
(99, 70)
(14, 71)
(15, 71)
(16, 71)
(17, 71)
(18, 71)
(97, 71)
(98, 71)
(99, 71)
(97, 72)
(98, 72)
(99, 72)
(53, 76)
(54, 76)
(55, 76)
(56, 76)
(57, 76)
(53, 77)
(54, 77)
(55, 77)
(56, 77)
(57, 77)
(53, 78)
(54, 78)
(55, 78)
(56, 78)
(57, 78)
(53, 79)
(54, 79)
(55, 79)
(56, 79)
(57, 79)
(76, 81)
(77, 81)
(78, 81)
(79, 81)
(53, 82)
(54, 82)
(55, 82)
(56, 82)
(76, 82)
(77, 82)
(78, 82)
(79, 82)
(12, 83)
(13, 83)
(14, 83)
(15, 83)
(16, 83)
(53, 83)
(54, 83)
(55, 83)
(56, 83)
(76, 83)
(77, 83)
(78, 83)
(79, 83)
(12, 84)
(13, 84)
(14, 84)
(15, 84)
(16, 84)
(53, 84)
(54, 84)
(55, 84)
(56, 84)
(76, 84)
(77, 84)
(78, 84)
(79, 84)
(87, 84)
(88, 84)
(89, 84)
(90, 84)
(91, 84)
(12, 85)
(13, 85)
(14, 85)
(15, 85)
(16, 85)
(53, 85)
(54, 85)
(55, 85)
(56, 85)
(80, 85)
(81, 85)
(82, 85)
(83, 85)
(84, 85)
(87, 85)
(88, 85)
(89, 85)
(90, 85)
(91, 85)
(12, 86)
(13, 86)
(14, 86)
(15, 86)
(16, 86)
(80, 86)
(81, 86)
(82, 86)
(83, 86)
(84, 86)
(87, 86)
(88, 86)
(89, 86)
(90, 86)
(91, 86)
(12, 87)
(13, 87)
(14, 87)
(15, 87)
(16, 87)
(42, 87)
(43, 87)
(44, 87)
(80, 87)
(81, 87)
(82, 87)
(83, 87)
(84, 87)
(87, 87)
(88, 87)
(89, 87)
(90, 87)
(91, 87)
(3, 88)
(4, 88)
(5, 88)
(42, 88)
(43, 88)
(44, 88)
(70, 88)
(71, 88)
(72, 88)
(73, 88)
(3, 89)
(4, 89)
(5, 89)
(42, 89)
(43, 89)
(44, 89)
(51, 89)
(52, 89)
(53, 89)
(70, 89)
(71, 89)
(72, 89)
(73, 89)
(3, 90)
(4, 90)
(5, 90)
(42, 90)
(43, 90)
(44, 90)
(51, 90)
(52, 90)
(53, 90)
(70, 90)
(71, 90)
(72, 90)
(73, 90)
(91, 90)
(92, 90)
(93, 90)
(51, 91)
(52, 91)
(53, 91)
(91, 91)
(92, 91)
(93, 91)
(51, 92)
(52, 92)
(53, 92)
(91, 92)
(92, 92)
(93, 92)
(91, 93)
(92, 93)
(93, 93)
(82, 97)
(83, 97)
(84, 97)
(85, 97)
(82, 98)
(83, 98)
(84, 98)
(85, 98)
(82, 99)
(83, 99)
(84, 99)
(85, 99)
-
(0, 3, 1.0, -1, 0.5)
(1, 4, 1.0, -1, 0.5)
(2, 1, 1.0, -1, 0.5)
(3, 5, 1.0, -1, 0.5)
(4, 1, 1.0, -1, 0.5)
(5, 2, 1.0, -1, 0.5)
(6, 3, 1.0, -1, 0.5)
(7, 4, 1.0, -1, 0.5)
(8, 5, 1.0, -1, 0.5)
(9, 2, 1.0, -1, 0.5)
-
(0, (13,95), (22,10))
(1, (93,32), (87,65))
(2, (3,0), (30,15))
(3, (16,13), (88,71))
(4, (32,35), (57,72))
(5, (28,5), (87,78))
(6, (47,7), (3,25))
(7, (64,47), (37,93))
(8, (32,57), (7,16))
(9, (93,22), (29,8))
