100
(0, 0)
(1, 0)
(2, 0)
(3, 0)
(4, 0)
(0, 1)
(1, 1)
(2, 1)
(3, 1)
(4, 1)
(11, 1)
(12, 1)
(13, 1)
(38, 1)
(39, 1)
(40, 1)
(0, 2)
(1, 2)
(2, 2)
(3, 2)
(4, 2)
(11, 2)
(12, 2)
(13, 2)
(38, 2)
(39, 2)
(40, 2)
(0, 3)
(1, 3)
(2, 3)
(3, 3)
(4, 3)
(11, 3)
(12, 3)
(13, 3)
(38, 3)
(39, 3)
(40, 3)
(38, 4)
(39, 4)
(40, 4)
(74, 4)
(75, 4)
(76, 4)
(77, 4)
(78, 4)
(38, 5)
(39, 5)
(40, 5)
(74, 5)
(75, 5)
(76, 5)
(77, 5)
(78, 5)
(74, 6)
(75, 6)
(76, 6)
(77, 6)
(78, 6)
(13, 7)
(14, 7)
(15, 7)
(16, 7)
(17, 7)
(74, 7)
(75, 7)
(76, 7)
(77, 7)
(78, 7)
(13, 8)
(14, 8)
(15, 8)
(16, 8)
(17, 8)
(74, 8)
(75, 8)
(76, 8)
(77, 8)
(78, 8)
(13, 9)
(14, 9)
(15, 9)
(16, 9)
(17, 9)
(12, 12)
(13, 12)
(14, 12)
(15, 12)
(65, 12)
(66, 12)
(67, 12)
(68, 12)
(12, 13)
(13, 13)
(14, 13)
(15, 13)
(65, 13)
(66, 13)
(67, 13)
(68, 13)
(12, 14)
(13, 14)
(14, 14)
(15, 14)
(65, 14)
(66, 14)
(67, 14)
(68, 14)
(12, 15)
(13, 15)
(14, 15)
(15, 15)
(34, 15)
(35, 15)
(36, 15)
(3, 16)
(4, 16)
(5, 16)
(34, 16)
(35, 16)
(36, 16)
(50, 16)
(51, 16)
(52, 16)
(3, 17)
(4, 17)
(5, 17)
(34, 17)
(35, 17)
(36, 17)
(50, 17)
(51, 17)
(52, 17)
(74, 17)
(75, 17)
(76, 17)
(3, 18)
(4, 18)
(5, 18)
(34, 18)
(35, 18)
(36, 18)
(50, 18)
(51, 18)
(52, 18)
(74, 18)
(75, 18)
(76, 18)
(3, 19)
(4, 19)
(5, 19)
(74, 19)
(75, 19)
(76, 19)
(19, 21)
(20, 21)
(21, 21)
(22, 21)
(23, 21)
(19, 22)
(20, 22)
(21, 22)
(22, 22)
(23, 22)
(19, 23)
(20, 23)
(21, 23)
(22, 23)
(23, 23)
(71, 23)
(72, 23)
(73, 23)
(74, 23)
(35, 24)
(36, 24)
(37, 24)
(38, 24)
(71, 24)
(72, 24)
(73, 24)
(74, 24)
(35, 25)
(36, 25)
(37, 25)
(38, 25)
(71, 25)
(72, 25)
(73, 25)
(74, 25)
(24, 26)
(25, 26)
(26, 26)
(27, 26)
(28, 26)
(35, 26)
(36, 26)
(37, 26)
(38, 26)
(71, 26)
(72, 26)
(73, 26)
(74, 26)
(24, 27)
(25, 27)
(26, 27)
(27, 27)
(28, 27)
(35, 27)
(36, 27)
(37, 27)
(38, 27)
(71, 27)
(72, 27)
(73, 27)
(74, 27)
(24, 28)
(25, 28)
(26, 28)
(27, 28)
(28, 28)
(70, 28)
(71, 28)
(72, 28)
(70, 29)
(71, 29)
(72, 29)
(70, 30)
(71, 30)
(72, 30)
(66, 31)
(67, 31)
(68, 31)
(69, 31)
(70, 31)
(71, 31)
(72, 31)
(66, 32)
(67, 32)
(68, 32)
(69, 32)
(70, 32)
(71, 32)
(72, 32)
(66, 33)
(67, 33)
(68, 33)
(69, 33)
(11, 34)
(12, 34)
(13, 34)
(14, 34)
(77, 34)
(78, 34)
(79, 34)
(80, 34)
(81, 34)
(11, 35)
(12, 35)
(13, 35)
(14, 35)
(77, 35)
(78, 35)
(79, 35)
(80, 35)
(81, 35)
(11, 36)
(12, 36)
(13, 36)
(14, 36)
(77, 36)
(78, 36)
(79, 36)
(80, 36)
(81, 36)
(11, 37)
(12, 37)
(13, 37)
(14, 37)
(52, 37)
(53, 37)
(54, 37)
(55, 37)
(56, 37)
(77, 37)
(78, 37)
(79, 37)
(80, 37)
(81, 37)
(86, 37)
(87, 37)
(88, 37)
(89, 37)
(52, 38)
(53, 38)
(54, 38)
(55, 38)
(56, 38)
(86, 38)
(87, 38)
(88, 38)
(89, 38)
(52, 39)
(53, 39)
(54, 39)
(55, 39)
(56, 39)
(86, 39)
(87, 39)
(88, 39)
(89, 39)
(8, 40)
(9, 40)
(10, 40)
(52, 40)
(53, 40)
(54, 40)
(55, 40)
(56, 40)
(8, 41)
(9, 41)
(10, 41)
(52, 41)
(53, 41)
(54, 41)
(55, 41)
(56, 41)
(8, 42)
(9, 42)
(10, 42)
(11, 43)
(12, 43)
(13, 43)
(14, 43)
(15, 43)
(11, 44)
(12, 44)
(13, 44)
(14, 44)
(15, 44)
(11, 45)
(12, 45)
(13, 45)
(14, 45)
(15, 45)
(68, 46)
(69, 46)
(70, 46)
(68, 47)
(69, 47)
(70, 47)
(68, 48)
(69, 48)
(70, 48)
(20, 49)
(21, 49)
(22, 49)
(23, 49)
(24, 49)
(3, 50)
(4, 50)
(5, 50)
(20, 50)
(21, 50)
(22, 50)
(23, 50)
(24, 50)
(3, 51)
(4, 51)
(5, 51)
(20, 51)
(21, 51)
(22, 51)
(23, 51)
(24, 51)
(3, 52)
(4, 52)
(5, 52)
(20, 52)
(21, 52)
(22, 52)
(23, 52)
(24, 52)
(55, 52)
(56, 52)
(57, 52)
(60, 52)
(61, 52)
(62, 52)
(3, 53)
(4, 53)
(5, 53)
(55, 53)
(56, 53)
(57, 53)
(60, 53)
(61, 53)
(62, 53)
(55, 54)
(56, 54)
(57, 54)
(60, 54)
(61, 54)
(62, 54)
(60, 55)
(61, 55)
(62, 55)
(67, 61)
(68, 61)
(69, 61)
(70, 61)
(71, 61)
(22, 62)
(23, 62)
(24, 62)
(67, 62)
(68, 62)
(69, 62)
(70, 62)
(71, 62)
(22, 63)
(23, 63)
(24, 63)
(67, 63)
(68, 63)
(69, 63)
(70, 63)
(71, 63)
(22, 64)
(23, 64)
(24, 64)
(67, 64)
(68, 64)
(69, 64)
(70, 64)
(71, 64)
(94, 64)
(95, 64)
(96, 64)
(37, 65)
(38, 65)
(39, 65)
(40, 65)
(41, 65)
(94, 65)
(95, 65)
(96, 65)
(37, 66)
(38, 66)
(39, 66)
(40, 66)
(41, 66)
(94, 66)
(95, 66)
(96, 66)
(37, 67)
(38, 67)
(39, 67)
(40, 67)
(41, 67)
(94, 67)
(95, 67)
(96, 67)
(37, 68)
(38, 68)
(39, 68)
(40, 68)
(41, 68)
(64, 68)
(65, 68)
(66, 68)
(67, 68)
(68, 68)
(94, 68)
(95, 68)
(96, 68)
(64, 69)
(65, 69)
(66, 69)
(67, 69)
(68, 69)
(64, 70)
(65, 70)
(66, 70)
(67, 70)
(68, 70)
(64, 71)
(65, 71)
(66, 71)
(67, 71)
(68, 71)
(44, 72)
(45, 72)
(46, 72)
(47, 72)
(48, 72)
(64, 72)
(65, 72)
(66, 72)
(67, 72)
(68, 72)
(44, 73)
(45, 73)
(46, 73)
(47, 73)
(48, 73)
(90, 73)
(91, 73)
(92, 73)
(93, 73)
(94, 73)
(44, 74)
(45, 74)
(46, 74)
(47, 74)
(48, 74)
(52, 74)
(53, 74)
(54, 74)
(55, 74)
(90, 74)
(91, 74)
(92, 74)
(93, 74)
(94, 74)
(9, 75)
(10, 75)
(11, 75)
(12, 75)
(13, 75)
(44, 75)
(45, 75)
(46, 75)
(47, 75)
(48, 75)
(52, 75)
(53, 75)
(54, 75)
(55, 75)
(90, 75)
(91, 75)
(92, 75)
(93, 75)
(94, 75)
(9, 76)
(10, 76)
(11, 76)
(12, 76)
(13, 76)
(44, 76)
(45, 76)
(46, 76)
(47, 76)
(48, 76)
(52, 76)
(53, 76)
(54, 76)
(55, 76)
(84, 76)
(85, 76)
(86, 76)
(87, 76)
(88, 76)
(9, 77)
(10, 77)
(11, 77)
(12, 77)
(13, 77)
(52, 77)
(53, 77)
(54, 77)
(55, 77)
(77, 77)
(78, 77)
(79, 77)
(80, 77)
(81, 77)
(84, 77)
(85, 77)
(86, 77)
(87, 77)
(88, 77)
(9, 78)
(10, 78)
(11, 78)
(12, 78)
(13, 78)
(30, 78)
(31, 78)
(32, 78)
(33, 78)
(52, 78)
(53, 78)
(54, 78)
(55, 78)
(77, 78)
(78, 78)
(79, 78)
(80, 78)
(81, 78)
(84, 78)
(85, 78)
(86, 78)
(87, 78)
(88, 78)
(9, 79)
(10, 79)
(11, 79)
(12, 79)
(13, 79)
(30, 79)
(31, 79)
(32, 79)
(33, 79)
(77, 79)
(78, 79)
(79, 79)
(80, 79)
(81, 79)
(84, 79)
(85, 79)
(86, 79)
(87, 79)
(88, 79)
(30, 80)
(31, 80)
(32, 80)
(33, 80)
(77, 80)
(78, 80)
(79, 80)
(80, 80)
(81, 80)
(30, 81)
(31, 81)
(32, 81)
(33, 81)
(86, 81)
(87, 81)
(88, 81)
(89, 81)
(86, 82)
(87, 82)
(88, 82)
(89, 82)
(86, 83)
(87, 83)
(88, 83)
(89, 83)
(86, 84)
(87, 84)
(88, 84)
(89, 84)
(31, 86)
(32, 86)
(33, 86)
(34, 86)
(31, 87)
(32, 87)
(33, 87)
(34, 87)
(31, 88)
(32, 88)
(33, 88)
(34, 88)
(6, 89)
(7, 89)
(8, 89)
(9, 89)
(10, 89)
(6, 90)
(7, 90)
(8, 90)
(9, 90)
(10, 90)
(6, 91)
(7, 91)
(8, 91)
(9, 91)
(10, 91)
(14, 91)
(15, 91)
(16, 91)
(6, 92)
(7, 92)
(8, 92)
(9, 92)
(10, 92)
(14, 92)
(15, 92)
(16, 92)
(64, 92)
(65, 92)
(66, 92)
(6, 93)
(7, 93)
(8, 93)
(9, 93)
(10, 93)
(14, 93)
(15, 93)
(16, 93)
(64, 93)
(65, 93)
(66, 93)
(9, 94)
(10, 94)
(11, 94)
(14, 94)
(15, 94)
(16, 94)
(50, 94)
(51, 94)
(52, 94)
(53, 94)
(64, 94)
(65, 94)
(66, 94)
(90, 94)
(91, 94)
(92, 94)
(9, 95)
(10, 95)
(11, 95)
(14, 95)
(15, 95)
(16, 95)
(50, 95)
(51, 95)
(52, 95)
(53, 95)
(65, 95)
(66, 95)
(67, 95)
(68, 95)
(90, 95)
(91, 95)
(92, 95)
(9, 96)
(10, 96)
(11, 96)
(50, 96)
(51, 96)
(52, 96)
(53, 96)
(65, 96)
(66, 96)
(67, 96)
(68, 96)
(76, 96)
(77, 96)
(78, 96)
(79, 96)
(90, 96)
(91, 96)
(92, 96)
(9, 97)
(10, 97)
(11, 97)
(50, 97)
(51, 97)
(52, 97)
(53, 97)
(65, 97)
(66, 97)
(67, 97)
(68, 97)
(76, 97)
(77, 97)
(78, 97)
(79, 97)
(90, 97)
(91, 97)
(92, 97)
(50, 98)
(51, 98)
(52, 98)
(53, 98)
(76, 98)
(77, 98)
(78, 98)
(79, 98)
-
(0, 5, 1.0, -1, 0.5)
(1, 1, 1.0, -1, 0.5)
(2, 1, 1.0, -1, 0.5)
(3, 2, 1.0, -1, 0.5)
(4, 4, 1.0, -1, 0.5)
(5, 5, 1.0, -1, 0.5)
(6, 3, 1.0, -1, 0.5)
(7, 2, 1.0, -1, 0.5)
(8, 3, 1.0, -1, 0.5)
(9, 4, 1.0, -1, 0.5)
-
(0, (77,27), (0,29))
(1, (13,22), (19,65))
(2, (33,63), (1,69))
(3, (96,83), (97,10))
(4, (86,24), (59,13))
(5, (65,50), (31,53))
(6, (45,3), (69,43))
(7, (67,25), (10,52))
(8, (25,9), (39,83))
(9, (77,57), (65,7))
