100
(84, 4)
(85, 4)
(86, 4)
(84, 5)
(85, 5)
(86, 5)
(84, 6)
(85, 6)
(86, 6)
(84, 7)
(85, 7)
(86, 7)
(84, 8)
(85, 8)
(86, 8)
(53, 21)
(54, 21)
(55, 21)
(56, 21)
(53, 22)
(54, 22)
(55, 22)
(56, 22)
(53, 23)
(54, 23)
(55, 23)
(56, 23)
(9, 39)
(10, 39)
(11, 39)
(9, 40)
(10, 40)
(11, 40)
(9, 41)
(10, 41)
(11, 41)
(9, 42)
(10, 42)
(11, 42)
(17, 43)
(18, 43)
(19, 43)
(17, 44)
(18, 44)
(19, 44)
(17, 45)
(18, 45)
(19, 45)
(17, 46)
(18, 46)
(19, 46)
(89, 61)
(90, 61)
(91, 61)
(92, 61)
(93, 61)
(89, 62)
(90, 62)
(91, 62)
(92, 62)
(93, 62)
(89, 63)
(90, 63)
(91, 63)
(92, 63)
(93, 63)
(89, 64)
(90, 64)
(91, 64)
(92, 64)
(93, 64)
(89, 65)
(90, 65)
(91, 65)
(92, 65)
(93, 65)
-
(0, 1, 1.0, -1, 0.5)
(1, 5, 1.0, -1, 0.5)
(2, 3, 1.0, -1, 0.5)
(3, 1, 1.0, -1, 0.5)
(4, 3, 1.0, -1, 0.5)
(5, 4, 1.0, -1, 0.5)
(6, 4, 1.0, -1, 0.5)
(7, 5, 1.0, -1, 0.5)
(8, 2, 1.0, -1, 0.5)
(9, 2, 1.0, -1, 0.5)
-
(0, (74,75), (48,34))
(1, (66,88), (93,18))
(2, (32,67), (7,20))
(3, (75,38), (93,1))
(4, (69,31), (13,33))
(5, (96,29), (50,36))
(6, (22,33), (87,55))
(7, (57,50), (44,92))
(8, (20,16), (89,84))
(9, (21,66), (93,88))
