100
(58, 23)
(59, 23)
(60, 23)
(58, 24)
(59, 24)
(60, 24)
(58, 25)
(59, 25)
(60, 25)
(8, 34)
(9, 34)
(10, 34)
(11, 34)
(8, 35)
(9, 35)
(10, 35)
(11, 35)
(8, 36)
(9, 36)
(10, 36)
(11, 36)
(8, 37)
(9, 37)
(10, 37)
(11, 37)
(8, 38)
(9, 38)
(10, 38)
(11, 38)
(15, 39)
(16, 39)
(17, 39)
(18, 39)
(19, 39)
(15, 40)
(16, 40)
(17, 40)
(18, 40)
(19, 40)
(15, 41)
(16, 41)
(17, 41)
(18, 41)
(19, 41)
(15, 42)
(16, 42)
(17, 42)
(18, 42)
(19, 42)
(15, 43)
(16, 43)
(17, 43)
(18, 43)
(19, 43)
(56, 45)
(57, 45)
(58, 45)
(59, 45)
(60, 45)
(56, 46)
(57, 46)
(58, 46)
(59, 46)
(60, 46)
(56, 47)
(57, 47)
(58, 47)
(59, 47)
(60, 47)
(65, 47)
(66, 47)
(67, 47)
(56, 48)
(57, 48)
(58, 48)
(59, 48)
(60, 48)
(65, 48)
(66, 48)
(67, 48)
(65, 49)
(66, 49)
(67, 49)
(93, 49)
(94, 49)
(95, 49)
(96, 49)
(93, 50)
(94, 50)
(95, 50)
(96, 50)
(2, 51)
(3, 51)
(4, 51)
(5, 51)
(6, 51)
(93, 51)
(94, 51)
(95, 51)
(96, 51)
(2, 52)
(3, 52)
(4, 52)
(5, 52)
(6, 52)
(26, 52)
(27, 52)
(28, 52)
(29, 52)
(2, 53)
(3, 53)
(4, 53)
(5, 53)
(6, 53)
(26, 53)
(27, 53)
(28, 53)
(29, 53)
(2, 54)
(3, 54)
(4, 54)
(5, 54)
(6, 54)
(26, 54)
(27, 54)
(28, 54)
(29, 54)
(26, 55)
(27, 55)
(28, 55)
(29, 55)
(26, 56)
(27, 56)
(28, 56)
(29, 56)
(64, 58)
(65, 58)
(66, 58)
(67, 58)
(68, 58)
(64, 59)
(65, 59)
(66, 59)
(67, 59)
(68, 59)
(64, 60)
(65, 60)
(66, 60)
(67, 60)
(68, 60)
(64, 61)
(65, 61)
(66, 61)
(67, 61)
(68, 61)
(57, 63)
(58, 63)
(59, 63)
(60, 63)
(61, 63)
(57, 64)
(58, 64)
(59, 64)
(60, 64)
(61, 64)
(57, 65)
(58, 65)
(59, 65)
(60, 65)
(61, 65)
(52, 74)
(53, 74)
(54, 74)
(64, 74)
(65, 74)
(66, 74)
(52, 75)
(53, 75)
(54, 75)
(64, 75)
(65, 75)
(66, 75)
(52, 76)
(53, 76)
(54, 76)
(64, 76)
(65, 76)
(66, 76)
(64, 77)
(65, 77)
(66, 77)
(14, 78)
(15, 78)
(16, 78)
(17, 78)
(14, 79)
(15, 79)
(16, 79)
(17, 79)
(14, 80)
(15, 80)
(16, 80)
(17, 80)
(14, 81)
(15, 81)
(16, 81)
(17, 81)
(87, 90)
(88, 90)
(89, 90)
(90, 90)
(87, 91)
(88, 91)
(89, 91)
(90, 91)
(87, 92)
(88, 92)
(89, 92)
(90, 92)
(70, 93)
(71, 93)
(72, 93)
(87, 93)
(88, 93)
(89, 93)
(90, 93)
(70, 94)
(71, 94)
(72, 94)
(87, 94)
(88, 94)
(89, 94)
(90, 94)
(70, 95)
(71, 95)
(72, 95)
(70, 96)
(71, 96)
(72, 96)
(70, 97)
(71, 97)
(72, 97)
-
(0, 2, 1.0, -1, 0.5)
(1, 3, 1.0, -1, 0.5)
(2, 2, 1.0, -1, 0.5)
(3, 3, 1.0, -1, 0.5)
(4, 1, 1.0, -1, 0.5)
(5, 4, 1.0, -1, 0.5)
(6, 5, 1.0, -1, 0.5)
(7, 1, 1.0, -1, 0.5)
(8, 4, 1.0, -1, 0.5)
(9, 5, 1.0, -1, 0.5)
-
(0, (69,88), (12,67))
(1, (51,88), (3,10))
(2, (30,41), (80,7))
(3, (84,36), (19,63))
(4, (57,98), (78,12))
(5, (16,71), (21,3))
(6, (71,84), (74,34))
(7, (2,70), (84,75))
(8, (55,12), (21,43))
(9, (50,66), (12,83))
