100
(37, 3)
(38, 3)
(39, 3)
(37, 4)
(38, 4)
(39, 4)
(37, 5)
(38, 5)
(39, 5)
(37, 6)
(38, 6)
(39, 6)
(46, 36)
(47, 36)
(48, 36)
(46, 37)
(47, 37)
(48, 37)
(46, 38)
(47, 38)
(48, 38)
(46, 39)
(47, 39)
(48, 39)
(52, 53)
(53, 53)
(54, 53)
(55, 53)
(52, 54)
(53, 54)
(54, 54)
(55, 54)
(52, 55)
(53, 55)
(54, 55)
(55, 55)
(52, 56)
(53, 56)
(54, 56)
(55, 56)
(52, 57)
(53, 57)
(54, 57)
(55, 57)
(57, 81)
(58, 81)
(59, 81)
(60, 81)
(61, 81)
(33, 82)
(34, 82)
(35, 82)
(57, 82)
(58, 82)
(59, 82)
(60, 82)
(61, 82)
(33, 83)
(34, 83)
(35, 83)
(57, 83)
(58, 83)
(59, 83)
(60, 83)
(61, 83)
(33, 84)
(34, 84)
(35, 84)
(33, 85)
(34, 85)
(35, 85)
(33, 86)
(34, 86)
(35, 86)
-
(0, 5, 1.0, -1, 0.5)
(1, 3, 1.0, -1, 0.5)
(2, 2, 1.0, -1, 0.5)
(3, 3, 1.0, -1, 0.5)
(4, 4, 1.0, -1, 0.5)
(5, 1, 1.0, -1, 0.5)
(6, 1, 1.0, -1, 0.5)
(7, 4, 1.0, -1, 0.5)
(8, 2, 1.0, -1, 0.5)
(9, 5, 1.0, -1, 0.5)
-
(0, (89,55), (57,4))
(1, (56,70), (25,64))
(2, (22,62), (95,48))
(3, (41,49), (75,16))
(4, (31,15), (92,30))
(5, (78,39), (74,87))
(6, (27,20), (41,57))
(7, (34,42), (47,2))
(8, (97,41), (15,75))
(9, (93,68), (28,25))
