100
(28, 0)
(29, 0)
(30, 0)
(31, 0)
(28, 1)
(29, 1)
(30, 1)
(31, 1)
(9, 2)
(10, 2)
(11, 2)
(28, 2)
(29, 2)
(30, 2)
(31, 2)
(58, 2)
(59, 2)
(60, 2)
(61, 2)
(62, 2)
(9, 3)
(10, 3)
(11, 3)
(28, 3)
(29, 3)
(30, 3)
(31, 3)
(58, 3)
(59, 3)
(60, 3)
(61, 3)
(62, 3)
(9, 4)
(10, 4)
(11, 4)
(28, 4)
(29, 4)
(30, 4)
(31, 4)
(58, 4)
(59, 4)
(60, 4)
(61, 4)
(62, 4)
(58, 5)
(59, 5)
(60, 5)
(61, 5)
(62, 5)
(24, 6)
(25, 6)
(26, 6)
(27, 6)
(28, 6)
(24, 7)
(25, 7)
(26, 7)
(27, 7)
(28, 7)
(29, 7)
(30, 7)
(31, 7)
(24, 8)
(25, 8)
(26, 8)
(27, 8)
(28, 8)
(29, 8)
(30, 8)
(31, 8)
(24, 9)
(25, 9)
(26, 9)
(27, 9)
(28, 9)
(29, 9)
(30, 9)
(31, 9)
(29, 10)
(30, 10)
(31, 10)
(29, 11)
(30, 11)
(31, 11)
(77, 12)
(78, 12)
(79, 12)
(51, 13)
(52, 13)
(53, 13)
(77, 13)
(78, 13)
(79, 13)
(51, 14)
(52, 14)
(53, 14)
(77, 14)
(78, 14)
(79, 14)
(51, 15)
(52, 15)
(53, 15)
(51, 16)
(52, 16)
(53, 16)
(51, 17)
(52, 17)
(53, 17)
(7, 20)
(8, 20)
(9, 20)
(10, 20)
(11, 20)
(7, 21)
(8, 21)
(9, 21)
(10, 21)
(11, 21)
(3, 22)
(4, 22)
(5, 22)
(6, 22)
(7, 22)
(8, 22)
(9, 22)
(10, 22)
(11, 22)
(3, 23)
(4, 23)
(5, 23)
(6, 23)
(7, 23)
(8, 23)
(9, 23)
(10, 23)
(11, 23)
(3, 24)
(4, 24)
(5, 24)
(6, 24)
(7, 24)
(8, 24)
(9, 24)
(10, 24)
(11, 24)
(3, 25)
(4, 25)
(5, 25)
(6, 25)
(20, 25)
(21, 25)
(22, 25)
(23, 25)
(89, 25)
(90, 25)
(91, 25)
(92, 25)
(3, 26)
(4, 26)
(5, 26)
(6, 26)
(20, 26)
(21, 26)
(22, 26)
(23, 26)
(89, 26)
(90, 26)
(91, 26)
(92, 26)
(20, 27)
(21, 27)
(22, 27)
(23, 27)
(89, 27)
(90, 27)
(91, 27)
(92, 27)
(20, 28)
(21, 28)
(22, 28)
(23, 28)
(89, 28)
(90, 28)
(91, 28)
(92, 28)
(20, 29)
(21, 29)
(22, 29)
(23, 29)
(41, 30)
(42, 30)
(43, 30)
(63, 30)
(64, 30)
(65, 30)
(66, 30)
(41, 31)
(42, 31)
(43, 31)
(63, 31)
(64, 31)
(65, 31)
(66, 31)
(41, 32)
(42, 32)
(43, 32)
(63, 32)
(64, 32)
(65, 32)
(66, 32)
(3, 33)
(4, 33)
(5, 33)
(6, 33)
(30, 33)
(31, 33)
(32, 33)
(33, 33)
(34, 33)
(41, 33)
(42, 33)
(43, 33)
(63, 33)
(64, 33)
(65, 33)
(66, 33)
(3, 34)
(4, 34)
(5, 34)
(6, 34)
(30, 34)
(31, 34)
(32, 34)
(33, 34)
(34, 34)
(41, 34)
(42, 34)
(43, 34)
(63, 34)
(64, 34)
(65, 34)
(66, 34)
(3, 35)
(4, 35)
(5, 35)
(6, 35)
(13, 35)
(14, 35)
(15, 35)
(16, 35)
(17, 35)
(30, 35)
(31, 35)
(32, 35)
(33, 35)
(34, 35)
(41, 35)
(42, 35)
(43, 35)
(87, 35)
(88, 35)
(89, 35)
(90, 35)
(13, 36)
(14, 36)
(15, 36)
(16, 36)
(17, 36)
(30, 36)
(31, 36)
(32, 36)
(33, 36)
(34, 36)
(41, 36)
(42, 36)
(43, 36)
(87, 36)
(88, 36)
(89, 36)
(90, 36)
(13, 37)
(14, 37)
(15, 37)
(16, 37)
(17, 37)
(87, 37)
(88, 37)
(89, 37)
(90, 37)
(5, 41)
(6, 41)
(7, 41)
(5, 42)
(6, 42)
(7, 42)
(5, 43)
(6, 43)
(7, 43)
(66, 43)
(67, 43)
(68, 43)
(69, 43)
(70, 43)
(5, 44)
(6, 44)
(7, 44)
(66, 44)
(67, 44)
(68, 44)
(69, 44)
(70, 44)
(5, 45)
(6, 45)
(7, 45)
(66, 45)
(67, 45)
(68, 45)
(69, 45)
(70, 45)
(66, 46)
(67, 46)
(68, 46)
(69, 46)
(70, 46)
(90, 46)
(91, 46)
(92, 46)
(93, 46)
(29, 47)
(30, 47)
(31, 47)
(32, 47)
(33, 47)
(90, 47)
(91, 47)
(92, 47)
(93, 47)
(29, 48)
(30, 48)
(31, 48)
(32, 48)
(33, 48)
(83, 48)
(84, 48)
(85, 48)
(90, 48)
(91, 48)
(92, 48)
(93, 48)
(29, 49)
(30, 49)
(31, 49)
(32, 49)
(33, 49)
(83, 49)
(84, 49)
(85, 49)
(90, 49)
(91, 49)
(92, 49)
(93, 49)
(29, 50)
(30, 50)
(31, 50)
(32, 50)
(33, 50)
(45, 50)
(46, 50)
(47, 50)
(48, 50)
(83, 50)
(84, 50)
(85, 50)
(90, 50)
(91, 50)
(92, 50)
(93, 50)
(29, 51)
(30, 51)
(31, 51)
(32, 51)
(33, 51)
(45, 51)
(46, 51)
(47, 51)
(48, 51)
(45, 52)
(46, 52)
(47, 52)
(48, 52)
(92, 53)
(93, 53)
(94, 53)
(95, 53)
(96, 53)
(61, 54)
(62, 54)
(63, 54)
(64, 54)
(92, 54)
(93, 54)
(94, 54)
(95, 54)
(96, 54)
(61, 55)
(62, 55)
(63, 55)
(64, 55)
(92, 55)
(93, 55)
(94, 55)
(95, 55)
(96, 55)
(61, 56)
(62, 56)
(63, 56)
(64, 56)
(92, 56)
(93, 56)
(94, 56)
(95, 56)
(96, 56)
(24, 57)
(25, 57)
(26, 57)
(27, 57)
(54, 57)
(55, 57)
(56, 57)
(61, 57)
(62, 57)
(63, 57)
(64, 57)
(92, 57)
(93, 57)
(94, 57)
(95, 57)
(96, 57)
(24, 58)
(25, 58)
(26, 58)
(27, 58)
(54, 58)
(55, 58)
(56, 58)
(61, 58)
(62, 58)
(63, 58)
(64, 58)
(24, 59)
(25, 59)
(26, 59)
(27, 59)
(54, 59)
(55, 59)
(56, 59)
(84, 59)
(85, 59)
(86, 59)
(87, 59)
(88, 59)
(24, 60)
(25, 60)
(26, 60)
(27, 60)
(54, 60)
(55, 60)
(56, 60)
(84, 60)
(85, 60)
(86, 60)
(87, 60)
(88, 60)
(0, 61)
(1, 61)
(2, 61)
(3, 61)
(4, 61)
(24, 61)
(25, 61)
(26, 61)
(27, 61)
(54, 61)
(55, 61)
(56, 61)
(73, 61)
(74, 61)
(75, 61)
(84, 61)
(85, 61)
(86, 61)
(87, 61)
(88, 61)
(0, 62)
(1, 62)
(2, 62)
(3, 62)
(4, 62)
(73, 62)
(74, 62)
(75, 62)
(84, 62)
(85, 62)
(86, 62)
(87, 62)
(88, 62)
(0, 63)
(1, 63)
(2, 63)
(3, 63)
(4, 63)
(73, 63)
(74, 63)
(75, 63)
(0, 64)
(1, 64)
(2, 64)
(3, 64)
(4, 64)
(5, 66)
(6, 66)
(7, 66)
(5, 67)
(6, 67)
(7, 67)
(46, 67)
(47, 67)
(48, 67)
(49, 67)
(71, 67)
(72, 67)
(73, 67)
(74, 67)
(75, 67)
(5, 68)
(6, 68)
(7, 68)
(46, 68)
(47, 68)
(48, 68)
(49, 68)
(71, 68)
(72, 68)
(73, 68)
(74, 68)
(75, 68)
(5, 69)
(6, 69)
(7, 69)
(46, 69)
(47, 69)
(48, 69)
(49, 69)
(71, 69)
(72, 69)
(73, 69)
(74, 69)
(75, 69)
(46, 70)
(47, 70)
(48, 70)
(49, 70)
(71, 70)
(72, 70)
(73, 70)
(74, 70)
(75, 70)
(46, 71)
(47, 71)
(48, 71)
(49, 71)
(28, 73)
(29, 73)
(30, 73)
(31, 73)
(32, 73)
(37, 73)
(38, 73)
(39, 73)
(40, 73)
(28, 74)
(29, 74)
(30, 74)
(31, 74)
(32, 74)
(37, 74)
(38, 74)
(39, 74)
(40, 74)
(28, 75)
(29, 75)
(30, 75)
(31, 75)
(32, 75)
(37, 75)
(38, 75)
(39, 75)
(40, 75)
(89, 75)
(90, 75)
(91, 75)
(92, 75)
(28, 76)
(29, 76)
(30, 76)
(31, 76)
(32, 76)
(37, 76)
(38, 76)
(39, 76)
(40, 76)
(89, 76)
(90, 76)
(91, 76)
(92, 76)
(28, 77)
(29, 77)
(30, 77)
(31, 77)
(32, 77)
(89, 77)
(90, 77)
(91, 77)
(92, 77)
(89, 78)
(90, 78)
(91, 78)
(92, 78)
(3, 80)
(4, 80)
(5, 80)
(6, 80)
(3, 81)
(4, 81)
(5, 81)
(6, 81)
(3, 82)
(4, 82)
(5, 82)
(6, 82)
(83, 88)
(84, 88)
(85, 88)
(86, 88)
(48, 89)
(49, 89)
(50, 89)
(51, 89)
(52, 89)
(59, 89)
(60, 89)
(61, 89)
(62, 89)
(67, 89)
(68, 89)
(69, 89)
(83, 89)
(84, 89)
(85, 89)
(86, 89)
(48, 90)
(49, 90)
(50, 90)
(51, 90)
(52, 90)
(59, 90)
(60, 90)
(61, 90)
(62, 90)
(67, 90)
(68, 90)
(69, 90)
(83, 90)
(84, 90)
(85, 90)
(86, 90)
(48, 91)
(49, 91)
(50, 91)
(51, 91)
(52, 91)
(59, 91)
(60, 91)
(61, 91)
(62, 91)
(67, 91)
(68, 91)
(69, 91)
(83, 91)
(84, 91)
(85, 91)
(86, 91)
(48, 92)
(49, 92)
(50, 92)
(51, 92)
(52, 92)
(59, 92)
(60, 92)
(61, 92)
(62, 92)
(67, 92)
(68, 92)
(69, 92)
(2, 93)
(3, 93)
(4, 93)
(48, 93)
(49, 93)
(50, 93)
(51, 93)
(52, 93)
(59, 93)
(60, 93)
(61, 93)
(62, 93)
(67, 93)
(68, 93)
(69, 93)
(2, 94)
(3, 94)
(4, 94)
(2, 95)
(3, 95)
(4, 95)
(12, 95)
(13, 95)
(14, 95)
(91, 95)
(92, 95)
(93, 95)
(2, 96)
(3, 96)
(4, 96)
(12, 96)
(13, 96)
(14, 96)
(91, 96)
(92, 96)
(93, 96)
(2, 97)
(3, 97)
(4, 97)
(12, 97)
(13, 97)
(14, 97)
(91, 97)
(92, 97)
(93, 97)
-
(0, 5, 1.0, -1, 0.5)
(1, 1, 1.0, -1, 0.5)
(2, 1, 1.0, -1, 0.5)
(3, 4, 1.0, -1, 0.5)
(4, 4, 1.0, -1, 0.5)
(5, 3, 1.0, -1, 0.5)
(6, 3, 1.0, -1, 0.5)
(7, 2, 1.0, -1, 0.5)
(8, 2, 1.0, -1, 0.5)
(9, 5, 1.0, -1, 0.5)
-
(0, (30,78), (60,66))
(1, (27,88), (3,51))
(2, (94,9), (40,62))
(3, (23,82), (16,42))
(4, (72,84), (82,3))
(5, (33,30), (20,71))
(6, (97,11), (55,5))
(7, (13,32), (19,69))
(8, (61,30), (25,51))
(9, (19,94), (66,56))
