100
(67, 0)
(68, 0)
(69, 0)
(17, 1)
(18, 1)
(19, 1)
(20, 1)
(21, 1)
(67, 1)
(68, 1)
(69, 1)
(17, 2)
(18, 2)
(19, 2)
(20, 2)
(21, 2)
(51, 2)
(52, 2)
(53, 2)
(67, 2)
(68, 2)
(69, 2)
(92, 2)
(93, 2)
(94, 2)
(95, 2)
(17, 3)
(18, 3)
(19, 3)
(20, 3)
(21, 3)
(51, 3)
(52, 3)
(53, 3)
(67, 3)
(68, 3)
(69, 3)
(87, 3)
(88, 3)
(89, 3)
(90, 3)
(91, 3)
(92, 3)
(93, 3)
(94, 3)
(95, 3)
(17, 4)
(18, 4)
(19, 4)
(20, 4)
(21, 4)
(51, 4)
(52, 4)
(53, 4)
(87, 4)
(88, 4)
(89, 4)
(90, 4)
(91, 4)
(92, 4)
(93, 4)
(94, 4)
(95, 4)
(17, 5)
(18, 5)
(19, 5)
(20, 5)
(21, 5)
(87, 5)
(88, 5)
(89, 5)
(90, 5)
(91, 5)
(92, 5)
(93, 5)
(94, 5)
(95, 5)
(87, 6)
(88, 6)
(89, 6)
(90, 6)
(91, 6)
(46, 7)
(47, 7)
(48, 7)
(49, 7)
(51, 7)
(52, 7)
(53, 7)
(54, 7)
(55, 7)
(87, 7)
(88, 7)
(89, 7)
(90, 7)
(91, 7)
(46, 8)
(47, 8)
(48, 8)
(49, 8)
(51, 8)
(52, 8)
(53, 8)
(54, 8)
(55, 8)
(39, 9)
(40, 9)
(41, 9)
(42, 9)
(46, 9)
(47, 9)
(48, 9)
(49, 9)
(51, 9)
(52, 9)
(53, 9)
(54, 9)
(55, 9)
(57, 9)
(58, 9)
(59, 9)
(60, 9)
(7, 10)
(8, 10)
(9, 10)
(10, 10)
(11, 10)
(39, 10)
(40, 10)
(41, 10)
(42, 10)
(46, 10)
(47, 10)
(48, 10)
(49, 10)
(51, 10)
(52, 10)
(53, 10)
(54, 10)
(55, 10)
(57, 10)
(58, 10)
(59, 10)
(60, 10)
(75, 10)
(76, 10)
(77, 10)
(93, 10)
(94, 10)
(95, 10)
(96, 10)
(0, 11)
(1, 11)
(2, 11)
(3, 11)
(7, 11)
(8, 11)
(9, 11)
(10, 11)
(11, 11)
(39, 11)
(40, 11)
(41, 11)
(42, 11)
(46, 11)
(47, 11)
(48, 11)
(49, 11)
(57, 11)
(58, 11)
(59, 11)
(60, 11)
(75, 11)
(76, 11)
(77, 11)
(93, 11)
(94, 11)
(95, 11)
(96, 11)
(0, 12)
(1, 12)
(2, 12)
(3, 12)
(7, 12)
(8, 12)
(9, 12)
(10, 12)
(11, 12)
(39, 12)
(40, 12)
(41, 12)
(42, 12)
(57, 12)
(58, 12)
(59, 12)
(60, 12)
(61, 12)
(62, 12)
(63, 12)
(75, 12)
(76, 12)
(77, 12)
(93, 12)
(94, 12)
(95, 12)
(96, 12)
(0, 13)
(1, 13)
(2, 13)
(3, 13)
(7, 13)
(8, 13)
(9, 13)
(10, 13)
(11, 13)
(53, 13)
(54, 13)
(55, 13)
(56, 13)
(57, 13)
(58, 13)
(59, 13)
(60, 13)
(61, 13)
(62, 13)
(63, 13)
(75, 13)
(76, 13)
(77, 13)
(79, 13)
(80, 13)
(81, 13)
(82, 13)
(83, 13)
(93, 13)
(94, 13)
(95, 13)
(96, 13)
(0, 14)
(1, 14)
(2, 14)
(3, 14)
(7, 14)
(8, 14)
(9, 14)
(10, 14)
(11, 14)
(53, 14)
(54, 14)
(55, 14)
(56, 14)
(61, 14)
(62, 14)
(63, 14)
(75, 14)
(76, 14)
(77, 14)
(79, 14)
(80, 14)
(81, 14)
(82, 14)
(83, 14)
(19, 15)
(20, 15)
(21, 15)
(22, 15)
(32, 15)
(33, 15)
(34, 15)
(36, 15)
(37, 15)
(38, 15)
(39, 15)
(53, 15)
(54, 15)
(55, 15)
(56, 15)
(61, 15)
(62, 15)
(63, 15)
(79, 15)
(80, 15)
(81, 15)
(82, 15)
(83, 15)
(19, 16)
(20, 16)
(21, 16)
(22, 16)
(32, 16)
(33, 16)
(34, 16)
(36, 16)
(37, 16)
(38, 16)
(39, 16)
(53, 16)
(54, 16)
(55, 16)
(56, 16)
(79, 16)
(80, 16)
(81, 16)
(82, 16)
(83, 16)
(19, 17)
(20, 17)
(21, 17)
(22, 17)
(32, 17)
(33, 17)
(34, 17)
(36, 17)
(37, 17)
(38, 17)
(39, 17)
(10, 18)
(11, 18)
(12, 18)
(13, 18)
(19, 18)
(20, 18)
(21, 18)
(22, 18)
(32, 18)
(33, 18)
(34, 18)
(36, 18)
(37, 18)
(38, 18)
(39, 18)
(41, 18)
(42, 18)
(43, 18)
(79, 18)
(80, 18)
(81, 18)
(82, 18)
(10, 19)
(11, 19)
(12, 19)
(13, 19)
(19, 19)
(20, 19)
(21, 19)
(22, 19)
(32, 19)
(33, 19)
(34, 19)
(37, 19)
(38, 19)
(39, 19)
(41, 19)
(42, 19)
(43, 19)
(79, 19)
(80, 19)
(81, 19)
(82, 19)
(10, 20)
(11, 20)
(12, 20)
(13, 20)
(37, 20)
(38, 20)
(39, 20)
(41, 20)
(42, 20)
(43, 20)
(79, 20)
(80, 20)
(81, 20)
(82, 20)
(37, 21)
(38, 21)
(39, 21)
(41, 21)
(42, 21)
(43, 21)
(71, 21)
(72, 21)
(73, 21)
(79, 21)
(80, 21)
(81, 21)
(82, 21)
(93, 21)
(94, 21)
(95, 21)
(37, 22)
(38, 22)
(39, 22)
(71, 22)
(72, 22)
(73, 22)
(93, 22)
(94, 22)
(95, 22)
(37, 23)
(38, 23)
(39, 23)
(40, 23)
(41, 23)
(71, 23)
(72, 23)
(73, 23)
(93, 23)
(94, 23)
(95, 23)
(37, 24)
(38, 24)
(39, 24)
(40, 24)
(41, 24)
(63, 24)
(64, 24)
(65, 24)
(66, 24)
(67, 24)
(71, 24)
(72, 24)
(73, 24)
(20, 25)
(21, 25)
(22, 25)
(37, 25)
(38, 25)
(39, 25)
(40, 25)
(41, 25)
(63, 25)
(64, 25)
(65, 25)
(66, 25)
(67, 25)
(71, 25)
(72, 25)
(73, 25)
(20, 26)
(21, 26)
(22, 26)
(63, 26)
(64, 26)
(65, 26)
(66, 26)
(67, 26)
(12, 27)
(13, 27)
(14, 27)
(20, 27)
(21, 27)
(22, 27)
(48, 27)
(49, 27)
(50, 27)
(51, 27)
(12, 28)
(13, 28)
(14, 28)
(20, 28)
(21, 28)
(22, 28)
(48, 28)
(49, 28)
(50, 28)
(51, 28)
(80, 28)
(81, 28)
(82, 28)
(83, 28)
(12, 29)
(13, 29)
(14, 29)
(48, 29)
(49, 29)
(50, 29)
(51, 29)
(80, 29)
(81, 29)
(82, 29)
(83, 29)
(48, 30)
(49, 30)
(50, 30)
(51, 30)
(75, 30)
(76, 30)
(77, 30)
(78, 30)
(79, 30)
(80, 30)
(81, 30)
(82, 30)
(83, 30)
(48, 31)
(49, 31)
(50, 31)
(51, 31)
(75, 31)
(76, 31)
(77, 31)
(78, 31)
(79, 31)
(80, 31)
(81, 31)
(82, 31)
(83, 31)
(75, 32)
(76, 32)
(77, 32)
(78, 32)
(79, 32)
(80, 32)
(81, 32)
(82, 32)
(83, 32)
(12, 33)
(13, 33)
(14, 33)
(75, 33)
(76, 33)
(77, 33)
(78, 33)
(79, 33)
(12, 34)
(13, 34)
(14, 34)
(12, 35)
(13, 35)
(14, 35)
(33, 35)
(34, 35)
(35, 35)
(36, 35)
(12, 36)
(13, 36)
(14, 36)
(33, 36)
(34, 36)
(35, 36)
(36, 36)
(55, 36)
(56, 36)
(57, 36)
(72, 36)
(73, 36)
(74, 36)
(12, 37)
(13, 37)
(14, 37)
(33, 37)
(34, 37)
(35, 37)
(36, 37)
(44, 37)
(45, 37)
(46, 37)
(55, 37)
(56, 37)
(57, 37)
(72, 37)
(73, 37)
(74, 37)
(44, 38)
(45, 38)
(46, 38)
(55, 38)
(56, 38)
(57, 38)
(72, 38)
(73, 38)
(74, 38)
(44, 39)
(45, 39)
(46, 39)
(49, 39)
(50, 39)
(51, 39)
(52, 39)
(55, 39)
(56, 39)
(57, 39)
(2, 40)
(3, 40)
(4, 40)
(5, 40)
(49, 40)
(50, 40)
(51, 40)
(52, 40)
(55, 40)
(56, 40)
(57, 40)
(83, 40)
(84, 40)
(85, 40)
(86, 40)
(2, 41)
(3, 41)
(4, 41)
(5, 41)
(49, 41)
(50, 41)
(51, 41)
(52, 41)
(83, 41)
(84, 41)
(85, 41)
(86, 41)
(2, 42)
(3, 42)
(4, 42)
(5, 42)
(83, 42)
(84, 42)
(85, 42)
(86, 42)
(65, 43)
(66, 43)
(67, 43)
(68, 43)
(69, 43)
(65, 44)
(66, 44)
(67, 44)
(68, 44)
(69, 44)
(65, 45)
(66, 45)
(67, 45)
(68, 45)
(69, 45)
(61, 46)
(62, 46)
(63, 46)
(64, 46)
(65, 46)
(66, 46)
(67, 46)
(68, 46)
(69, 46)
(61, 47)
(62, 47)
(63, 47)
(64, 47)
(41, 48)
(42, 48)
(43, 48)
(61, 48)
(62, 48)
(63, 48)
(64, 48)
(72, 48)
(73, 48)
(74, 48)
(75, 48)
(81, 48)
(82, 48)
(83, 48)
(84, 48)
(85, 48)
(7, 49)
(8, 49)
(9, 49)
(10, 49)
(41, 49)
(42, 49)
(43, 49)
(72, 49)
(73, 49)
(74, 49)
(75, 49)
(81, 49)
(82, 49)
(83, 49)
(84, 49)
(85, 49)
(87, 49)
(88, 49)
(89, 49)
(90, 49)
(91, 49)
(0, 50)
(1, 50)
(2, 50)
(3, 50)
(4, 50)
(7, 50)
(8, 50)
(9, 50)
(10, 50)
(41, 50)
(42, 50)
(43, 50)
(72, 50)
(73, 50)
(74, 50)
(75, 50)
(81, 50)
(82, 50)
(83, 50)
(84, 50)
(85, 50)
(87, 50)
(88, 50)
(89, 50)
(90, 50)
(91, 50)
(0, 51)
(1, 51)
(2, 51)
(3, 51)
(4, 51)
(7, 51)
(8, 51)
(9, 51)
(10, 51)
(68, 51)
(69, 51)
(70, 51)
(71, 51)
(72, 51)
(73, 51)
(74, 51)
(75, 51)
(81, 51)
(82, 51)
(83, 51)
(84, 51)
(85, 51)
(87, 51)
(88, 51)
(89, 51)
(90, 51)
(91, 51)
(0, 52)
(1, 52)
(2, 52)
(3, 52)
(4, 52)
(52, 52)
(53, 52)
(54, 52)
(68, 52)
(69, 52)
(70, 52)
(71, 52)
(72, 52)
(73, 52)
(74, 52)
(75, 52)
(81, 52)
(82, 52)
(83, 52)
(84, 52)
(85, 52)
(87, 52)
(88, 52)
(89, 52)
(90, 52)
(91, 52)
(0, 53)
(1, 53)
(2, 53)
(3, 53)
(4, 53)
(16, 53)
(17, 53)
(18, 53)
(19, 53)
(20, 53)
(52, 53)
(53, 53)
(54, 53)
(68, 53)
(69, 53)
(70, 53)
(71, 53)
(73, 53)
(74, 53)
(75, 53)
(76, 53)
(87, 53)
(88, 53)
(89, 53)
(16, 54)
(17, 54)
(18, 54)
(19, 54)
(20, 54)
(40, 54)
(41, 54)
(42, 54)
(43, 54)
(44, 54)
(52, 54)
(53, 54)
(54, 54)
(68, 54)
(69, 54)
(70, 54)
(71, 54)
(73, 54)
(74, 54)
(75, 54)
(76, 54)
(87, 54)
(88, 54)
(89, 54)
(16, 55)
(17, 55)
(18, 55)
(19, 55)
(20, 55)
(40, 55)
(41, 55)
(42, 55)
(43, 55)
(44, 55)
(52, 55)
(53, 55)
(54, 55)
(68, 55)
(69, 55)
(70, 55)
(71, 55)
(73, 55)
(74, 55)
(75, 55)
(76, 55)
(81, 55)
(82, 55)
(83, 55)
(87, 55)
(88, 55)
(89, 55)
(16, 56)
(17, 56)
(18, 56)
(19, 56)
(20, 56)
(40, 56)
(41, 56)
(42, 56)
(43, 56)
(44, 56)
(51, 56)
(52, 56)
(53, 56)
(73, 56)
(74, 56)
(75, 56)
(76, 56)
(81, 56)
(82, 56)
(83, 56)
(87, 56)
(88, 56)
(89, 56)
(16, 57)
(17, 57)
(18, 57)
(19, 57)
(20, 57)
(40, 57)
(41, 57)
(42, 57)
(43, 57)
(44, 57)
(51, 57)
(52, 57)
(53, 57)
(81, 57)
(82, 57)
(83, 57)
(87, 57)
(88, 57)
(89, 57)
(40, 58)
(41, 58)
(42, 58)
(43, 58)
(44, 58)
(51, 58)
(52, 58)
(53, 58)
(12, 59)
(13, 59)
(14, 59)
(51, 59)
(52, 59)
(53, 59)
(12, 60)
(13, 60)
(14, 60)
(41, 60)
(42, 60)
(43, 60)
(44, 60)
(45, 60)
(12, 61)
(13, 61)
(14, 61)
(41, 61)
(42, 61)
(43, 61)
(44, 61)
(45, 61)
(12, 62)
(13, 62)
(14, 62)
(15, 62)
(16, 62)
(17, 62)
(41, 62)
(42, 62)
(43, 62)
(44, 62)
(45, 62)
(58, 62)
(59, 62)
(60, 62)
(61, 62)
(12, 63)
(13, 63)
(14, 63)
(15, 63)
(16, 63)
(17, 63)
(44, 63)
(45, 63)
(46, 63)
(47, 63)
(58, 63)
(59, 63)
(60, 63)
(61, 63)
(68, 63)
(69, 63)
(70, 63)
(71, 63)
(72, 63)
(15, 64)
(16, 64)
(17, 64)
(44, 64)
(45, 64)
(46, 64)
(47, 64)
(58, 64)
(59, 64)
(60, 64)
(61, 64)
(68, 64)
(69, 64)
(70, 64)
(71, 64)
(72, 64)
(83, 64)
(84, 64)
(85, 64)
(86, 64)
(87, 64)
(21, 65)
(22, 65)
(23, 65)
(24, 65)
(44, 65)
(45, 65)
(46, 65)
(47, 65)
(58, 65)
(59, 65)
(60, 65)
(61, 65)
(68, 65)
(69, 65)
(70, 65)
(71, 65)
(72, 65)
(83, 65)
(84, 65)
(85, 65)
(86, 65)
(87, 65)
(6, 66)
(7, 66)
(8, 66)
(9, 66)
(21, 66)
(22, 66)
(23, 66)
(24, 66)
(44, 66)
(45, 66)
(46, 66)
(47, 66)
(58, 66)
(59, 66)
(60, 66)
(61, 66)
(83, 66)
(84, 66)
(85, 66)
(86, 66)
(87, 66)
(6, 67)
(7, 67)
(8, 67)
(9, 67)
(21, 67)
(22, 67)
(23, 67)
(24, 67)
(46, 67)
(47, 67)
(48, 67)
(49, 67)
(50, 67)
(83, 67)
(84, 67)
(85, 67)
(86, 67)
(87, 67)
(6, 68)
(7, 68)
(8, 68)
(9, 68)
(13, 68)
(14, 68)
(15, 68)
(21, 68)
(22, 68)
(23, 68)
(24, 68)
(46, 68)
(47, 68)
(48, 68)
(49, 68)
(50, 68)
(64, 68)
(65, 68)
(66, 68)
(67, 68)
(68, 68)
(73, 68)
(74, 68)
(75, 68)
(76, 68)
(77, 68)
(83, 68)
(84, 68)
(85, 68)
(86, 68)
(87, 68)
(6, 69)
(7, 69)
(8, 69)
(9, 69)
(13, 69)
(14, 69)
(15, 69)
(21, 69)
(22, 69)
(23, 69)
(24, 69)
(46, 69)
(47, 69)
(48, 69)
(49, 69)
(50, 69)
(55, 69)
(56, 69)
(57, 69)
(58, 69)
(64, 69)
(65, 69)
(66, 69)
(67, 69)
(68, 69)
(73, 69)
(74, 69)
(75, 69)
(76, 69)
(77, 69)
(1, 70)
(2, 70)
(3, 70)
(4, 70)
(5, 70)
(13, 70)
(14, 70)
(15, 70)
(19, 70)
(20, 70)
(21, 70)
(22, 70)
(27, 70)
(28, 70)
(29, 70)
(30, 70)
(31, 70)
(55, 70)
(56, 70)
(57, 70)
(58, 70)
(61, 70)
(62, 70)
(63, 70)
(64, 70)
(65, 70)
(66, 70)
(67, 70)
(68, 70)
(73, 70)
(74, 70)
(75, 70)
(76, 70)
(77, 70)
(1, 71)
(2, 71)
(3, 71)
(4, 71)
(5, 71)
(13, 71)
(14, 71)
(15, 71)
(19, 71)
(20, 71)
(21, 71)
(22, 71)
(27, 71)
(28, 71)
(29, 71)
(30, 71)
(31, 71)
(55, 71)
(56, 71)
(57, 71)
(58, 71)
(61, 71)
(62, 71)
(63, 71)
(64, 71)
(65, 71)
(66, 71)
(67, 71)
(68, 71)
(73, 71)
(74, 71)
(75, 71)
(76, 71)
(77, 71)
(1, 72)
(2, 72)
(3, 72)
(4, 72)
(5, 72)
(19, 72)
(20, 72)
(21, 72)
(22, 72)
(27, 72)
(28, 72)
(29, 72)
(30, 72)
(31, 72)
(61, 72)
(62, 72)
(63, 72)
(64, 72)
(65, 72)
(66, 72)
(67, 72)
(68, 72)
(1, 73)
(2, 73)
(3, 73)
(4, 73)
(5, 73)
(19, 73)
(20, 73)
(21, 73)
(22, 73)
(61, 73)
(62, 73)
(63, 73)
(1, 74)
(2, 74)
(3, 74)
(4, 74)
(5, 74)
(19, 74)
(20, 74)
(21, 74)
(22, 74)
(39, 75)
(40, 75)
(41, 75)
(42, 75)
(43, 75)
(39, 76)
(40, 76)
(41, 76)
(42, 76)
(43, 76)
(6, 77)
(7, 77)
(8, 77)
(39, 77)
(40, 77)
(41, 77)
(42, 77)
(43, 77)
(6, 78)
(7, 78)
(8, 78)
(6, 79)
(7, 79)
(8, 79)
(17, 79)
(18, 79)
(19, 79)
(93, 79)
(94, 79)
(95, 79)
(96, 79)
(6, 80)
(7, 80)
(8, 80)
(17, 80)
(18, 80)
(19, 80)
(67, 80)
(68, 80)
(69, 80)
(70, 80)
(93, 80)
(94, 80)
(95, 80)
(96, 80)
(17, 81)
(18, 81)
(19, 81)
(67, 81)
(68, 81)
(69, 81)
(70, 81)
(93, 81)
(94, 81)
(95, 81)
(96, 81)
(17, 82)
(18, 82)
(19, 82)
(67, 82)
(68, 82)
(69, 82)
(70, 82)
(93, 82)
(94, 82)
(95, 82)
(96, 82)
(67, 83)
(68, 83)
(69, 83)
(70, 83)
(93, 83)
(94, 83)
(95, 83)
(96, 83)
(67, 84)
(68, 84)
(69, 84)
(70, 84)
(51, 85)
(52, 85)
(53, 85)
(54, 85)
(55, 85)
(51, 86)
(52, 86)
(53, 86)
(54, 86)
(55, 86)
(51, 87)
(52, 87)
(53, 87)
(54, 87)
(55, 87)
(51, 88)
(52, 88)
(53, 88)
(54, 88)
(55, 88)
(11, 89)
(12, 89)
(13, 89)
(87, 89)
(88, 89)
(89, 89)
(90, 89)
(91, 89)
(11, 90)
(12, 90)
(13, 90)
(79, 90)
(80, 90)
(81, 90)
(87, 90)
(88, 90)
(89, 90)
(90, 90)
(91, 90)
(11, 91)
(12, 91)
(13, 91)
(30, 91)
(31, 91)
(32, 91)
(33, 91)
(79, 91)
(80, 91)
(81, 91)
(87, 91)
(88, 91)
(89, 91)
(90, 91)
(91, 91)
(11, 92)
(12, 92)
(13, 92)
(30, 92)
(31, 92)
(32, 92)
(33, 92)
(58, 92)
(59, 92)
(60, 92)
(69, 92)
(70, 92)
(71, 92)
(72, 92)
(73, 92)
(79, 92)
(80, 92)
(81, 92)
(11, 93)
(12, 93)
(13, 93)
(30, 93)
(31, 93)
(32, 93)
(33, 93)
(41, 93)
(42, 93)
(43, 93)
(44, 93)
(45, 93)
(58, 93)
(59, 93)
(60, 93)
(69, 93)
(70, 93)
(71, 93)
(72, 93)
(73, 93)
(30, 94)
(31, 94)
(32, 94)
(33, 94)
(41, 94)
(42, 94)
(43, 94)
(44, 94)
(45, 94)
(58, 94)
(59, 94)
(60, 94)
(69, 94)
(70, 94)
(71, 94)
(72, 94)
(73, 94)
(77, 94)
(78, 94)
(79, 94)
(80, 94)
(81, 94)
(11, 95)
(12, 95)
(13, 95)
(14, 95)
(30, 95)
(31, 95)
(32, 95)
(33, 95)
(41, 95)
(42, 95)
(43, 95)
(44, 95)
(45, 95)
(57, 95)
(58, 95)
(59, 95)
(69, 95)
(70, 95)
(71, 95)
(72, 95)
(73, 95)
(77, 95)
(78, 95)
(79, 95)
(80, 95)
(81, 95)
(11, 96)
(12, 96)
(13, 96)
(14, 96)
(41, 96)
(42, 96)
(43, 96)
(44, 96)
(45, 96)
(57, 96)
(58, 96)
(59, 96)
(69, 96)
(70, 96)
(71, 96)
(72, 96)
(73, 96)
(77, 96)
(78, 96)
(79, 96)
(80, 96)
(81, 96)
(11, 97)
(12, 97)
(13, 97)
(14, 97)
(41, 97)
(42, 97)
(43, 97)
(44, 97)
(45, 97)
(57, 97)
(58, 97)
(59, 97)
(77, 97)
(78, 97)
(79, 97)
(80, 97)
(81, 97)
(11, 98)
(12, 98)
(13, 98)
(14, 98)
(77, 98)
(78, 98)
(79, 98)
(80, 98)
(81, 98)
-
(0, 1, 1.0, -1, 0.5)
(1, 4, 1.0, -1, 0.5)
(2, 5, 1.0, -1, 0.5)
(3, 2, 1.0, -1, 0.5)
(4, 3, 1.0, -1, 0.5)
(5, 2, 1.0, -1, 0.5)
(6, 3, 1.0, -1, 0.5)
(7, 1, 1.0, -1, 0.5)
(8, 4, 1.0, -1, 0.5)
(9, 5, 1.0, -1, 0.5)
-
(0, (34,4), (65,77))
(1, (12,54), (83,70))
(2, (67,73), (86,24))
(3, (65,50), (29,63))
(4, (5,88), (4,29))
(5, (52,73), (33,29))
(6, (20,39), (69,87))
(7, (94,68), (70,86))
(8, (26,76), (65,90))
(9, (28,65), (48,22))
