100
(61, 44)
(62, 44)
(63, 44)
(1, 45)
(2, 45)
(3, 45)
(4, 45)
(61, 45)
(62, 45)
(63, 45)
(1, 46)
(2, 46)
(3, 46)
(4, 46)
(61, 46)
(62, 46)
(63, 46)
(1, 47)
(2, 47)
(3, 47)
(4, 47)
(1, 48)
(2, 48)
(3, 48)
(4, 48)
(10, 57)
(11, 57)
(12, 57)
(13, 57)
(10, 58)
(11, 58)
(12, 58)
(13, 58)
(10, 59)
(11, 59)
(12, 59)
(13, 59)
(0, 65)
(1, 65)
(2, 65)
(3, 65)
(0, 66)
(1, 66)
(2, 66)
(3, 66)
(0, 67)
(1, 67)
(2, 67)
(3, 67)
(53, 78)
(54, 78)
(55, 78)
(56, 78)
(57, 78)
(53, 79)
(54, 79)
(55, 79)
(56, 79)
(57, 79)
(53, 80)
(54, 80)
(55, 80)
(56, 80)
(57, 80)
-
(0, 2, 1.0, -1, 0.5)
(1, 1, 1.0, -1, 0.5)
(2, 4, 1.0, -1, 0.5)
(3, 3, 1.0, -1, 0.5)
(4, 4, 1.0, -1, 0.5)
(5, 3, 1.0, -1, 0.5)
(6, 1, 1.0, -1, 0.5)
(7, 5, 1.0, -1, 0.5)
(8, 2, 1.0, -1, 0.5)
(9, 5, 1.0, -1, 0.5)
-
(0, (81,93), (4,96))
(1, (70,54), (88,93))
(2, (19,68), (28,4))
(3, (29,30), (69,36))
(4, (53,49), (77,23))
(5, (31,58), (21,94))
(6, (64,18), (25,78))
(7, (8,5), (48,71))
(8, (23,57), (41,9))
(9, (85,17), (83,79))
