100
(57, 0)
(58, 0)
(59, 0)
(60, 0)
(38, 1)
(39, 1)
(40, 1)
(41, 1)
(57, 1)
(58, 1)
(59, 1)
(60, 1)
(38, 2)
(39, 2)
(40, 2)
(41, 2)
(57, 2)
(58, 2)
(59, 2)
(60, 2)
(38, 3)
(39, 3)
(40, 3)
(41, 3)
(57, 3)
(58, 3)
(59, 3)
(60, 3)
(38, 4)
(39, 4)
(40, 4)
(41, 4)
(57, 5)
(58, 5)
(59, 5)
(60, 5)
(61, 5)
(57, 6)
(58, 6)
(59, 6)
(60, 6)
(61, 6)
(57, 7)
(58, 7)
(59, 7)
(60, 7)
(61, 7)
(65, 7)
(66, 7)
(67, 7)
(68, 7)
(57, 8)
(58, 8)
(59, 8)
(60, 8)
(61, 8)
(65, 8)
(66, 8)
(67, 8)
(68, 8)
(65, 9)
(66, 9)
(67, 9)
(68, 9)
(93, 18)
(94, 18)
(95, 18)
(96, 18)
(97, 18)
(93, 19)
(94, 19)
(95, 19)
(96, 19)
(97, 19)
(93, 20)
(94, 20)
(95, 20)
(96, 20)
(97, 20)
(93, 21)
(94, 21)
(95, 21)
(96, 21)
(97, 21)
(93, 22)
(94, 22)
(95, 22)
(96, 22)
(97, 22)
(48, 26)
(49, 26)
(50, 26)
(51, 26)
(48, 27)
(49, 27)
(50, 27)
(51, 27)
(48, 28)
(49, 28)
(50, 28)
(51, 28)
(48, 29)
(49, 29)
(50, 29)
(51, 29)
(33, 47)
(34, 47)
(35, 47)
(33, 48)
(34, 48)
(35, 48)
(33, 49)
(34, 49)
(35, 49)
(89, 49)
(90, 49)
(91, 49)
(92, 49)
(93, 49)
(89, 50)
(90, 50)
(91, 50)
(92, 50)
(93, 50)
(89, 51)
(90, 51)
(91, 51)
(92, 51)
(93, 51)
(89, 52)
(90, 52)
(91, 52)
(92, 52)
(93, 52)
(88, 64)
(89, 64)
(90, 64)
(91, 64)
(67, 65)
(68, 65)
(69, 65)
(88, 65)
(89, 65)
(90, 65)
(91, 65)
(67, 66)
(68, 66)
(69, 66)
(88, 66)
(89, 66)
(90, 66)
(91, 66)
(20, 67)
(21, 67)
(22, 67)
(67, 67)
(68, 67)
(69, 67)
(20, 68)
(21, 68)
(22, 68)
(67, 68)
(68, 68)
(69, 68)
(20, 69)
(21, 69)
(22, 69)
(67, 69)
(68, 69)
(69, 69)
(53, 78)
(54, 78)
(55, 78)
(56, 78)
(18, 79)
(19, 79)
(20, 79)
(21, 79)
(53, 79)
(54, 79)
(55, 79)
(56, 79)
(18, 80)
(19, 80)
(20, 80)
(21, 80)
(53, 80)
(54, 80)
(55, 80)
(56, 80)
(18, 81)
(19, 81)
(20, 81)
(21, 81)
(53, 81)
(54, 81)
(55, 81)
(56, 81)
(18, 82)
(19, 82)
(20, 82)
(21, 82)
(53, 82)
(54, 82)
(55, 82)
(56, 82)
(18, 83)
(19, 83)
(20, 83)
(21, 83)
(60, 86)
(61, 86)
(62, 86)
(97, 86)
(98, 86)
(99, 86)
(60, 87)
(61, 87)
(62, 87)
(97, 87)
(98, 87)
(99, 87)
(60, 88)
(61, 88)
(62, 88)
(97, 88)
(98, 88)
(99, 88)
(97, 89)
(98, 89)
(99, 89)
(97, 90)
(98, 90)
(99, 90)
-
(0, 2, 1.0, -1, 0.5)
(1, 1, 1.0, -1, 0.5)
(2, 2, 1.0, -1, 0.5)
(3, 1, 1.0, -1, 0.5)
(4, 4, 1.0, -1, 0.5)
(5, 4, 1.0, -1, 0.5)
(6, 3, 1.0, -1, 0.5)
(7, 3, 1.0, -1, 0.5)
(8, 5, 1.0, -1, 0.5)
(9, 5, 1.0, -1, 0.5)
-
(0, (21,39), (48,64))
(1, (59,69), (63,12))
(2, (21,8), (82,68))
(3, (77,7), (5,16))
(4, (89,19), (31,82))
(5, (8,37), (77,36))
(6, (43,36), (61,61))
(7, (26,17), (72,59))
(8, (29,68), (77,75))
(9, (93,75), (21,44))
