100
(31, 0)
(32, 0)
(33, 0)
(34, 0)
(35, 0)
(31, 1)
(32, 1)
(33, 1)
(34, 1)
(35, 1)
(31, 2)
(32, 2)
(33, 2)
(34, 2)
(35, 2)
(6, 3)
(7, 3)
(8, 3)
(31, 3)
(32, 3)
(33, 3)
(34, 3)
(35, 3)
(6, 4)
(7, 4)
(8, 4)
(6, 5)
(7, 5)
(8, 5)
(6, 6)
(7, 6)
(8, 6)
(51, 6)
(52, 6)
(53, 6)
(54, 6)
(55, 6)
(6, 7)
(7, 7)
(8, 7)
(51, 7)
(52, 7)
(53, 7)
(54, 7)
(55, 7)
(51, 8)
(52, 8)
(53, 8)
(54, 8)
(55, 8)
(51, 9)
(52, 9)
(53, 9)
(54, 9)
(55, 9)
(31, 11)
(32, 11)
(33, 11)
(34, 11)
(35, 11)
(0, 12)
(1, 12)
(2, 12)
(3, 12)
(31, 12)
(32, 12)
(33, 12)
(34, 12)
(35, 12)
(0, 13)
(1, 13)
(2, 13)
(3, 13)
(31, 13)
(32, 13)
(33, 13)
(34, 13)
(35, 13)
(42, 13)
(43, 13)
(44, 13)
(45, 13)
(0, 14)
(1, 14)
(2, 14)
(3, 14)
(31, 14)
(32, 14)
(33, 14)
(34, 14)
(35, 14)
(42, 14)
(43, 14)
(44, 14)
(45, 14)
(9, 15)
(10, 15)
(11, 15)
(12, 15)
(42, 15)
(43, 15)
(44, 15)
(45, 15)
(9, 16)
(10, 16)
(11, 16)
(12, 16)
(9, 17)
(10, 17)
(11, 17)
(12, 17)
(65, 24)
(66, 24)
(67, 24)
(68, 24)
(69, 24)
(74, 24)
(75, 24)
(76, 24)
(77, 24)
(65, 25)
(66, 25)
(67, 25)
(68, 25)
(69, 25)
(74, 25)
(75, 25)
(76, 25)
(77, 25)
(65, 26)
(66, 26)
(67, 26)
(68, 26)
(69, 26)
(74, 26)
(75, 26)
(76, 26)
(77, 26)
(65, 27)
(66, 27)
(67, 27)
(68, 27)
(69, 27)
(93, 27)
(94, 27)
(95, 27)
(93, 28)
(94, 28)
(95, 28)
(47, 29)
(48, 29)
(49, 29)
(50, 29)
(93, 29)
(94, 29)
(95, 29)
(47, 30)
(48, 30)
(49, 30)
(50, 30)
(93, 30)
(94, 30)
(95, 30)
(19, 31)
(20, 31)
(21, 31)
(22, 31)
(47, 31)
(48, 31)
(49, 31)
(50, 31)
(93, 31)
(94, 31)
(95, 31)
(19, 32)
(20, 32)
(21, 32)
(22, 32)
(67, 32)
(68, 32)
(69, 32)
(19, 33)
(20, 33)
(21, 33)
(22, 33)
(67, 33)
(68, 33)
(69, 33)
(19, 34)
(20, 34)
(21, 34)
(22, 34)
(67, 34)
(68, 34)
(69, 34)
(94, 34)
(95, 34)
(96, 34)
(97, 34)
(19, 35)
(20, 35)
(21, 35)
(22, 35)
(67, 35)
(68, 35)
(69, 35)
(94, 35)
(95, 35)
(96, 35)
(97, 35)
(22, 36)
(23, 36)
(24, 36)
(82, 36)
(83, 36)
(84, 36)
(85, 36)
(86, 36)
(94, 36)
(95, 36)
(96, 36)
(97, 36)
(22, 37)
(23, 37)
(24, 37)
(82, 37)
(83, 37)
(84, 37)
(85, 37)
(86, 37)
(94, 37)
(95, 37)
(96, 37)
(97, 37)
(18, 38)
(19, 38)
(20, 38)
(22, 38)
(23, 38)
(24, 38)
(82, 38)
(83, 38)
(84, 38)
(85, 38)
(86, 38)
(94, 38)
(95, 38)
(96, 38)
(97, 38)
(18, 39)
(19, 39)
(20, 39)
(22, 39)
(23, 39)
(24, 39)
(82, 39)
(83, 39)
(84, 39)
(85, 39)
(86, 39)
(18, 40)
(19, 40)
(20, 40)
(22, 40)
(23, 40)
(24, 40)
(52, 40)
(53, 40)
(54, 40)
(82, 40)
(83, 40)
(84, 40)
(85, 40)
(86, 40)
(52, 41)
(53, 41)
(54, 41)
(8, 42)
(9, 42)
(10, 42)
(52, 42)
(53, 42)
(54, 42)
(8, 43)
(9, 43)
(10, 43)
(52, 43)
(53, 43)
(54, 43)
(8, 44)
(9, 44)
(10, 44)
(16, 44)
(17, 44)
(18, 44)
(19, 44)
(54, 44)
(55, 44)
(56, 44)
(60, 44)
(61, 44)
(62, 44)
(63, 44)
(16, 45)
(17, 45)
(18, 45)
(19, 45)
(54, 45)
(55, 45)
(56, 45)
(60, 45)
(61, 45)
(62, 45)
(63, 45)
(16, 46)
(17, 46)
(18, 46)
(19, 46)
(54, 46)
(55, 46)
(56, 46)
(60, 46)
(61, 46)
(62, 46)
(63, 46)
(16, 47)
(17, 47)
(18, 47)
(19, 47)
(60, 47)
(61, 47)
(62, 47)
(63, 47)
(72, 47)
(73, 47)
(74, 47)
(75, 47)
(16, 48)
(17, 48)
(18, 48)
(19, 48)
(60, 48)
(61, 48)
(62, 48)
(63, 48)
(68, 48)
(69, 48)
(70, 48)
(72, 48)
(73, 48)
(74, 48)
(75, 48)
(19, 49)
(20, 49)
(21, 49)
(22, 49)
(68, 49)
(69, 49)
(70, 49)
(72, 49)
(73, 49)
(74, 49)
(75, 49)
(8, 50)
(9, 50)
(10, 50)
(11, 50)
(12, 50)
(19, 50)
(20, 50)
(21, 50)
(22, 50)
(68, 50)
(69, 50)
(70, 50)
(72, 50)
(73, 50)
(74, 50)
(75, 50)
(84, 50)
(85, 50)
(86, 50)
(87, 50)
(8, 51)
(9, 51)
(10, 51)
(11, 51)
(12, 51)
(19, 51)
(20, 51)
(21, 51)
(22, 51)
(68, 51)
(69, 51)
(70, 51)
(84, 51)
(85, 51)
(86, 51)
(87, 51)
(8, 52)
(9, 52)
(10, 52)
(11, 52)
(12, 52)
(19, 52)
(20, 52)
(21, 52)
(22, 52)
(68, 52)
(69, 52)
(70, 52)
(84, 52)
(85, 52)
(86, 52)
(87, 52)
(8, 53)
(9, 53)
(10, 53)
(11, 53)
(12, 53)
(66, 53)
(67, 53)
(68, 53)
(69, 53)
(70, 53)
(84, 53)
(85, 53)
(86, 53)
(87, 53)
(66, 54)
(67, 54)
(68, 54)
(69, 54)
(70, 54)
(84, 54)
(85, 54)
(86, 54)
(87, 54)
(66, 55)
(67, 55)
(68, 55)
(69, 55)
(70, 55)
(66, 56)
(67, 56)
(68, 56)
(69, 56)
(70, 56)
(95, 56)
(96, 56)
(97, 56)
(98, 56)
(66, 57)
(67, 57)
(68, 57)
(69, 57)
(70, 57)
(95, 57)
(96, 57)
(97, 57)
(98, 57)
(67, 58)
(68, 58)
(69, 58)
(70, 58)
(71, 58)
(95, 58)
(96, 58)
(97, 58)
(98, 58)
(40, 59)
(41, 59)
(42, 59)
(43, 59)
(67, 59)
(68, 59)
(69, 59)
(70, 59)
(71, 59)
(40, 60)
(41, 60)
(42, 60)
(43, 60)
(67, 60)
(68, 60)
(69, 60)
(70, 60)
(71, 60)
(40, 61)
(41, 61)
(42, 61)
(43, 61)
(60, 61)
(61, 61)
(62, 61)
(67, 61)
(68, 61)
(69, 61)
(70, 61)
(71, 61)
(40, 62)
(41, 62)
(42, 62)
(43, 62)
(60, 62)
(61, 62)
(62, 62)
(67, 62)
(68, 62)
(69, 62)
(70, 62)
(71, 62)
(60, 63)
(61, 63)
(62, 63)
(60, 64)
(61, 64)
(62, 64)
(16, 65)
(17, 65)
(18, 65)
(19, 65)
(20, 65)
(31, 65)
(32, 65)
(33, 65)
(34, 65)
(35, 65)
(42, 65)
(43, 65)
(44, 65)
(45, 65)
(46, 65)
(16, 66)
(17, 66)
(18, 66)
(19, 66)
(20, 66)
(31, 66)
(32, 66)
(33, 66)
(34, 66)
(35, 66)
(42, 66)
(43, 66)
(44, 66)
(45, 66)
(46, 66)
(16, 67)
(17, 67)
(18, 67)
(19, 67)
(20, 67)
(31, 67)
(32, 67)
(33, 67)
(34, 67)
(35, 67)
(42, 67)
(43, 67)
(44, 67)
(45, 67)
(46, 67)
(16, 68)
(17, 68)
(18, 68)
(19, 68)
(20, 68)
(31, 68)
(32, 68)
(33, 68)
(34, 68)
(35, 68)
(42, 68)
(43, 68)
(44, 68)
(45, 68)
(46, 68)
(31, 69)
(32, 69)
(33, 69)
(34, 69)
(35, 69)
(42, 69)
(43, 69)
(44, 69)
(45, 69)
(46, 69)
(4, 70)
(5, 70)
(6, 70)
(4, 71)
(5, 71)
(6, 71)
(16, 71)
(17, 71)
(18, 71)
(19, 71)
(20, 71)
(33, 71)
(34, 71)
(35, 71)
(67, 71)
(68, 71)
(69, 71)
(4, 72)
(5, 72)
(6, 72)
(16, 72)
(17, 72)
(18, 72)
(19, 72)
(20, 72)
(33, 72)
(34, 72)
(35, 72)
(67, 72)
(68, 72)
(69, 72)
(4, 73)
(5, 73)
(6, 73)
(16, 73)
(17, 73)
(18, 73)
(19, 73)
(20, 73)
(33, 73)
(34, 73)
(35, 73)
(67, 73)
(68, 73)
(69, 73)
(92, 73)
(93, 73)
(94, 73)
(4, 74)
(5, 74)
(6, 74)
(16, 74)
(17, 74)
(18, 74)
(19, 74)
(20, 74)
(33, 74)
(34, 74)
(35, 74)
(67, 74)
(68, 74)
(69, 74)
(92, 74)
(93, 74)
(94, 74)
(81, 75)
(82, 75)
(83, 75)
(84, 75)
(92, 75)
(93, 75)
(94, 75)
(81, 76)
(82, 76)
(83, 76)
(84, 76)
(81, 77)
(82, 77)
(83, 77)
(84, 77)
(29, 82)
(30, 82)
(31, 82)
(32, 82)
(33, 82)
(42, 82)
(43, 82)
(44, 82)
(45, 82)
(46, 82)
(51, 82)
(52, 82)
(53, 82)
(54, 82)
(29, 83)
(30, 83)
(31, 83)
(32, 83)
(33, 83)
(42, 83)
(43, 83)
(44, 83)
(45, 83)
(46, 83)
(51, 83)
(52, 83)
(53, 83)
(54, 83)
(29, 84)
(30, 84)
(31, 84)
(32, 84)
(33, 84)
(42, 84)
(43, 84)
(44, 84)
(45, 84)
(46, 84)
(51, 84)
(52, 84)
(53, 84)
(54, 84)
(29, 85)
(30, 85)
(31, 85)
(32, 85)
(33, 85)
(42, 85)
(43, 85)
(44, 85)
(45, 85)
(46, 85)
(51, 85)
(52, 85)
(53, 85)
(54, 85)
(52, 87)
(53, 87)
(54, 87)
(55, 87)
(56, 87)
(74, 87)
(75, 87)
(76, 87)
(52, 88)
(53, 88)
(54, 88)
(55, 88)
(56, 88)
(74, 88)
(75, 88)
(76, 88)
(52, 89)
(53, 89)
(54, 89)
(55, 89)
(56, 89)
(74, 89)
(75, 89)
(76, 89)
(52, 90)
(53, 90)
(54, 90)
(55, 90)
(56, 90)
(74, 90)
(75, 90)
(76, 90)
(74, 91)
(75, 91)
(76, 91)
(86, 92)
(87, 92)
(88, 92)
(89, 92)
(0, 93)
(1, 93)
(2, 93)
(3, 93)
(25, 93)
(26, 93)
(27, 93)
(28, 93)
(86, 93)
(87, 93)
(88, 93)
(89, 93)
(0, 94)
(1, 94)
(2, 94)
(3, 94)
(25, 94)
(26, 94)
(27, 94)
(28, 94)
(58, 94)
(59, 94)
(60, 94)
(61, 94)
(86, 94)
(87, 94)
(88, 94)
(89, 94)
(0, 95)
(1, 95)
(2, 95)
(3, 95)
(25, 95)
(26, 95)
(27, 95)
(28, 95)
(58, 95)
(59, 95)
(60, 95)
(61, 95)
(25, 96)
(26, 96)
(27, 96)
(28, 96)
(58, 96)
(59, 96)
(60, 96)
(61, 96)
(25, 97)
(26, 97)
(27, 97)
(28, 97)
-
(0, 1, 1.0, -1, 0.5)
(1, 4, 1.0, -1, 0.5)
(2, 3, 1.0, -1, 0.5)
(3, 3, 1.0, -1, 0.5)
(4, 4, 1.0, -1, 0.5)
(5, 5, 1.0, -1, 0.5)
(6, 2, 1.0, -1, 0.5)
(7, 1, 1.0, -1, 0.5)
(8, 5, 1.0, -1, 0.5)
(9, 2, 1.0, -1, 0.5)
-
(0, (7,76), (26,42))
(1, (18,18), (26,74))
(2, (73,61), (7,84))
(3, (15,49), (2,24))
(4, (53,57), (39,17))
(5, (47,59), (13,17))
(6, (52,19), (39,54))
(7, (94,81), (9,67))
(8, (83,16), (8,68))
(9, (37,5), (7,12))
