100
(63, 14)
(64, 14)
(65, 14)
(63, 15)
(64, 15)
(65, 15)
(63, 16)
(64, 16)
(65, 16)
(80, 25)
(81, 25)
(82, 25)
(83, 25)
(16, 26)
(17, 26)
(18, 26)
(19, 26)
(80, 26)
(81, 26)
(82, 26)
(83, 26)
(16, 27)
(17, 27)
(18, 27)
(19, 27)
(80, 27)
(81, 27)
(82, 27)
(83, 27)
(16, 28)
(17, 28)
(18, 28)
(19, 28)
(16, 29)
(17, 29)
(18, 29)
(19, 29)
(16, 30)
(17, 30)
(18, 30)
(19, 30)
(79, 33)
(80, 33)
(81, 33)
(79, 34)
(80, 34)
(81, 34)
(79, 35)
(80, 35)
(81, 35)
(79, 36)
(80, 36)
(81, 36)
(79, 37)
(80, 37)
(81, 37)
(16, 53)
(17, 53)
(18, 53)
(19, 53)
(20, 53)
(16, 54)
(17, 54)
(18, 54)
(19, 54)
(20, 54)
(16, 55)
(17, 55)
(18, 55)
(19, 55)
(20, 55)
-
(0, 2, 1.0, -1, 0.5)
(1, 5, 1.0, -1, 0.5)
(2, 4, 1.0, -1, 0.5)
(3, 4, 1.0, -1, 0.5)
(4, 1, 1.0, -1, 0.5)
(5, 3, 1.0, -1, 0.5)
(6, 3, 1.0, -1, 0.5)
(7, 5, 1.0, -1, 0.5)
(8, 1, 1.0, -1, 0.5)
(9, 2, 1.0, -1, 0.5)
-
(0, (0,34), (17,81))
(1, (53,75), (3,0))
(2, (53,65), (88,63))
(3, (30,43), (63,0))
(4, (42,31), (35,75))
(5, (80,46), (47,67))
(6, (7,35), (87,34))
(7, (93,55), (21,15))
(8, (94,29), (16,0))
(9, (75,5), (1,70))
