100
(24, 0)
(25, 0)
(26, 0)
(27, 0)
(28, 0)
(24, 1)
(25, 1)
(26, 1)
(27, 1)
(28, 1)
(24, 2)
(25, 2)
(26, 2)
(27, 2)
(28, 2)
(15, 3)
(16, 3)
(17, 3)
(24, 3)
(25, 3)
(26, 3)
(27, 3)
(28, 3)
(15, 4)
(16, 4)
(17, 4)
(24, 4)
(25, 4)
(26, 4)
(27, 4)
(28, 4)
(15, 5)
(16, 5)
(17, 5)
(15, 6)
(16, 6)
(17, 6)
(33, 6)
(34, 6)
(35, 6)
(36, 6)
(37, 6)
(15, 7)
(16, 7)
(17, 7)
(33, 7)
(34, 7)
(35, 7)
(36, 7)
(37, 7)
(33, 8)
(34, 8)
(35, 8)
(36, 8)
(37, 8)
(33, 9)
(34, 9)
(35, 9)
(36, 9)
(37, 9)
(33, 10)
(34, 10)
(35, 10)
(36, 10)
(37, 10)
(25, 13)
(26, 13)
(27, 13)
(28, 13)
(29, 13)
(68, 13)
(69, 13)
(70, 13)
(71, 13)
(72, 13)
(92, 13)
(93, 13)
(94, 13)
(95, 13)
(25, 14)
(26, 14)
(27, 14)
(28, 14)
(29, 14)
(49, 14)
(50, 14)
(51, 14)
(52, 14)
(68, 14)
(69, 14)
(70, 14)
(71, 14)
(72, 14)
(92, 14)
(93, 14)
(94, 14)
(95, 14)
(21, 15)
(22, 15)
(23, 15)
(25, 15)
(26, 15)
(27, 15)
(28, 15)
(29, 15)
(49, 15)
(50, 15)
(51, 15)
(52, 15)
(68, 15)
(69, 15)
(70, 15)
(71, 15)
(72, 15)
(92, 15)
(93, 15)
(94, 15)
(95, 15)
(7, 16)
(8, 16)
(9, 16)
(21, 16)
(22, 16)
(23, 16)
(25, 16)
(26, 16)
(27, 16)
(28, 16)
(29, 16)
(49, 16)
(50, 16)
(51, 16)
(52, 16)
(68, 16)
(69, 16)
(70, 16)
(71, 16)
(72, 16)
(92, 16)
(93, 16)
(94, 16)
(95, 16)
(7, 17)
(8, 17)
(9, 17)
(21, 17)
(22, 17)
(23, 17)
(68, 17)
(69, 17)
(70, 17)
(71, 17)
(72, 17)
(92, 17)
(93, 17)
(94, 17)
(95, 17)
(7, 18)
(8, 18)
(9, 18)
(21, 18)
(22, 18)
(23, 18)
(39, 18)
(40, 18)
(41, 18)
(42, 18)
(43, 18)
(39, 19)
(40, 19)
(41, 19)
(42, 19)
(43, 19)
(44, 19)
(45, 19)
(46, 19)
(39, 20)
(40, 20)
(41, 20)
(42, 20)
(43, 20)
(44, 20)
(45, 20)
(46, 20)
(44, 21)
(45, 21)
(46, 21)
(2, 22)
(3, 22)
(4, 22)
(44, 22)
(45, 22)
(46, 22)
(2, 23)
(3, 23)
(4, 23)
(2, 24)
(3, 24)
(4, 24)
(75, 24)
(76, 24)
(77, 24)
(78, 24)
(79, 24)
(75, 25)
(76, 25)
(77, 25)
(78, 25)
(79, 25)
(75, 26)
(76, 26)
(77, 26)
(78, 26)
(79, 26)
(36, 27)
(37, 27)
(38, 27)
(39, 27)
(56, 27)
(57, 27)
(58, 27)
(59, 27)
(67, 27)
(68, 27)
(69, 27)
(70, 27)
(71, 27)
(86, 27)
(87, 27)
(88, 27)
(36, 28)
(37, 28)
(38, 28)
(39, 28)
(56, 28)
(57, 28)
(58, 28)
(59, 28)
(67, 28)
(68, 28)
(69, 28)
(70, 28)
(71, 28)
(86, 28)
(87, 28)
(88, 28)
(36, 29)
(37, 29)
(38, 29)
(39, 29)
(56, 29)
(57, 29)
(58, 29)
(59, 29)
(67, 29)
(68, 29)
(69, 29)
(70, 29)
(71, 29)
(86, 29)
(87, 29)
(88, 29)
(36, 30)
(37, 30)
(38, 30)
(39, 30)
(44, 30)
(45, 30)
(46, 30)
(56, 30)
(57, 30)
(58, 30)
(59, 30)
(86, 30)
(87, 30)
(88, 30)
(36, 31)
(37, 31)
(38, 31)
(39, 31)
(44, 31)
(45, 31)
(46, 31)
(44, 32)
(45, 32)
(46, 32)
(81, 32)
(82, 32)
(83, 32)
(84, 32)
(81, 33)
(82, 33)
(83, 33)
(84, 33)
(81, 34)
(82, 34)
(83, 34)
(84, 34)
(0, 35)
(1, 35)
(2, 35)
(3, 35)
(4, 35)
(81, 35)
(82, 35)
(83, 35)
(84, 35)
(0, 36)
(1, 36)
(2, 36)
(3, 36)
(4, 36)
(19, 36)
(20, 36)
(21, 36)
(22, 36)
(23, 36)
(0, 37)
(1, 37)
(2, 37)
(3, 37)
(4, 37)
(19, 37)
(20, 37)
(21, 37)
(22, 37)
(23, 37)
(39, 37)
(40, 37)
(41, 37)
(42, 37)
(83, 37)
(84, 37)
(85, 37)
(0, 38)
(1, 38)
(2, 38)
(3, 38)
(4, 38)
(19, 38)
(20, 38)
(21, 38)
(22, 38)
(23, 38)
(39, 38)
(40, 38)
(41, 38)
(42, 38)
(83, 38)
(84, 38)
(85, 38)
(0, 39)
(1, 39)
(2, 39)
(3, 39)
(4, 39)
(12, 39)
(13, 39)
(14, 39)
(19, 39)
(20, 39)
(21, 39)
(22, 39)
(23, 39)
(39, 39)
(40, 39)
(41, 39)
(42, 39)
(83, 39)
(84, 39)
(85, 39)
(12, 40)
(13, 40)
(14, 40)
(39, 40)
(40, 40)
(41, 40)
(42, 40)
(83, 40)
(84, 40)
(85, 40)
(12, 41)
(13, 41)
(14, 41)
(39, 41)
(40, 41)
(41, 41)
(42, 41)
(83, 41)
(84, 41)
(85, 41)
(12, 42)
(13, 42)
(14, 42)
(52, 42)
(53, 42)
(54, 42)
(55, 42)
(0, 43)
(1, 43)
(2, 43)
(12, 43)
(13, 43)
(14, 43)
(52, 43)
(53, 43)
(54, 43)
(55, 43)
(0, 44)
(1, 44)
(2, 44)
(31, 44)
(32, 44)
(33, 44)
(34, 44)
(52, 44)
(53, 44)
(54, 44)
(55, 44)
(0, 45)
(1, 45)
(2, 45)
(5, 45)
(6, 45)
(7, 45)
(8, 45)
(31, 45)
(32, 45)
(33, 45)
(34, 45)
(52, 45)
(53, 45)
(54, 45)
(55, 45)
(0, 46)
(1, 46)
(2, 46)
(5, 46)
(6, 46)
(7, 46)
(8, 46)
(15, 46)
(16, 46)
(17, 46)
(18, 46)
(31, 46)
(32, 46)
(33, 46)
(34, 46)
(46, 46)
(47, 46)
(48, 46)
(49, 46)
(50, 46)
(52, 46)
(53, 46)
(54, 46)
(55, 46)
(0, 47)
(1, 47)
(2, 47)
(5, 47)
(6, 47)
(7, 47)
(8, 47)
(15, 47)
(16, 47)
(17, 47)
(18, 47)
(23, 47)
(24, 47)
(25, 47)
(26, 47)
(31, 47)
(32, 47)
(33, 47)
(34, 47)
(38, 47)
(39, 47)
(40, 47)
(41, 47)
(46, 47)
(47, 47)
(48, 47)
(49, 47)
(50, 47)
(87, 47)
(88, 47)
(89, 47)
(5, 48)
(6, 48)
(7, 48)
(8, 48)
(15, 48)
(16, 48)
(17, 48)
(18, 48)
(23, 48)
(24, 48)
(25, 48)
(26, 48)
(38, 48)
(39, 48)
(40, 48)
(41, 48)
(46, 48)
(47, 48)
(48, 48)
(49, 48)
(50, 48)
(87, 48)
(88, 48)
(89, 48)
(5, 49)
(6, 49)
(7, 49)
(8, 49)
(15, 49)
(16, 49)
(17, 49)
(18, 49)
(23, 49)
(24, 49)
(25, 49)
(26, 49)
(38, 49)
(39, 49)
(40, 49)
(41, 49)
(46, 49)
(47, 49)
(48, 49)
(49, 49)
(50, 49)
(87, 49)
(88, 49)
(89, 49)
(23, 50)
(24, 50)
(25, 50)
(26, 50)
(38, 50)
(39, 50)
(40, 50)
(41, 50)
(46, 50)
(47, 50)
(48, 50)
(49, 50)
(50, 50)
(87, 50)
(88, 50)
(89, 50)
(23, 51)
(24, 51)
(25, 51)
(26, 51)
(38, 51)
(39, 51)
(40, 51)
(41, 51)
(87, 51)
(88, 51)
(89, 51)
(40, 53)
(41, 53)
(42, 53)
(40, 54)
(41, 54)
(42, 54)
(40, 55)
(41, 55)
(42, 55)
(17, 56)
(18, 56)
(19, 56)
(20, 56)
(21, 56)
(26, 56)
(27, 56)
(28, 56)
(29, 56)
(30, 56)
(40, 56)
(41, 56)
(42, 56)
(52, 56)
(53, 56)
(54, 56)
(82, 56)
(83, 56)
(84, 56)
(85, 56)
(13, 57)
(14, 57)
(15, 57)
(16, 57)
(17, 57)
(18, 57)
(19, 57)
(20, 57)
(21, 57)
(26, 57)
(27, 57)
(28, 57)
(29, 57)
(30, 57)
(52, 57)
(53, 57)
(54, 57)
(82, 57)
(83, 57)
(84, 57)
(85, 57)
(93, 57)
(94, 57)
(95, 57)
(96, 57)
(97, 57)
(13, 58)
(14, 58)
(15, 58)
(16, 58)
(17, 58)
(18, 58)
(19, 58)
(20, 58)
(21, 58)
(26, 58)
(27, 58)
(28, 58)
(29, 58)
(30, 58)
(52, 58)
(53, 58)
(54, 58)
(82, 58)
(83, 58)
(84, 58)
(85, 58)
(93, 58)
(94, 58)
(95, 58)
(96, 58)
(97, 58)
(13, 59)
(14, 59)
(15, 59)
(16, 59)
(26, 59)
(27, 59)
(28, 59)
(29, 59)
(30, 59)
(52, 59)
(53, 59)
(54, 59)
(75, 59)
(76, 59)
(77, 59)
(78, 59)
(82, 59)
(83, 59)
(84, 59)
(85, 59)
(93, 59)
(94, 59)
(95, 59)
(96, 59)
(97, 59)
(7, 60)
(8, 60)
(9, 60)
(10, 60)
(13, 60)
(14, 60)
(15, 60)
(16, 60)
(18, 60)
(19, 60)
(20, 60)
(26, 60)
(27, 60)
(28, 60)
(29, 60)
(30, 60)
(75, 60)
(76, 60)
(77, 60)
(78, 60)
(93, 60)
(94, 60)
(95, 60)
(96, 60)
(97, 60)
(1, 61)
(2, 61)
(3, 61)
(4, 61)
(7, 61)
(8, 61)
(9, 61)
(10, 61)
(13, 61)
(14, 61)
(15, 61)
(16, 61)
(18, 61)
(19, 61)
(20, 61)
(75, 61)
(76, 61)
(77, 61)
(78, 61)
(93, 61)
(94, 61)
(95, 61)
(96, 61)
(97, 61)
(1, 62)
(2, 62)
(3, 62)
(4, 62)
(7, 62)
(8, 62)
(9, 62)
(10, 62)
(18, 62)
(19, 62)
(20, 62)
(38, 62)
(39, 62)
(40, 62)
(41, 62)
(1, 63)
(2, 63)
(3, 63)
(4, 63)
(18, 63)
(19, 63)
(20, 63)
(38, 63)
(39, 63)
(40, 63)
(41, 63)
(18, 64)
(19, 64)
(20, 64)
(38, 64)
(39, 64)
(40, 64)
(41, 64)
(37, 66)
(38, 66)
(39, 66)
(40, 66)
(37, 67)
(38, 67)
(39, 67)
(40, 67)
(29, 68)
(30, 68)
(31, 68)
(32, 68)
(37, 68)
(38, 68)
(39, 68)
(40, 68)
(95, 68)
(96, 68)
(97, 68)
(98, 68)
(99, 68)
(29, 69)
(30, 69)
(31, 69)
(32, 69)
(37, 69)
(38, 69)
(39, 69)
(40, 69)
(84, 69)
(85, 69)
(86, 69)
(87, 69)
(88, 69)
(95, 69)
(96, 69)
(97, 69)
(98, 69)
(99, 69)
(29, 70)
(30, 70)
(31, 70)
(32, 70)
(84, 70)
(85, 70)
(86, 70)
(87, 70)
(88, 70)
(95, 70)
(96, 70)
(97, 70)
(98, 70)
(99, 70)
(17, 71)
(18, 71)
(19, 71)
(29, 71)
(30, 71)
(31, 71)
(32, 71)
(84, 71)
(85, 71)
(86, 71)
(87, 71)
(88, 71)
(95, 71)
(96, 71)
(97, 71)
(98, 71)
(99, 71)
(17, 72)
(18, 72)
(19, 72)
(95, 72)
(96, 72)
(97, 72)
(98, 72)
(99, 72)
(17, 73)
(18, 73)
(19, 73)
(17, 74)
(18, 74)
(19, 74)
(17, 75)
(18, 75)
(19, 75)
(58, 77)
(59, 77)
(60, 77)
(61, 77)
(64, 77)
(65, 77)
(66, 77)
(67, 77)
(68, 77)
(58, 78)
(59, 78)
(60, 78)
(61, 78)
(64, 78)
(65, 78)
(66, 78)
(67, 78)
(68, 78)
(15, 79)
(16, 79)
(17, 79)
(18, 79)
(58, 79)
(59, 79)
(60, 79)
(61, 79)
(64, 79)
(65, 79)
(66, 79)
(67, 79)
(68, 79)
(15, 80)
(16, 80)
(17, 80)
(18, 80)
(58, 80)
(59, 80)
(60, 80)
(61, 80)
(15, 81)
(16, 81)
(17, 81)
(18, 81)
(58, 81)
(59, 81)
(60, 81)
(61, 81)
(78, 81)
(79, 81)
(80, 81)
(81, 81)
(15, 82)
(16, 82)
(17, 82)
(18, 82)
(78, 82)
(79, 82)
(80, 82)
(81, 82)
(93, 82)
(94, 82)
(95, 82)
(96, 82)
(22, 83)
(23, 83)
(24, 83)
(78, 83)
(79, 83)
(80, 83)
(81, 83)
(93, 83)
(94, 83)
(95, 83)
(96, 83)
(22, 84)
(23, 84)
(24, 84)
(78, 84)
(79, 84)
(80, 84)
(81, 84)
(93, 84)
(94, 84)
(95, 84)
(96, 84)
(22, 85)
(23, 85)
(24, 85)
(78, 85)
(79, 85)
(80, 85)
(81, 85)
(93, 85)
(94, 85)
(95, 85)
(96, 85)
(17, 86)
(18, 86)
(19, 86)
(20, 86)
(39, 86)
(40, 86)
(41, 86)
(42, 86)
(93, 86)
(94, 86)
(95, 86)
(96, 86)
(17, 87)
(18, 87)
(19, 87)
(20, 87)
(39, 87)
(40, 87)
(41, 87)
(42, 87)
(93, 87)
(94, 87)
(95, 87)
(96, 87)
(17, 88)
(18, 88)
(19, 88)
(20, 88)
(39, 88)
(40, 88)
(41, 88)
(42, 88)
(56, 88)
(57, 88)
(58, 88)
(59, 88)
(60, 88)
(93, 88)
(94, 88)
(95, 88)
(96, 88)
(17, 89)
(18, 89)
(19, 89)
(20, 89)
(39, 89)
(40, 89)
(41, 89)
(42, 89)
(56, 89)
(57, 89)
(58, 89)
(59, 89)
(60, 89)
(93, 89)
(94, 89)
(95, 89)
(96, 89)
(17, 90)
(18, 90)
(19, 90)
(20, 90)
(56, 90)
(57, 90)
(58, 90)
(59, 90)
(60, 90)
(76, 90)
(77, 90)
(78, 90)
(79, 90)
(80, 90)
(83, 90)
(84, 90)
(85, 90)
(86, 90)
(87, 90)
(93, 90)
(94, 90)
(95, 90)
(96, 90)
(76, 91)
(77, 91)
(78, 91)
(79, 91)
(80, 91)
(83, 91)
(84, 91)
(85, 91)
(86, 91)
(87, 91)
(76, 92)
(77, 92)
(78, 92)
(79, 92)
(80, 92)
(83, 92)
(84, 92)
(85, 92)
(86, 92)
(87, 92)
(56, 93)
(57, 93)
(58, 93)
(59, 93)
(83, 93)
(84, 93)
(85, 93)
(86, 93)
(87, 93)
(56, 94)
(57, 94)
(58, 94)
(59, 94)
(56, 95)
(57, 95)
(58, 95)
(59, 95)
(65, 95)
(66, 95)
(67, 95)
(68, 95)
(69, 95)
(16, 96)
(17, 96)
(18, 96)
(19, 96)
(20, 96)
(65, 96)
(66, 96)
(67, 96)
(68, 96)
(69, 96)
(16, 97)
(17, 97)
(18, 97)
(19, 97)
(20, 97)
(65, 97)
(66, 97)
(67, 97)
(68, 97)
(69, 97)
(16, 98)
(17, 98)
(18, 98)
(19, 98)
(20, 98)
(16, 99)
(17, 99)
(18, 99)
(19, 99)
(20, 99)
-
(0, 4, 1.0, -1, 0.5)
(1, 1, 1.0, -1, 0.5)
(2, 4, 1.0, -1, 0.5)
(3, 5, 1.0, -1, 0.5)
(4, 3, 1.0, -1, 0.5)
(5, 5, 1.0, -1, 0.5)
(6, 2, 1.0, -1, 0.5)
(7, 1, 1.0, -1, 0.5)
(8, 3, 1.0, -1, 0.5)
(9, 2, 1.0, -1, 0.5)
-
(0, (45,57), (91,27))
(1, (35,39), (11,11))
(2, (5,31), (62,15))
(3, (1,69), (60,62))
(4, (44,37), (89,14))
(5, (47,41), (41,9))
(6, (21,92), (38,52))
(7, (21,47), (72,59))
(8, (35,84), (27,46))
(9, (29,93), (49,26))
