100
(68, 0)
(69, 0)
(70, 0)
(71, 0)
(72, 0)
(68, 1)
(69, 1)
(70, 1)
(71, 1)
(72, 1)
(68, 2)
(69, 2)
(70, 2)
(71, 2)
(72, 2)
(73, 5)
(74, 5)
(75, 5)
(73, 6)
(74, 6)
(75, 6)
(73, 7)
(74, 7)
(75, 7)
(42, 42)
(43, 42)
(44, 42)
(45, 42)
(42, 43)
(43, 43)
(44, 43)
(45, 43)
(42, 44)
(43, 44)
(44, 44)
(45, 44)
(42, 45)
(43, 45)
(44, 45)
(45, 45)
(42, 46)
(43, 46)
(44, 46)
(45, 46)
(90, 60)
(91, 60)
(92, 60)
(93, 60)
(94, 60)
(90, 61)
(91, 61)
(92, 61)
(93, 61)
(94, 61)
(81, 62)
(82, 62)
(83, 62)
(84, 62)
(85, 62)
(90, 62)
(91, 62)
(92, 62)
(93, 62)
(94, 62)
(81, 63)
(82, 63)
(83, 63)
(84, 63)
(85, 63)
(90, 63)
(91, 63)
(92, 63)
(93, 63)
(94, 63)
(81, 64)
(82, 64)
(83, 64)
(84, 64)
(85, 64)
(90, 64)
(91, 64)
(92, 64)
(93, 64)
(94, 64)
(81, 65)
(82, 65)
(83, 65)
(84, 65)
(85, 65)
(81, 66)
(82, 66)
(83, 66)
(84, 66)
(85, 66)
-
(0, 3, 1.0, -1, 0.5)
(1, 2, 1.0, -1, 0.5)
(2, 2, 1.0, -1, 0.5)
(3, 1, 1.0, -1, 0.5)
(4, 1, 1.0, -1, 0.5)
(5, 3, 1.0, -1, 0.5)
(6, 4, 1.0, -1, 0.5)
(7, 4, 1.0, -1, 0.5)
(8, 5, 1.0, -1, 0.5)
(9, 5, 1.0, -1, 0.5)
-
(0, (19,50), (25,89))
(1, (86,33), (52,1))
(2, (47,65), (75,26))
(3, (93,74), (42,72))
(4, (81,4), (19,48))
(5, (18,86), (79,12))
(6, (43,76), (60,51))
(7, (33,4), (76,37))
(8, (73,88), (17,62))
(9, (26,67), (81,33))
