100
(1, 4)
(2, 4)
(3, 4)
(1, 5)
(2, 5)
(3, 5)
(1, 6)
(2, 6)
(3, 6)
(51, 6)
(52, 6)
(53, 6)
(54, 6)
(55, 6)
(1, 7)
(2, 7)
(3, 7)
(51, 7)
(52, 7)
(53, 7)
(54, 7)
(55, 7)
(1, 8)
(2, 8)
(3, 8)
(51, 8)
(52, 8)
(53, 8)
(54, 8)
(55, 8)
(51, 9)
(52, 9)
(53, 9)
(54, 9)
(55, 9)
(51, 10)
(52, 10)
(53, 10)
(54, 10)
(55, 10)
(61, 26)
(62, 26)
(63, 26)
(64, 26)
(61, 27)
(62, 27)
(63, 27)
(64, 27)
(61, 28)
(62, 28)
(63, 28)
(64, 28)
(61, 31)
(62, 31)
(63, 31)
(61, 32)
(62, 32)
(63, 32)
(61, 33)
(62, 33)
(63, 33)
(61, 34)
(62, 34)
(63, 34)
(91, 90)
(92, 90)
(93, 90)
(91, 91)
(92, 91)
(93, 91)
(91, 92)
(92, 92)
(93, 92)
(91, 93)
(92, 93)
(93, 93)
-
(0, 3, 1.0, -1, 0.5)
(1, 4, 1.0, -1, 0.5)
(2, 1, 1.0, -1, 0.5)
(3, 5, 1.0, -1, 0.5)
(4, 1, 1.0, -1, 0.5)
(5, 2, 1.0, -1, 0.5)
(6, 3, 1.0, -1, 0.5)
(7, 4, 1.0, -1, 0.5)
(8, 5, 1.0, -1, 0.5)
(9, 2, 1.0, -1, 0.5)
-
(0, (13,95), (22,10))
(1, (93,32), (87,65))
(2, (3,0), (30,15))
(3, (16,13), (88,71))
(4, (32,35), (57,72))
(5, (28,5), (87,78))
(6, (47,7), (3,25))
(7, (64,47), (37,93))
(8, (32,57), (7,16))
(9, (93,22), (29,8))
