100
(43, 6)
(44, 6)
(45, 6)
(46, 6)
(47, 6)
(43, 7)
(44, 7)
(45, 7)
(46, 7)
(47, 7)
(43, 8)
(44, 8)
(45, 8)
(46, 8)
(47, 8)
(62, 12)
(63, 12)
(64, 12)
(65, 12)
(66, 12)
(62, 13)
(63, 13)
(64, 13)
(65, 13)
(66, 13)
(62, 14)
(63, 14)
(64, 14)
(65, 14)
(66, 14)
(16, 15)
(17, 15)
(18, 15)
(19, 15)
(62, 15)
(63, 15)
(64, 15)
(65, 15)
(66, 15)
(16, 16)
(17, 16)
(18, 16)
(19, 16)
(62, 16)
(63, 16)
(64, 16)
(65, 16)
(66, 16)
(16, 17)
(17, 17)
(18, 17)
(19, 17)
(16, 18)
(17, 18)
(18, 18)
(19, 18)
(16, 19)
(17, 19)
(18, 19)
(19, 19)
(64, 19)
(65, 19)
(66, 19)
(67, 19)
(68, 19)
(64, 20)
(65, 20)
(66, 20)
(67, 20)
(68, 20)
(64, 21)
(65, 21)
(66, 21)
(67, 21)
(68, 21)
(76, 21)
(77, 21)
(78, 21)
(65, 22)
(66, 22)
(67, 22)
(68, 22)
(69, 22)
(76, 22)
(77, 22)
(78, 22)
(65, 23)
(66, 23)
(67, 23)
(68, 23)
(69, 23)
(76, 23)
(77, 23)
(78, 23)
(65, 24)
(66, 24)
(67, 24)
(68, 24)
(69, 24)
(76, 24)
(77, 24)
(78, 24)
(76, 25)
(77, 25)
(78, 25)
(84, 35)
(85, 35)
(86, 35)
(87, 35)
(84, 36)
(85, 36)
(86, 36)
(87, 36)
(84, 37)
(85, 37)
(86, 37)
(87, 37)
(84, 38)
(85, 38)
(86, 38)
(87, 38)
(8, 39)
(9, 39)
(10, 39)
(11, 39)
(12, 39)
(8, 40)
(9, 40)
(10, 40)
(11, 40)
(12, 40)
(60, 40)
(61, 40)
(62, 40)
(8, 41)
(9, 41)
(10, 41)
(11, 41)
(12, 41)
(60, 41)
(61, 41)
(62, 41)
(85, 41)
(86, 41)
(87, 41)
(88, 41)
(89, 41)
(8, 42)
(9, 42)
(10, 42)
(11, 42)
(12, 42)
(60, 42)
(61, 42)
(62, 42)
(85, 42)
(86, 42)
(87, 42)
(88, 42)
(89, 42)
(60, 43)
(61, 43)
(62, 43)
(85, 43)
(86, 43)
(87, 43)
(88, 43)
(89, 43)
(85, 44)
(86, 44)
(87, 44)
(88, 44)
(89, 44)
(51, 51)
(52, 51)
(53, 51)
(51, 52)
(52, 52)
(53, 52)
(51, 53)
(52, 53)
(53, 53)
(51, 54)
(52, 54)
(53, 54)
(51, 55)
(52, 55)
(53, 55)
(13, 70)
(14, 70)
(15, 70)
(13, 71)
(14, 71)
(15, 71)
(50, 71)
(51, 71)
(52, 71)
(13, 72)
(14, 72)
(15, 72)
(50, 72)
(51, 72)
(52, 72)
(13, 73)
(14, 73)
(15, 73)
(50, 73)
(51, 73)
(52, 73)
(13, 74)
(14, 74)
(15, 74)
(25, 85)
(26, 85)
(27, 85)
(25, 86)
(26, 86)
(27, 86)
(25, 87)
(26, 87)
(27, 87)
(25, 88)
(26, 88)
(27, 88)
(90, 92)
(91, 92)
(92, 92)
(93, 92)
(94, 92)
(90, 93)
(91, 93)
(92, 93)
(93, 93)
(94, 93)
(90, 94)
(91, 94)
(92, 94)
(93, 94)
(94, 94)
(90, 95)
(91, 95)
(92, 95)
(93, 95)
(94, 95)
(90, 96)
(91, 96)
(92, 96)
(93, 96)
(94, 96)
-
(0, 2, 1.0, -1, 0.5)
(1, 1, 1.0, -1, 0.5)
(2, 2, 1.0, -1, 0.5)
(3, 4, 1.0, -1, 0.5)
(4, 3, 1.0, -1, 0.5)
(5, 4, 1.0, -1, 0.5)
(6, 1, 1.0, -1, 0.5)
(7, 3, 1.0, -1, 0.5)
(8, 5, 1.0, -1, 0.5)
(9, 5, 1.0, -1, 0.5)
-
(0, (49,40), (38,98))
(1, (33,29), (80,31))
(2, (71,96), (19,45))
(3, (54,93), (45,54))
(4, (61,56), (13,39))
(5, (39,2), (44,76))
(6, (92,40), (57,65))
(7, (0,0), (47,27))
(8, (6,15), (18,92))
(9, (66,44), (5,23))
