100
(9, 2)
(10, 2)
(11, 2)
(58, 2)
(59, 2)
(60, 2)
(61, 2)
(62, 2)
(9, 3)
(10, 3)
(11, 3)
(58, 3)
(59, 3)
(60, 3)
(61, 3)
(62, 3)
(9, 4)
(10, 4)
(11, 4)
(58, 4)
(59, 4)
(60, 4)
(61, 4)
(62, 4)
(58, 5)
(59, 5)
(60, 5)
(61, 5)
(62, 5)
(24, 6)
(25, 6)
(26, 6)
(27, 6)
(28, 6)
(24, 7)
(25, 7)
(26, 7)
(27, 7)
(28, 7)
(24, 8)
(25, 8)
(26, 8)
(27, 8)
(28, 8)
(24, 9)
(25, 9)
(26, 9)
(27, 9)
(28, 9)
(51, 13)
(52, 13)
(53, 13)
(51, 14)
(52, 14)
(53, 14)
(51, 15)
(52, 15)
(53, 15)
(51, 16)
(52, 16)
(53, 16)
(51, 17)
(52, 17)
(53, 17)
(3, 22)
(4, 22)
(5, 22)
(6, 22)
(3, 23)
(4, 23)
(5, 23)
(6, 23)
(3, 24)
(4, 24)
(5, 24)
(6, 24)
(3, 25)
(4, 25)
(5, 25)
(6, 25)
(20, 25)
(21, 25)
(22, 25)
(23, 25)
(3, 26)
(4, 26)
(5, 26)
(6, 26)
(20, 26)
(21, 26)
(22, 26)
(23, 26)
(20, 27)
(21, 27)
(22, 27)
(23, 27)
(20, 28)
(21, 28)
(22, 28)
(23, 28)
(20, 29)
(21, 29)
(22, 29)
(23, 29)
(41, 30)
(42, 30)
(43, 30)
(63, 30)
(64, 30)
(65, 30)
(66, 30)
(41, 31)
(42, 31)
(43, 31)
(63, 31)
(64, 31)
(65, 31)
(66, 31)
(41, 32)
(42, 32)
(43, 32)
(63, 32)
(64, 32)
(65, 32)
(66, 32)
(3, 33)
(4, 33)
(5, 33)
(6, 33)
(30, 33)
(31, 33)
(32, 33)
(33, 33)
(34, 33)
(41, 33)
(42, 33)
(43, 33)
(63, 33)
(64, 33)
(65, 33)
(66, 33)
(3, 34)
(4, 34)
(5, 34)
(6, 34)
(30, 34)
(31, 34)
(32, 34)
(33, 34)
(34, 34)
(41, 34)
(42, 34)
(43, 34)
(63, 34)
(64, 34)
(65, 34)
(66, 34)
(3, 35)
(4, 35)
(5, 35)
(6, 35)
(30, 35)
(31, 35)
(32, 35)
(33, 35)
(34, 35)
(41, 35)
(42, 35)
(43, 35)
(30, 36)
(31, 36)
(32, 36)
(33, 36)
(34, 36)
(41, 36)
(42, 36)
(43, 36)
(66, 43)
(67, 43)
(68, 43)
(69, 43)
(70, 43)
(66, 44)
(67, 44)
(68, 44)
(69, 44)
(70, 44)
(66, 45)
(67, 45)
(68, 45)
(69, 45)
(70, 45)
(66, 46)
(67, 46)
(68, 46)
(69, 46)
(70, 46)
(29, 47)
(30, 47)
(31, 47)
(32, 47)
(33, 47)
(29, 48)
(30, 48)
(31, 48)
(32, 48)
(33, 48)
(83, 48)
(84, 48)
(85, 48)
(29, 49)
(30, 49)
(31, 49)
(32, 49)
(33, 49)
(83, 49)
(84, 49)
(85, 49)
(29, 50)
(30, 50)
(31, 50)
(32, 50)
(33, 50)
(83, 50)
(84, 50)
(85, 50)
(29, 51)
(30, 51)
(31, 51)
(32, 51)
(33, 51)
(92, 53)
(93, 53)
(94, 53)
(95, 53)
(96, 53)
(92, 54)
(93, 54)
(94, 54)
(95, 54)
(96, 54)
(92, 55)
(93, 55)
(94, 55)
(95, 55)
(96, 55)
(92, 56)
(93, 56)
(94, 56)
(95, 56)
(96, 56)
(92, 57)
(93, 57)
(94, 57)
(95, 57)
(96, 57)
(84, 59)
(85, 59)
(86, 59)
(87, 59)
(88, 59)
(84, 60)
(85, 60)
(86, 60)
(87, 60)
(88, 60)
(84, 61)
(85, 61)
(86, 61)
(87, 61)
(88, 61)
(84, 62)
(85, 62)
(86, 62)
(87, 62)
(88, 62)
(28, 73)
(29, 73)
(30, 73)
(31, 73)
(32, 73)
(28, 74)
(29, 74)
(30, 74)
(31, 74)
(32, 74)
(28, 75)
(29, 75)
(30, 75)
(31, 75)
(32, 75)
(28, 76)
(29, 76)
(30, 76)
(31, 76)
(32, 76)
(28, 77)
(29, 77)
(30, 77)
(31, 77)
(32, 77)
(59, 89)
(60, 89)
(61, 89)
(62, 89)
(67, 89)
(68, 89)
(69, 89)
(59, 90)
(60, 90)
(61, 90)
(62, 90)
(67, 90)
(68, 90)
(69, 90)
(59, 91)
(60, 91)
(61, 91)
(62, 91)
(67, 91)
(68, 91)
(69, 91)
(59, 92)
(60, 92)
(61, 92)
(62, 92)
(67, 92)
(68, 92)
(69, 92)
(2, 93)
(3, 93)
(4, 93)
(59, 93)
(60, 93)
(61, 93)
(62, 93)
(67, 93)
(68, 93)
(69, 93)
(2, 94)
(3, 94)
(4, 94)
(2, 95)
(3, 95)
(4, 95)
(2, 96)
(3, 96)
(4, 96)
(2, 97)
(3, 97)
(4, 97)
-
(0, 5, 1.0, -1, 0.5)
(1, 1, 1.0, -1, 0.5)
(2, 1, 1.0, -1, 0.5)
(3, 4, 1.0, -1, 0.5)
(4, 4, 1.0, -1, 0.5)
(5, 3, 1.0, -1, 0.5)
(6, 3, 1.0, -1, 0.5)
(7, 2, 1.0, -1, 0.5)
(8, 2, 1.0, -1, 0.5)
(9, 5, 1.0, -1, 0.5)
-
(0, (30,78), (60,66))
(1, (27,88), (3,51))
(2, (94,9), (40,62))
(3, (23,82), (16,42))
(4, (72,84), (82,3))
(5, (33,30), (20,71))
(6, (97,11), (55,5))
(7, (13,32), (19,69))
(8, (61,30), (25,51))
(9, (19,94), (66,56))
