100
(61, 0)
(62, 0)
(63, 0)
(64, 0)
(82, 0)
(83, 0)
(84, 0)
(85, 0)
(86, 0)
(61, 1)
(62, 1)
(63, 1)
(64, 1)
(82, 1)
(83, 1)
(84, 1)
(85, 1)
(86, 1)
(61, 2)
(62, 2)
(63, 2)
(64, 2)
(82, 2)
(83, 2)
(84, 2)
(85, 2)
(86, 2)
(20, 3)
(21, 3)
(22, 3)
(23, 3)
(24, 3)
(61, 3)
(62, 3)
(63, 3)
(64, 3)
(82, 3)
(83, 3)
(84, 3)
(85, 3)
(86, 3)
(20, 4)
(21, 4)
(22, 4)
(23, 4)
(24, 4)
(33, 4)
(34, 4)
(35, 4)
(36, 4)
(37, 4)
(61, 4)
(62, 4)
(63, 4)
(64, 4)
(20, 5)
(21, 5)
(22, 5)
(23, 5)
(24, 5)
(33, 5)
(34, 5)
(35, 5)
(36, 5)
(37, 5)
(12, 6)
(13, 6)
(14, 6)
(15, 6)
(16, 6)
(20, 6)
(21, 6)
(22, 6)
(23, 6)
(24, 6)
(33, 6)
(34, 6)
(35, 6)
(36, 6)
(37, 6)
(84, 6)
(85, 6)
(86, 6)
(87, 6)
(12, 7)
(13, 7)
(14, 7)
(15, 7)
(16, 7)
(20, 7)
(21, 7)
(22, 7)
(23, 7)
(24, 7)
(33, 7)
(34, 7)
(35, 7)
(36, 7)
(37, 7)
(67, 7)
(68, 7)
(69, 7)
(70, 7)
(84, 7)
(85, 7)
(86, 7)
(87, 7)
(12, 8)
(13, 8)
(14, 8)
(15, 8)
(16, 8)
(20, 8)
(21, 8)
(22, 8)
(23, 8)
(24, 8)
(67, 8)
(68, 8)
(69, 8)
(70, 8)
(84, 8)
(85, 8)
(86, 8)
(87, 8)
(5, 9)
(6, 9)
(7, 9)
(8, 9)
(12, 9)
(13, 9)
(14, 9)
(15, 9)
(16, 9)
(20, 9)
(21, 9)
(22, 9)
(23, 9)
(24, 9)
(67, 9)
(68, 9)
(69, 9)
(70, 9)
(84, 9)
(85, 9)
(86, 9)
(87, 9)
(5, 10)
(6, 10)
(7, 10)
(8, 10)
(20, 10)
(21, 10)
(22, 10)
(23, 10)
(24, 10)
(84, 10)
(85, 10)
(86, 10)
(87, 10)
(5, 11)
(6, 11)
(7, 11)
(8, 11)
(5, 12)
(6, 12)
(7, 12)
(8, 12)
(5, 13)
(6, 13)
(7, 13)
(8, 13)
(37, 14)
(38, 14)
(39, 14)
(40, 14)
(37, 15)
(38, 15)
(39, 15)
(40, 15)
(37, 16)
(38, 16)
(39, 16)
(40, 16)
(37, 17)
(38, 17)
(39, 17)
(40, 17)
(92, 17)
(93, 17)
(94, 17)
(95, 17)
(92, 18)
(93, 18)
(94, 18)
(95, 18)
(92, 19)
(93, 19)
(94, 19)
(95, 19)
(92, 20)
(93, 20)
(94, 20)
(95, 20)
(32, 21)
(33, 21)
(34, 21)
(35, 21)
(36, 21)
(92, 21)
(93, 21)
(94, 21)
(95, 21)
(32, 22)
(33, 22)
(34, 22)
(35, 22)
(36, 22)
(32, 23)
(33, 23)
(34, 23)
(35, 23)
(36, 23)
(64, 27)
(65, 27)
(66, 27)
(67, 27)
(64, 28)
(65, 28)
(66, 28)
(67, 28)
(64, 29)
(65, 29)
(66, 29)
(67, 29)
(59, 31)
(60, 31)
(61, 31)
(62, 31)
(59, 32)
(60, 32)
(61, 32)
(62, 32)
(59, 33)
(60, 33)
(61, 33)
(62, 33)
(59, 34)
(60, 34)
(61, 34)
(62, 34)
(34, 36)
(35, 36)
(36, 36)
(37, 36)
(50, 36)
(51, 36)
(52, 36)
(53, 36)
(54, 36)
(34, 37)
(35, 37)
(36, 37)
(37, 37)
(50, 37)
(51, 37)
(52, 37)
(53, 37)
(54, 37)
(34, 38)
(35, 38)
(36, 38)
(37, 38)
(45, 38)
(46, 38)
(47, 38)
(48, 38)
(50, 38)
(51, 38)
(52, 38)
(53, 38)
(54, 38)
(88, 38)
(89, 38)
(90, 38)
(91, 38)
(45, 39)
(46, 39)
(47, 39)
(48, 39)
(50, 39)
(51, 39)
(52, 39)
(53, 39)
(54, 39)
(88, 39)
(89, 39)
(90, 39)
(91, 39)
(45, 40)
(46, 40)
(47, 40)
(48, 40)
(50, 40)
(51, 40)
(52, 40)
(53, 40)
(54, 40)
(88, 40)
(89, 40)
(90, 40)
(91, 40)
(18, 41)
(19, 41)
(20, 41)
(21, 41)
(45, 41)
(46, 41)
(47, 41)
(48, 41)
(88, 41)
(89, 41)
(90, 41)
(91, 41)
(18, 42)
(19, 42)
(20, 42)
(21, 42)
(45, 42)
(46, 42)
(47, 42)
(48, 42)
(88, 42)
(89, 42)
(90, 42)
(91, 42)
(18, 43)
(19, 43)
(20, 43)
(21, 43)
(59, 45)
(60, 45)
(61, 45)
(59, 46)
(60, 46)
(61, 46)
(59, 47)
(60, 47)
(61, 47)
(75, 47)
(76, 47)
(77, 47)
(59, 48)
(60, 48)
(61, 48)
(75, 48)
(76, 48)
(77, 48)
(75, 49)
(76, 49)
(77, 49)
(75, 50)
(76, 50)
(77, 50)
(75, 51)
(76, 51)
(77, 51)
(94, 56)
(95, 56)
(96, 56)
(97, 56)
(98, 56)
(94, 57)
(95, 57)
(96, 57)
(97, 57)
(98, 57)
(94, 58)
(95, 58)
(96, 58)
(97, 58)
(98, 58)
(94, 59)
(95, 59)
(96, 59)
(97, 59)
(98, 59)
(94, 60)
(95, 60)
(96, 60)
(97, 60)
(98, 60)
(89, 61)
(90, 61)
(91, 61)
(89, 62)
(90, 62)
(91, 62)
(9, 63)
(10, 63)
(11, 63)
(12, 63)
(13, 63)
(63, 63)
(64, 63)
(65, 63)
(66, 63)
(67, 63)
(89, 63)
(90, 63)
(91, 63)
(9, 64)
(10, 64)
(11, 64)
(12, 64)
(13, 64)
(63, 64)
(64, 64)
(65, 64)
(66, 64)
(67, 64)
(89, 64)
(90, 64)
(91, 64)
(9, 65)
(10, 65)
(11, 65)
(12, 65)
(13, 65)
(63, 65)
(64, 65)
(65, 65)
(66, 65)
(67, 65)
(9, 66)
(10, 66)
(11, 66)
(12, 66)
(13, 66)
(63, 66)
(64, 66)
(65, 66)
(66, 66)
(67, 66)
(63, 67)
(64, 67)
(65, 67)
(66, 67)
(67, 67)
(18, 74)
(19, 74)
(20, 74)
(21, 74)
(22, 74)
(18, 75)
(19, 75)
(20, 75)
(21, 75)
(22, 75)
(18, 76)
(19, 76)
(20, 76)
(21, 76)
(22, 76)
(92, 81)
(93, 81)
(94, 81)
(95, 81)
(92, 82)
(93, 82)
(94, 82)
(95, 82)
(92, 83)
(93, 83)
(94, 83)
(95, 83)
(92, 84)
(93, 84)
(94, 84)
(95, 84)
(9, 85)
(10, 85)
(11, 85)
(12, 85)
(9, 86)
(10, 86)
(11, 86)
(12, 86)
(9, 87)
(10, 87)
(11, 87)
(12, 87)
(9, 88)
(10, 88)
(11, 88)
(12, 88)
(9, 89)
(10, 89)
(11, 89)
(12, 89)
(91, 94)
(92, 94)
(93, 94)
(66, 95)
(67, 95)
(68, 95)
(91, 95)
(92, 95)
(93, 95)
(66, 96)
(67, 96)
(68, 96)
(91, 96)
(92, 96)
(93, 96)
(66, 97)
(67, 97)
(68, 97)
(91, 97)
(92, 97)
(93, 97)
(66, 98)
(67, 98)
(68, 98)
(91, 98)
(92, 98)
(93, 98)
-
(0, 1, 1.0, -1, 0.5)
(1, 3, 1.0, -1, 0.5)
(2, 2, 1.0, -1, 0.5)
(3, 5, 1.0, -1, 0.5)
(4, 4, 1.0, -1, 0.5)
(5, 1, 1.0, -1, 0.5)
(6, 5, 1.0, -1, 0.5)
(7, 2, 1.0, -1, 0.5)
(8, 4, 1.0, -1, 0.5)
(9, 3, 1.0, -1, 0.5)
-
(0, (6,24), (45,61))
(1, (82,52), (32,64))
(2, (6,49), (1,21))
(3, (55,8), (8,78))
(4, (75,69), (37,79))
(5, (75,64), (1,45))
(6, (44,24), (92,69))
(7, (16,79), (46,16))
(8, (50,22), (77,74))
(9, (9,41), (37,88))
