100
(12, 5)
(13, 5)
(14, 5)
(15, 5)
(12, 6)
(13, 6)
(14, 6)
(15, 6)
(12, 7)
(13, 7)
(14, 7)
(15, 7)
(8, 8)
(9, 8)
(10, 8)
(11, 8)
(12, 8)
(13, 8)
(14, 8)
(15, 8)
(8, 9)
(9, 9)
(10, 9)
(11, 9)
(12, 9)
(13, 9)
(14, 9)
(15, 9)
(8, 10)
(9, 10)
(10, 10)
(11, 10)
(19, 31)
(20, 31)
(21, 31)
(22, 31)
(23, 31)
(19, 32)
(20, 32)
(21, 32)
(22, 32)
(23, 32)
(19, 33)
(20, 33)
(21, 33)
(22, 33)
(23, 33)
(57, 33)
(58, 33)
(59, 33)
(60, 33)
(19, 34)
(20, 34)
(21, 34)
(22, 34)
(23, 34)
(57, 34)
(58, 34)
(59, 34)
(60, 34)
(57, 35)
(58, 35)
(59, 35)
(60, 35)
(57, 36)
(58, 36)
(59, 36)
(60, 36)
(70, 63)
(71, 63)
(72, 63)
(73, 63)
(70, 64)
(71, 64)
(72, 64)
(73, 64)
(70, 65)
(71, 65)
(72, 65)
(73, 65)
(70, 66)
(71, 66)
(72, 66)
(73, 66)
-
(0, 3, 1.0, -1, 0.5)
(1, 5, 1.0, -1, 0.5)
(2, 3, 1.0, -1, 0.5)
(3, 4, 1.0, -1, 0.5)
(4, 2, 1.0, -1, 0.5)
(5, 5, 1.0, -1, 0.5)
(6, 4, 1.0, -1, 0.5)
(7, 2, 1.0, -1, 0.5)
(8, 1, 1.0, -1, 0.5)
(9, 1, 1.0, -1, 0.5)
-
(0, (78,37), (8,34))
(1, (46,73), (76,8))
(2, (18,90), (7,42))
(3, (42,25), (58,72))
(4, (70,69), (17,28))
(5, (57,54), (95,45))
(6, (41,10), (64,38))
(7, (56,80), (10,49))
(8, (1,56), (61,11))
(9, (76,35), (13,59))
