100
(20, 3)
(21, 3)
(22, 3)
(23, 3)
(24, 3)
(20, 4)
(21, 4)
(22, 4)
(23, 4)
(24, 4)
(20, 5)
(21, 5)
(22, 5)
(23, 5)
(24, 5)
(20, 6)
(21, 6)
(22, 6)
(23, 6)
(24, 6)
(20, 7)
(21, 7)
(22, 7)
(23, 7)
(24, 7)
(20, 8)
(21, 8)
(22, 8)
(23, 8)
(24, 8)
(5, 9)
(6, 9)
(7, 9)
(8, 9)
(20, 9)
(21, 9)
(22, 9)
(23, 9)
(24, 9)
(5, 10)
(6, 10)
(7, 10)
(8, 10)
(20, 10)
(21, 10)
(22, 10)
(23, 10)
(24, 10)
(5, 11)
(6, 11)
(7, 11)
(8, 11)
(5, 12)
(6, 12)
(7, 12)
(8, 12)
(5, 13)
(6, 13)
(7, 13)
(8, 13)
(92, 81)
(93, 81)
(94, 81)
(95, 81)
(92, 82)
(93, 82)
(94, 82)
(95, 82)
(92, 83)
(93, 83)
(94, 83)
(95, 83)
(92, 84)
(93, 84)
(94, 84)
(95, 84)
(91, 94)
(92, 94)
(93, 94)
(91, 95)
(92, 95)
(93, 95)
(91, 96)
(92, 96)
(93, 96)
(91, 97)
(92, 97)
(93, 97)
(91, 98)
(92, 98)
(93, 98)
-
(0, 1, 1.0, -1, 0.5)
(1, 3, 1.0, -1, 0.5)
(2, 2, 1.0, -1, 0.5)
(3, 5, 1.0, -1, 0.5)
(4, 4, 1.0, -1, 0.5)
(5, 1, 1.0, -1, 0.5)
(6, 5, 1.0, -1, 0.5)
(7, 2, 1.0, -1, 0.5)
(8, 4, 1.0, -1, 0.5)
(9, 3, 1.0, -1, 0.5)
-
(0, (6,24), (45,61))
(1, (82,52), (32,64))
(2, (6,49), (1,21))
(3, (55,8), (8,78))
(4, (75,69), (37,79))
(5, (75,64), (1,45))
(6, (44,24), (92,69))
(7, (16,79), (46,16))
(8, (50,22), (77,74))
(9, (9,41), (37,88))
