100
(67, 0)
(68, 0)
(69, 0)
(67, 1)
(68, 1)
(69, 1)
(67, 2)
(68, 2)
(69, 2)
(67, 3)
(68, 3)
(69, 3)
(51, 7)
(52, 7)
(53, 7)
(54, 7)
(55, 7)
(51, 8)
(52, 8)
(53, 8)
(54, 8)
(55, 8)
(39, 9)
(40, 9)
(41, 9)
(42, 9)
(51, 9)
(52, 9)
(53, 9)
(54, 9)
(55, 9)
(57, 9)
(58, 9)
(59, 9)
(60, 9)
(7, 10)
(8, 10)
(9, 10)
(10, 10)
(11, 10)
(39, 10)
(40, 10)
(41, 10)
(42, 10)
(51, 10)
(52, 10)
(53, 10)
(54, 10)
(55, 10)
(57, 10)
(58, 10)
(59, 10)
(60, 10)
(93, 10)
(94, 10)
(95, 10)
(96, 10)
(7, 11)
(8, 11)
(9, 11)
(10, 11)
(11, 11)
(39, 11)
(40, 11)
(41, 11)
(42, 11)
(57, 11)
(58, 11)
(59, 11)
(60, 11)
(93, 11)
(94, 11)
(95, 11)
(96, 11)
(7, 12)
(8, 12)
(9, 12)
(10, 12)
(11, 12)
(39, 12)
(40, 12)
(41, 12)
(42, 12)
(57, 12)
(58, 12)
(59, 12)
(60, 12)
(61, 12)
(62, 12)
(63, 12)
(93, 12)
(94, 12)
(95, 12)
(96, 12)
(7, 13)
(8, 13)
(9, 13)
(10, 13)
(11, 13)
(57, 13)
(58, 13)
(59, 13)
(60, 13)
(61, 13)
(62, 13)
(63, 13)
(93, 13)
(94, 13)
(95, 13)
(96, 13)
(7, 14)
(8, 14)
(9, 14)
(10, 14)
(11, 14)
(61, 14)
(62, 14)
(63, 14)
(19, 15)
(20, 15)
(21, 15)
(22, 15)
(32, 15)
(33, 15)
(34, 15)
(36, 15)
(37, 15)
(38, 15)
(39, 15)
(61, 15)
(62, 15)
(63, 15)
(19, 16)
(20, 16)
(21, 16)
(22, 16)
(32, 16)
(33, 16)
(34, 16)
(36, 16)
(37, 16)
(38, 16)
(39, 16)
(19, 17)
(20, 17)
(21, 17)
(22, 17)
(32, 17)
(33, 17)
(34, 17)
(36, 17)
(37, 17)
(38, 17)
(39, 17)
(10, 18)
(11, 18)
(12, 18)
(13, 18)
(19, 18)
(20, 18)
(21, 18)
(22, 18)
(32, 18)
(33, 18)
(34, 18)
(36, 18)
(37, 18)
(38, 18)
(39, 18)
(41, 18)
(42, 18)
(43, 18)
(79, 18)
(80, 18)
(81, 18)
(82, 18)
(10, 19)
(11, 19)
(12, 19)
(13, 19)
(19, 19)
(20, 19)
(21, 19)
(22, 19)
(32, 19)
(33, 19)
(34, 19)
(37, 19)
(38, 19)
(39, 19)
(41, 19)
(42, 19)
(43, 19)
(79, 19)
(80, 19)
(81, 19)
(82, 19)
(10, 20)
(11, 20)
(12, 20)
(13, 20)
(37, 20)
(38, 20)
(39, 20)
(41, 20)
(42, 20)
(43, 20)
(79, 20)
(80, 20)
(81, 20)
(82, 20)
(37, 21)
(38, 21)
(39, 21)
(41, 21)
(42, 21)
(43, 21)
(71, 21)
(72, 21)
(73, 21)
(79, 21)
(80, 21)
(81, 21)
(82, 21)
(93, 21)
(94, 21)
(95, 21)
(37, 22)
(38, 22)
(39, 22)
(71, 22)
(72, 22)
(73, 22)
(93, 22)
(94, 22)
(95, 22)
(71, 23)
(72, 23)
(73, 23)
(93, 23)
(94, 23)
(95, 23)
(63, 24)
(64, 24)
(65, 24)
(66, 24)
(67, 24)
(71, 24)
(72, 24)
(73, 24)
(63, 25)
(64, 25)
(65, 25)
(66, 25)
(67, 25)
(71, 25)
(72, 25)
(73, 25)
(63, 26)
(64, 26)
(65, 26)
(66, 26)
(67, 26)
(80, 28)
(81, 28)
(82, 28)
(83, 28)
(80, 29)
(81, 29)
(82, 29)
(83, 29)
(80, 30)
(81, 30)
(82, 30)
(83, 30)
(80, 31)
(81, 31)
(82, 31)
(83, 31)
(80, 32)
(81, 32)
(82, 32)
(83, 32)
(33, 35)
(34, 35)
(35, 35)
(36, 35)
(33, 36)
(34, 36)
(35, 36)
(36, 36)
(55, 36)
(56, 36)
(57, 36)
(33, 37)
(34, 37)
(35, 37)
(36, 37)
(55, 37)
(56, 37)
(57, 37)
(55, 38)
(56, 38)
(57, 38)
(49, 39)
(50, 39)
(51, 39)
(52, 39)
(55, 39)
(56, 39)
(57, 39)
(2, 40)
(3, 40)
(4, 40)
(5, 40)
(49, 40)
(50, 40)
(51, 40)
(52, 40)
(55, 40)
(56, 40)
(57, 40)
(83, 40)
(84, 40)
(85, 40)
(86, 40)
(2, 41)
(3, 41)
(4, 41)
(5, 41)
(49, 41)
(50, 41)
(51, 41)
(52, 41)
(83, 41)
(84, 41)
(85, 41)
(86, 41)
(2, 42)
(3, 42)
(4, 42)
(5, 42)
(83, 42)
(84, 42)
(85, 42)
(86, 42)
(41, 48)
(42, 48)
(43, 48)
(7, 49)
(8, 49)
(9, 49)
(10, 49)
(41, 49)
(42, 49)
(43, 49)
(87, 49)
(88, 49)
(89, 49)
(90, 49)
(91, 49)
(0, 50)
(1, 50)
(2, 50)
(3, 50)
(4, 50)
(7, 50)
(8, 50)
(9, 50)
(10, 50)
(41, 50)
(42, 50)
(43, 50)
(87, 50)
(88, 50)
(89, 50)
(90, 50)
(91, 50)
(0, 51)
(1, 51)
(2, 51)
(3, 51)
(4, 51)
(7, 51)
(8, 51)
(9, 51)
(10, 51)
(68, 51)
(69, 51)
(70, 51)
(71, 51)
(87, 51)
(88, 51)
(89, 51)
(90, 51)
(91, 51)
(0, 52)
(1, 52)
(2, 52)
(3, 52)
(4, 52)
(68, 52)
(69, 52)
(70, 52)
(71, 52)
(87, 52)
(88, 52)
(89, 52)
(90, 52)
(91, 52)
(0, 53)
(1, 53)
(2, 53)
(3, 53)
(4, 53)
(16, 53)
(17, 53)
(18, 53)
(19, 53)
(20, 53)
(68, 53)
(69, 53)
(70, 53)
(71, 53)
(87, 53)
(88, 53)
(89, 53)
(16, 54)
(17, 54)
(18, 54)
(19, 54)
(20, 54)
(40, 54)
(41, 54)
(42, 54)
(43, 54)
(44, 54)
(68, 54)
(69, 54)
(70, 54)
(71, 54)
(87, 54)
(88, 54)
(89, 54)
(16, 55)
(17, 55)
(18, 55)
(19, 55)
(20, 55)
(40, 55)
(41, 55)
(42, 55)
(43, 55)
(44, 55)
(68, 55)
(69, 55)
(70, 55)
(71, 55)
(87, 55)
(88, 55)
(89, 55)
(16, 56)
(17, 56)
(18, 56)
(19, 56)
(20, 56)
(40, 56)
(41, 56)
(42, 56)
(43, 56)
(44, 56)
(87, 56)
(88, 56)
(89, 56)
(16, 57)
(17, 57)
(18, 57)
(19, 57)
(20, 57)
(40, 57)
(41, 57)
(42, 57)
(43, 57)
(44, 57)
(87, 57)
(88, 57)
(89, 57)
(40, 58)
(41, 58)
(42, 58)
(43, 58)
(44, 58)
(12, 59)
(13, 59)
(14, 59)
(12, 60)
(13, 60)
(14, 60)
(12, 61)
(13, 61)
(14, 61)
(12, 62)
(13, 62)
(14, 62)
(15, 62)
(16, 62)
(17, 62)
(58, 62)
(59, 62)
(60, 62)
(61, 62)
(12, 63)
(13, 63)
(14, 63)
(15, 63)
(16, 63)
(17, 63)
(44, 63)
(45, 63)
(46, 63)
(47, 63)
(58, 63)
(59, 63)
(60, 63)
(61, 63)
(68, 63)
(69, 63)
(70, 63)
(71, 63)
(72, 63)
(15, 64)
(16, 64)
(17, 64)
(44, 64)
(45, 64)
(46, 64)
(47, 64)
(58, 64)
(59, 64)
(60, 64)
(61, 64)
(68, 64)
(69, 64)
(70, 64)
(71, 64)
(72, 64)
(44, 65)
(45, 65)
(46, 65)
(47, 65)
(58, 65)
(59, 65)
(60, 65)
(61, 65)
(68, 65)
(69, 65)
(70, 65)
(71, 65)
(72, 65)
(44, 66)
(45, 66)
(46, 66)
(47, 66)
(58, 66)
(59, 66)
(60, 66)
(61, 66)
(46, 67)
(47, 67)
(48, 67)
(49, 67)
(50, 67)
(13, 68)
(14, 68)
(15, 68)
(46, 68)
(47, 68)
(48, 68)
(49, 68)
(50, 68)
(73, 68)
(74, 68)
(75, 68)
(76, 68)
(77, 68)
(13, 69)
(14, 69)
(15, 69)
(46, 69)
(47, 69)
(48, 69)
(49, 69)
(50, 69)
(55, 69)
(56, 69)
(57, 69)
(58, 69)
(73, 69)
(74, 69)
(75, 69)
(76, 69)
(77, 69)
(1, 70)
(2, 70)
(3, 70)
(4, 70)
(5, 70)
(13, 70)
(14, 70)
(15, 70)
(27, 70)
(28, 70)
(29, 70)
(30, 70)
(31, 70)
(55, 70)
(56, 70)
(57, 70)
(58, 70)
(61, 70)
(62, 70)
(63, 70)
(73, 70)
(74, 70)
(75, 70)
(76, 70)
(77, 70)
(1, 71)
(2, 71)
(3, 71)
(4, 71)
(5, 71)
(13, 71)
(14, 71)
(15, 71)
(27, 71)
(28, 71)
(29, 71)
(30, 71)
(31, 71)
(55, 71)
(56, 71)
(57, 71)
(58, 71)
(61, 71)
(62, 71)
(63, 71)
(73, 71)
(74, 71)
(75, 71)
(76, 71)
(77, 71)
(1, 72)
(2, 72)
(3, 72)
(4, 72)
(5, 72)
(27, 72)
(28, 72)
(29, 72)
(30, 72)
(31, 72)
(61, 72)
(62, 72)
(63, 72)
(1, 73)
(2, 73)
(3, 73)
(4, 73)
(5, 73)
(61, 73)
(62, 73)
(63, 73)
(1, 74)
(2, 74)
(3, 74)
(4, 74)
(5, 74)
(39, 75)
(40, 75)
(41, 75)
(42, 75)
(43, 75)
(39, 76)
(40, 76)
(41, 76)
(42, 76)
(43, 76)
(39, 77)
(40, 77)
(41, 77)
(42, 77)
(43, 77)
(93, 79)
(94, 79)
(95, 79)
(96, 79)
(67, 80)
(68, 80)
(69, 80)
(70, 80)
(93, 80)
(94, 80)
(95, 80)
(96, 80)
(67, 81)
(68, 81)
(69, 81)
(70, 81)
(93, 81)
(94, 81)
(95, 81)
(96, 81)
(67, 82)
(68, 82)
(69, 82)
(70, 82)
(93, 82)
(94, 82)
(95, 82)
(96, 82)
(67, 83)
(68, 83)
(69, 83)
(70, 83)
(93, 83)
(94, 83)
(95, 83)
(96, 83)
(67, 84)
(68, 84)
(69, 84)
(70, 84)
(79, 90)
(80, 90)
(81, 90)
(30, 91)
(31, 91)
(32, 91)
(33, 91)
(79, 91)
(80, 91)
(81, 91)
(30, 92)
(31, 92)
(32, 92)
(33, 92)
(79, 92)
(80, 92)
(81, 92)
(30, 93)
(31, 93)
(32, 93)
(33, 93)
(41, 93)
(42, 93)
(43, 93)
(44, 93)
(45, 93)
(30, 94)
(31, 94)
(32, 94)
(33, 94)
(41, 94)
(42, 94)
(43, 94)
(44, 94)
(45, 94)
(11, 95)
(12, 95)
(13, 95)
(14, 95)
(30, 95)
(31, 95)
(32, 95)
(33, 95)
(41, 95)
(42, 95)
(43, 95)
(44, 95)
(45, 95)
(11, 96)
(12, 96)
(13, 96)
(14, 96)
(41, 96)
(42, 96)
(43, 96)
(44, 96)
(45, 96)
(11, 97)
(12, 97)
(13, 97)
(14, 97)
(41, 97)
(42, 97)
(43, 97)
(44, 97)
(45, 97)
(11, 98)
(12, 98)
(13, 98)
(14, 98)
-
(0, 1, 1.0, -1, 0.5)
(1, 4, 1.0, -1, 0.5)
(2, 5, 1.0, -1, 0.5)
(3, 2, 1.0, -1, 0.5)
(4, 3, 1.0, -1, 0.5)
(5, 2, 1.0, -1, 0.5)
(6, 3, 1.0, -1, 0.5)
(7, 1, 1.0, -1, 0.5)
(8, 4, 1.0, -1, 0.5)
(9, 5, 1.0, -1, 0.5)
-
(0, (34,4), (65,77))
(1, (12,54), (83,70))
(2, (67,73), (86,24))
(3, (65,50), (29,63))
(4, (5,88), (4,29))
(5, (52,73), (33,29))
(6, (20,39), (69,87))
(7, (94,68), (70,86))
(8, (26,76), (65,90))
(9, (28,65), (48,22))
