100
(11, 1)
(12, 1)
(13, 1)
(11, 2)
(12, 2)
(13, 2)
(11, 3)
(12, 3)
(13, 3)
(13, 7)
(14, 7)
(15, 7)
(16, 7)
(17, 7)
(13, 8)
(14, 8)
(15, 8)
(16, 8)
(17, 8)
(13, 9)
(14, 9)
(15, 9)
(16, 9)
(17, 9)
(12, 12)
(13, 12)
(14, 12)
(15, 12)
(12, 13)
(13, 13)
(14, 13)
(15, 13)
(12, 14)
(13, 14)
(14, 14)
(15, 14)
(12, 15)
(13, 15)
(14, 15)
(15, 15)
(74, 17)
(75, 17)
(76, 17)
(74, 18)
(75, 18)
(76, 18)
(74, 19)
(75, 19)
(76, 19)
(24, 26)
(25, 26)
(26, 26)
(27, 26)
(28, 26)
(24, 27)
(25, 27)
(26, 27)
(27, 27)
(28, 27)
(24, 28)
(25, 28)
(26, 28)
(27, 28)
(28, 28)
(52, 37)
(53, 37)
(54, 37)
(55, 37)
(56, 37)
(52, 38)
(53, 38)
(54, 38)
(55, 38)
(56, 38)
(52, 39)
(53, 39)
(54, 39)
(55, 39)
(56, 39)
(52, 40)
(53, 40)
(54, 40)
(55, 40)
(56, 40)
(52, 41)
(53, 41)
(54, 41)
(55, 41)
(56, 41)
(11, 43)
(12, 43)
(13, 43)
(14, 43)
(15, 43)
(11, 44)
(12, 44)
(13, 44)
(14, 44)
(15, 44)
(11, 45)
(12, 45)
(13, 45)
(14, 45)
(15, 45)
(3, 50)
(4, 50)
(5, 50)
(3, 51)
(4, 51)
(5, 51)
(3, 52)
(4, 52)
(5, 52)
(60, 52)
(61, 52)
(62, 52)
(3, 53)
(4, 53)
(5, 53)
(60, 53)
(61, 53)
(62, 53)
(60, 54)
(61, 54)
(62, 54)
(60, 55)
(61, 55)
(62, 55)
(22, 62)
(23, 62)
(24, 62)
(22, 63)
(23, 63)
(24, 63)
(22, 64)
(23, 64)
(24, 64)
(64, 68)
(65, 68)
(66, 68)
(67, 68)
(68, 68)
(64, 69)
(65, 69)
(66, 69)
(67, 69)
(68, 69)
(64, 70)
(65, 70)
(66, 70)
(67, 70)
(68, 70)
(64, 71)
(65, 71)
(66, 71)
(67, 71)
(68, 71)
(64, 72)
(65, 72)
(66, 72)
(67, 72)
(68, 72)
(52, 74)
(53, 74)
(54, 74)
(55, 74)
(52, 75)
(53, 75)
(54, 75)
(55, 75)
(52, 76)
(53, 76)
(54, 76)
(55, 76)
(52, 77)
(53, 77)
(54, 77)
(55, 77)
(52, 78)
(53, 78)
(54, 78)
(55, 78)
(6, 89)
(7, 89)
(8, 89)
(9, 89)
(10, 89)
(6, 90)
(7, 90)
(8, 90)
(9, 90)
(10, 90)
(6, 91)
(7, 91)
(8, 91)
(9, 91)
(10, 91)
(6, 92)
(7, 92)
(8, 92)
(9, 92)
(10, 92)
(6, 93)
(7, 93)
(8, 93)
(9, 93)
(10, 93)
(9, 94)
(10, 94)
(11, 94)
(50, 94)
(51, 94)
(52, 94)
(53, 94)
(9, 95)
(10, 95)
(11, 95)
(50, 95)
(51, 95)
(52, 95)
(53, 95)
(9, 96)
(10, 96)
(11, 96)
(50, 96)
(51, 96)
(52, 96)
(53, 96)
(9, 97)
(10, 97)
(11, 97)
(50, 97)
(51, 97)
(52, 97)
(53, 97)
(50, 98)
(51, 98)
(52, 98)
(53, 98)
-
(0, 5, 1.0, -1, 0.5)
(1, 1, 1.0, -1, 0.5)
(2, 1, 1.0, -1, 0.5)
(3, 2, 1.0, -1, 0.5)
(4, 4, 1.0, -1, 0.5)
(5, 5, 1.0, -1, 0.5)
(6, 3, 1.0, -1, 0.5)
(7, 2, 1.0, -1, 0.5)
(8, 3, 1.0, -1, 0.5)
(9, 4, 1.0, -1, 0.5)
-
(0, (77,27), (0,29))
(1, (13,22), (19,65))
(2, (33,63), (1,69))
(3, (96,83), (97,10))
(4, (86,24), (59,13))
(5, (65,50), (31,53))
(6, (45,3), (69,43))
(7, (67,25), (10,52))
(8, (25,9), (39,83))
(9, (77,57), (65,7))
