100
(68, 0)
(69, 0)
(70, 0)
(71, 0)
(68, 1)
(69, 1)
(70, 1)
(71, 1)
(68, 2)
(69, 2)
(70, 2)
(71, 2)
(68, 3)
(69, 3)
(70, 3)
(71, 3)
(68, 4)
(69, 4)
(70, 4)
(71, 4)
(46, 11)
(47, 11)
(48, 11)
(49, 11)
(46, 12)
(47, 12)
(48, 12)
(49, 12)
(1, 13)
(2, 13)
(3, 13)
(4, 13)
(5, 13)
(46, 13)
(47, 13)
(48, 13)
(49, 13)
(50, 13)
(51, 13)
(52, 13)
(1, 14)
(2, 14)
(3, 14)
(4, 14)
(5, 14)
(46, 14)
(47, 14)
(48, 14)
(49, 14)
(50, 14)
(51, 14)
(52, 14)
(1, 15)
(2, 15)
(3, 15)
(4, 15)
(5, 15)
(50, 15)
(51, 15)
(52, 15)
(1, 16)
(2, 16)
(3, 16)
(4, 16)
(5, 16)
(1, 17)
(2, 17)
(3, 17)
(4, 17)
(5, 17)
(81, 28)
(82, 28)
(83, 28)
(81, 29)
(82, 29)
(83, 29)
(81, 30)
(82, 30)
(83, 30)
(81, 31)
(82, 31)
(83, 31)
(81, 32)
(82, 32)
(83, 32)
(67, 60)
(68, 60)
(69, 60)
(70, 60)
(67, 61)
(68, 61)
(69, 61)
(70, 61)
(67, 62)
(68, 62)
(69, 62)
(70, 62)
(18, 66)
(19, 66)
(20, 66)
(21, 66)
(22, 66)
(18, 67)
(19, 67)
(20, 67)
(21, 67)
(22, 67)
(18, 68)
(19, 68)
(20, 68)
(21, 68)
(22, 68)
(18, 69)
(19, 69)
(20, 69)
(21, 69)
(22, 69)
(69, 71)
(70, 71)
(71, 71)
(72, 71)
(69, 72)
(70, 72)
(71, 72)
(72, 72)
(69, 73)
(70, 73)
(71, 73)
(72, 73)
(69, 74)
(70, 74)
(71, 74)
(72, 74)
(53, 80)
(54, 80)
(55, 80)
(56, 80)
(53, 81)
(54, 81)
(55, 81)
(56, 81)
(53, 82)
(54, 82)
(55, 82)
(56, 82)
(28, 90)
(29, 90)
(30, 90)
(31, 90)
(28, 91)
(29, 91)
(30, 91)
(31, 91)
(28, 92)
(29, 92)
(30, 92)
(31, 92)
-
(0, 3, 1.0, -1, 0.5)
(1, 4, 1.0, -1, 0.5)
(2, 1, 1.0, -1, 0.5)
(3, 2, 1.0, -1, 0.5)
(4, 5, 1.0, -1, 0.5)
(5, 3, 1.0, -1, 0.5)
(6, 5, 1.0, -1, 0.5)
(7, 2, 1.0, -1, 0.5)
(8, 1, 1.0, -1, 0.5)
(9, 4, 1.0, -1, 0.5)
-
(0, (94,46), (40,11))
(1, (57,53), (89,61))
(2, (88,0), (21,32))
(3, (84,86), (24,50))
(4, (29,63), (53,9))
(5, (97,38), (71,53))
(6, (64,92), (0,67))
(7, (94,85), (51,96))
(8, (84,20), (89,78))
(9, (68,25), (46,74))
