100
(68, 4)
(69, 4)
(70, 4)
(71, 4)
(28, 5)
(29, 5)
(30, 5)
(31, 5)
(32, 5)
(68, 5)
(69, 5)
(70, 5)
(71, 5)
(76, 5)
(77, 5)
(78, 5)
(79, 5)
(28, 6)
(29, 6)
(30, 6)
(31, 6)
(32, 6)
(52, 6)
(53, 6)
(54, 6)
(68, 6)
(69, 6)
(70, 6)
(71, 6)
(76, 6)
(77, 6)
(78, 6)
(79, 6)
(82, 6)
(83, 6)
(84, 6)
(85, 6)
(6, 7)
(7, 7)
(8, 7)
(28, 7)
(29, 7)
(30, 7)
(31, 7)
(32, 7)
(52, 7)
(53, 7)
(54, 7)
(68, 7)
(69, 7)
(70, 7)
(71, 7)
(76, 7)
(77, 7)
(78, 7)
(79, 7)
(82, 7)
(83, 7)
(84, 7)
(85, 7)
(6, 8)
(7, 8)
(8, 8)
(28, 8)
(29, 8)
(30, 8)
(31, 8)
(32, 8)
(52, 8)
(53, 8)
(54, 8)
(76, 8)
(77, 8)
(78, 8)
(79, 8)
(82, 8)
(83, 8)
(84, 8)
(85, 8)
(87, 8)
(88, 8)
(89, 8)
(90, 8)
(6, 9)
(7, 9)
(8, 9)
(18, 9)
(19, 9)
(20, 9)
(21, 9)
(22, 9)
(52, 9)
(53, 9)
(54, 9)
(76, 9)
(77, 9)
(78, 9)
(79, 9)
(87, 9)
(88, 9)
(89, 9)
(90, 9)
(97, 9)
(98, 9)
(99, 9)
(6, 10)
(7, 10)
(8, 10)
(18, 10)
(19, 10)
(20, 10)
(21, 10)
(22, 10)
(52, 10)
(53, 10)
(54, 10)
(87, 10)
(88, 10)
(89, 10)
(90, 10)
(97, 10)
(98, 10)
(99, 10)
(6, 11)
(7, 11)
(8, 11)
(18, 11)
(19, 11)
(20, 11)
(21, 11)
(22, 11)
(87, 11)
(88, 11)
(89, 11)
(90, 11)
(91, 11)
(92, 11)
(93, 11)
(94, 11)
(95, 11)
(97, 11)
(98, 11)
(99, 11)
(18, 12)
(19, 12)
(20, 12)
(21, 12)
(22, 12)
(91, 12)
(92, 12)
(93, 12)
(94, 12)
(95, 12)
(18, 13)
(19, 13)
(20, 13)
(21, 13)
(22, 13)
(37, 13)
(38, 13)
(39, 13)
(40, 13)
(41, 13)
(51, 13)
(52, 13)
(53, 13)
(54, 13)
(71, 13)
(72, 13)
(73, 13)
(78, 13)
(79, 13)
(80, 13)
(81, 13)
(91, 13)
(92, 13)
(93, 13)
(94, 13)
(95, 13)
(37, 14)
(38, 14)
(39, 14)
(40, 14)
(41, 14)
(51, 14)
(52, 14)
(53, 14)
(54, 14)
(71, 14)
(72, 14)
(73, 14)
(78, 14)
(79, 14)
(80, 14)
(81, 14)
(91, 14)
(92, 14)
(93, 14)
(94, 14)
(95, 14)
(37, 15)
(38, 15)
(39, 15)
(40, 15)
(41, 15)
(51, 15)
(52, 15)
(53, 15)
(54, 15)
(71, 15)
(72, 15)
(73, 15)
(78, 15)
(79, 15)
(80, 15)
(81, 15)
(37, 16)
(38, 16)
(39, 16)
(40, 16)
(41, 16)
(51, 16)
(52, 16)
(53, 16)
(54, 16)
(71, 16)
(72, 16)
(73, 16)
(78, 16)
(79, 16)
(80, 16)
(81, 16)
(37, 17)
(38, 17)
(39, 17)
(40, 17)
(41, 17)
(53, 17)
(54, 17)
(55, 17)
(56, 17)
(57, 17)
(78, 17)
(79, 17)
(80, 17)
(81, 17)
(25, 18)
(26, 18)
(27, 18)
(28, 18)
(42, 18)
(43, 18)
(44, 18)
(45, 18)
(53, 18)
(54, 18)
(55, 18)
(56, 18)
(57, 18)
(25, 19)
(26, 19)
(27, 19)
(28, 19)
(42, 19)
(43, 19)
(44, 19)
(45, 19)
(53, 19)
(54, 19)
(55, 19)
(56, 19)
(57, 19)
(93, 19)
(94, 19)
(95, 19)
(25, 20)
(26, 20)
(27, 20)
(28, 20)
(42, 20)
(43, 20)
(44, 20)
(45, 20)
(93, 20)
(94, 20)
(95, 20)
(25, 21)
(26, 21)
(27, 21)
(28, 21)
(42, 21)
(43, 21)
(44, 21)
(45, 21)
(64, 21)
(65, 21)
(66, 21)
(93, 21)
(94, 21)
(95, 21)
(42, 22)
(43, 22)
(44, 22)
(45, 22)
(64, 22)
(65, 22)
(66, 22)
(58, 23)
(59, 23)
(60, 23)
(64, 23)
(65, 23)
(66, 23)
(75, 23)
(76, 23)
(77, 23)
(78, 23)
(79, 23)
(58, 24)
(59, 24)
(60, 24)
(75, 24)
(76, 24)
(77, 24)
(78, 24)
(79, 24)
(58, 25)
(59, 25)
(60, 25)
(75, 25)
(76, 25)
(77, 25)
(78, 25)
(79, 25)
(24, 27)
(25, 27)
(26, 27)
(27, 27)
(28, 27)
(53, 27)
(54, 27)
(55, 27)
(1, 28)
(2, 28)
(3, 28)
(24, 28)
(25, 28)
(26, 28)
(27, 28)
(28, 28)
(53, 28)
(54, 28)
(55, 28)
(1, 29)
(2, 29)
(3, 29)
(24, 29)
(25, 29)
(26, 29)
(27, 29)
(28, 29)
(53, 29)
(54, 29)
(55, 29)
(1, 30)
(2, 30)
(3, 30)
(24, 30)
(25, 30)
(26, 30)
(27, 30)
(28, 30)
(67, 30)
(68, 30)
(69, 30)
(70, 30)
(24, 31)
(25, 31)
(26, 31)
(27, 31)
(28, 31)
(33, 31)
(34, 31)
(35, 31)
(36, 31)
(37, 31)
(67, 31)
(68, 31)
(69, 31)
(70, 31)
(33, 32)
(34, 32)
(35, 32)
(36, 32)
(37, 32)
(45, 32)
(46, 32)
(47, 32)
(48, 32)
(64, 32)
(65, 32)
(66, 32)
(67, 32)
(68, 32)
(69, 32)
(70, 32)
(33, 33)
(34, 33)
(35, 33)
(36, 33)
(37, 33)
(45, 33)
(46, 33)
(47, 33)
(48, 33)
(64, 33)
(65, 33)
(66, 33)
(67, 33)
(68, 33)
(69, 33)
(70, 33)
(90, 33)
(91, 33)
(92, 33)
(8, 34)
(9, 34)
(10, 34)
(11, 34)
(33, 34)
(34, 34)
(35, 34)
(36, 34)
(37, 34)
(45, 34)
(46, 34)
(47, 34)
(48, 34)
(51, 34)
(52, 34)
(53, 34)
(54, 34)
(64, 34)
(65, 34)
(66, 34)
(67, 34)
(68, 34)
(69, 34)
(70, 34)
(90, 34)
(91, 34)
(92, 34)
(96, 34)
(97, 34)
(98, 34)
(8, 35)
(9, 35)
(10, 35)
(11, 35)
(45, 35)
(46, 35)
(47, 35)
(48, 35)
(51, 35)
(52, 35)
(53, 35)
(54, 35)
(64, 35)
(65, 35)
(66, 35)
(90, 35)
(91, 35)
(92, 35)
(96, 35)
(97, 35)
(98, 35)
(8, 36)
(9, 36)
(10, 36)
(11, 36)
(51, 36)
(52, 36)
(53, 36)
(54, 36)
(64, 36)
(65, 36)
(66, 36)
(96, 36)
(97, 36)
(98, 36)
(8, 37)
(9, 37)
(10, 37)
(11, 37)
(32, 37)
(33, 37)
(34, 37)
(68, 37)
(69, 37)
(70, 37)
(71, 37)
(72, 37)
(79, 37)
(80, 37)
(81, 37)
(82, 37)
(83, 37)
(8, 38)
(9, 38)
(10, 38)
(11, 38)
(32, 38)
(33, 38)
(34, 38)
(68, 38)
(69, 38)
(70, 38)
(71, 38)
(72, 38)
(79, 38)
(80, 38)
(81, 38)
(82, 38)
(83, 38)
(15, 39)
(16, 39)
(17, 39)
(18, 39)
(19, 39)
(32, 39)
(33, 39)
(34, 39)
(51, 39)
(52, 39)
(53, 39)
(54, 39)
(68, 39)
(69, 39)
(70, 39)
(71, 39)
(72, 39)
(79, 39)
(80, 39)
(81, 39)
(82, 39)
(83, 39)
(15, 40)
(16, 40)
(17, 40)
(18, 40)
(19, 40)
(32, 40)
(33, 40)
(34, 40)
(51, 40)
(52, 40)
(53, 40)
(54, 40)
(68, 40)
(69, 40)
(70, 40)
(71, 40)
(72, 40)
(79, 40)
(80, 40)
(81, 40)
(82, 40)
(83, 40)
(15, 41)
(16, 41)
(17, 41)
(18, 41)
(19, 41)
(51, 41)
(52, 41)
(53, 41)
(54, 41)
(60, 41)
(61, 41)
(62, 41)
(63, 41)
(68, 41)
(69, 41)
(70, 41)
(71, 41)
(72, 41)
(15, 42)
(16, 42)
(17, 42)
(18, 42)
(19, 42)
(39, 42)
(40, 42)
(41, 42)
(42, 42)
(51, 42)
(52, 42)
(53, 42)
(54, 42)
(60, 42)
(61, 42)
(62, 42)
(63, 42)
(15, 43)
(16, 43)
(17, 43)
(18, 43)
(19, 43)
(39, 43)
(40, 43)
(41, 43)
(42, 43)
(46, 43)
(47, 43)
(48, 43)
(49, 43)
(50, 43)
(51, 43)
(52, 43)
(53, 43)
(54, 43)
(60, 43)
(61, 43)
(62, 43)
(63, 43)
(86, 43)
(87, 43)
(88, 43)
(89, 43)
(27, 44)
(28, 44)
(29, 44)
(30, 44)
(39, 44)
(40, 44)
(41, 44)
(42, 44)
(46, 44)
(47, 44)
(48, 44)
(49, 44)
(50, 44)
(51, 44)
(52, 44)
(53, 44)
(54, 44)
(60, 44)
(61, 44)
(62, 44)
(63, 44)
(86, 44)
(87, 44)
(88, 44)
(89, 44)
(27, 45)
(28, 45)
(29, 45)
(30, 45)
(46, 45)
(47, 45)
(48, 45)
(49, 45)
(50, 45)
(51, 45)
(52, 45)
(53, 45)
(54, 45)
(56, 45)
(57, 45)
(58, 45)
(59, 45)
(60, 45)
(69, 45)
(70, 45)
(71, 45)
(72, 45)
(86, 45)
(87, 45)
(88, 45)
(89, 45)
(27, 46)
(28, 46)
(29, 46)
(30, 46)
(46, 46)
(47, 46)
(48, 46)
(49, 46)
(50, 46)
(51, 46)
(52, 46)
(53, 46)
(54, 46)
(56, 46)
(57, 46)
(58, 46)
(59, 46)
(60, 46)
(69, 46)
(70, 46)
(71, 46)
(72, 46)
(86, 46)
(87, 46)
(88, 46)
(89, 46)
(27, 47)
(28, 47)
(29, 47)
(30, 47)
(50, 47)
(51, 47)
(52, 47)
(53, 47)
(54, 47)
(56, 47)
(57, 47)
(58, 47)
(59, 47)
(60, 47)
(65, 47)
(66, 47)
(67, 47)
(69, 47)
(70, 47)
(71, 47)
(72, 47)
(86, 47)
(87, 47)
(88, 47)
(89, 47)
(27, 48)
(28, 48)
(29, 48)
(30, 48)
(35, 48)
(36, 48)
(37, 48)
(56, 48)
(57, 48)
(58, 48)
(59, 48)
(60, 48)
(65, 48)
(66, 48)
(67, 48)
(69, 48)
(70, 48)
(71, 48)
(72, 48)
(35, 49)
(36, 49)
(37, 49)
(65, 49)
(66, 49)
(67, 49)
(69, 49)
(70, 49)
(71, 49)
(72, 49)
(93, 49)
(94, 49)
(95, 49)
(96, 49)
(35, 50)
(36, 50)
(37, 50)
(93, 50)
(94, 50)
(95, 50)
(96, 50)
(2, 51)
(3, 51)
(4, 51)
(5, 51)
(6, 51)
(88, 51)
(89, 51)
(90, 51)
(91, 51)
(93, 51)
(94, 51)
(95, 51)
(96, 51)
(2, 52)
(3, 52)
(4, 52)
(5, 52)
(6, 52)
(26, 52)
(27, 52)
(28, 52)
(29, 52)
(88, 52)
(89, 52)
(90, 52)
(91, 52)
(2, 53)
(3, 53)
(4, 53)
(5, 53)
(6, 53)
(9, 53)
(10, 53)
(11, 53)
(26, 53)
(27, 53)
(28, 53)
(29, 53)
(88, 53)
(89, 53)
(90, 53)
(91, 53)
(2, 54)
(3, 54)
(4, 54)
(5, 54)
(6, 54)
(9, 54)
(10, 54)
(11, 54)
(26, 54)
(27, 54)
(28, 54)
(29, 54)
(79, 54)
(80, 54)
(81, 54)
(82, 54)
(88, 54)
(89, 54)
(90, 54)
(91, 54)
(9, 55)
(10, 55)
(11, 55)
(26, 55)
(27, 55)
(28, 55)
(29, 55)
(32, 55)
(33, 55)
(34, 55)
(35, 55)
(36, 55)
(41, 55)
(42, 55)
(43, 55)
(44, 55)
(79, 55)
(80, 55)
(81, 55)
(82, 55)
(88, 55)
(89, 55)
(90, 55)
(91, 55)
(9, 56)
(10, 56)
(11, 56)
(21, 56)
(22, 56)
(23, 56)
(24, 56)
(25, 56)
(26, 56)
(27, 56)
(28, 56)
(29, 56)
(32, 56)
(33, 56)
(34, 56)
(35, 56)
(36, 56)
(41, 56)
(42, 56)
(43, 56)
(44, 56)
(79, 56)
(80, 56)
(81, 56)
(82, 56)
(9, 57)
(10, 57)
(11, 57)
(21, 57)
(22, 57)
(23, 57)
(24, 57)
(25, 57)
(32, 57)
(33, 57)
(34, 57)
(35, 57)
(36, 57)
(41, 57)
(42, 57)
(43, 57)
(44, 57)
(21, 58)
(22, 58)
(23, 58)
(24, 58)
(25, 58)
(64, 58)
(65, 58)
(66, 58)
(67, 58)
(68, 58)
(74, 58)
(75, 58)
(76, 58)
(21, 59)
(22, 59)
(23, 59)
(24, 59)
(25, 59)
(64, 59)
(65, 59)
(66, 59)
(67, 59)
(68, 59)
(74, 59)
(75, 59)
(76, 59)
(80, 59)
(81, 59)
(82, 59)
(83, 59)
(36, 60)
(37, 60)
(38, 60)
(39, 60)
(64, 60)
(65, 60)
(66, 60)
(67, 60)
(68, 60)
(74, 60)
(75, 60)
(76, 60)
(80, 60)
(81, 60)
(82, 60)
(83, 60)
(36, 61)
(37, 61)
(38, 61)
(39, 61)
(64, 61)
(65, 61)
(66, 61)
(67, 61)
(68, 61)
(74, 61)
(75, 61)
(76, 61)
(80, 61)
(81, 61)
(82, 61)
(83, 61)
(36, 62)
(37, 62)
(38, 62)
(39, 62)
(74, 62)
(75, 62)
(76, 62)
(80, 62)
(81, 62)
(82, 62)
(83, 62)
(91, 62)
(92, 62)
(93, 62)
(94, 62)
(36, 63)
(37, 63)
(38, 63)
(39, 63)
(57, 63)
(58, 63)
(59, 63)
(60, 63)
(61, 63)
(80, 63)
(81, 63)
(82, 63)
(83, 63)
(91, 63)
(92, 63)
(93, 63)
(94, 63)
(46, 64)
(47, 64)
(48, 64)
(57, 64)
(58, 64)
(59, 64)
(60, 64)
(61, 64)
(91, 64)
(92, 64)
(93, 64)
(94, 64)
(46, 65)
(47, 65)
(48, 65)
(57, 65)
(58, 65)
(59, 65)
(60, 65)
(61, 65)
(91, 65)
(92, 65)
(93, 65)
(94, 65)
(8, 66)
(9, 66)
(10, 66)
(46, 66)
(47, 66)
(48, 66)
(62, 66)
(63, 66)
(64, 66)
(8, 67)
(9, 67)
(10, 67)
(46, 67)
(47, 67)
(48, 67)
(62, 67)
(63, 67)
(64, 67)
(8, 68)
(9, 68)
(10, 68)
(62, 68)
(63, 68)
(64, 68)
(8, 69)
(9, 69)
(10, 69)
(62, 69)
(63, 69)
(64, 69)
(4, 72)
(5, 72)
(6, 72)
(4, 73)
(5, 73)
(6, 73)
(4, 74)
(5, 74)
(6, 74)
(52, 74)
(53, 74)
(54, 74)
(64, 74)
(65, 74)
(66, 74)
(4, 75)
(5, 75)
(6, 75)
(52, 75)
(53, 75)
(54, 75)
(64, 75)
(65, 75)
(66, 75)
(80, 75)
(81, 75)
(82, 75)
(83, 75)
(52, 76)
(53, 76)
(54, 76)
(64, 76)
(65, 76)
(66, 76)
(80, 76)
(81, 76)
(82, 76)
(83, 76)
(91, 76)
(92, 76)
(93, 76)
(64, 77)
(65, 77)
(66, 77)
(80, 77)
(81, 77)
(82, 77)
(83, 77)
(91, 77)
(92, 77)
(93, 77)
(14, 78)
(15, 78)
(16, 78)
(17, 78)
(49, 78)
(50, 78)
(51, 78)
(52, 78)
(91, 78)
(92, 78)
(93, 78)
(14, 79)
(15, 79)
(16, 79)
(17, 79)
(49, 79)
(50, 79)
(51, 79)
(52, 79)
(14, 80)
(15, 80)
(16, 80)
(17, 80)
(49, 80)
(50, 80)
(51, 80)
(52, 80)
(65, 80)
(66, 80)
(67, 80)
(68, 80)
(69, 80)
(14, 81)
(15, 81)
(16, 81)
(17, 81)
(65, 81)
(66, 81)
(67, 81)
(68, 81)
(69, 81)
(65, 82)
(66, 82)
(67, 82)
(68, 82)
(69, 82)
(0, 83)
(1, 83)
(2, 83)
(3, 83)
(4, 83)
(60, 83)
(61, 83)
(62, 83)
(63, 83)
(64, 83)
(77, 83)
(78, 83)
(79, 83)
(80, 83)
(81, 83)
(91, 83)
(92, 83)
(93, 83)
(94, 83)
(95, 83)
(0, 84)
(1, 84)
(2, 84)
(3, 84)
(4, 84)
(60, 84)
(61, 84)
(62, 84)
(63, 84)
(64, 84)
(77, 84)
(78, 84)
(79, 84)
(80, 84)
(81, 84)
(91, 84)
(92, 84)
(93, 84)
(94, 84)
(95, 84)
(0, 85)
(1, 85)
(2, 85)
(3, 85)
(4, 85)
(60, 85)
(61, 85)
(62, 85)
(63, 85)
(64, 85)
(77, 85)
(78, 85)
(79, 85)
(80, 85)
(81, 85)
(91, 85)
(92, 85)
(93, 85)
(94, 85)
(95, 85)
(0, 86)
(1, 86)
(2, 86)
(3, 86)
(4, 86)
(91, 86)
(92, 86)
(93, 86)
(94, 86)
(95, 86)
(0, 87)
(1, 87)
(2, 87)
(3, 87)
(4, 87)
(91, 87)
(92, 87)
(93, 87)
(94, 87)
(95, 87)
(54, 88)
(55, 88)
(56, 88)
(57, 88)
(54, 89)
(55, 89)
(56, 89)
(57, 89)
(58, 89)
(59, 89)
(60, 89)
(61, 89)
(62, 89)
(54, 90)
(55, 90)
(56, 90)
(57, 90)
(58, 90)
(59, 90)
(60, 90)
(61, 90)
(62, 90)
(66, 90)
(67, 90)
(68, 90)
(69, 90)
(70, 90)
(75, 90)
(76, 90)
(77, 90)
(78, 90)
(87, 90)
(88, 90)
(89, 90)
(90, 90)
(40, 91)
(41, 91)
(42, 91)
(54, 91)
(55, 91)
(56, 91)
(57, 91)
(58, 91)
(59, 91)
(60, 91)
(61, 91)
(62, 91)
(66, 91)
(67, 91)
(68, 91)
(69, 91)
(70, 91)
(75, 91)
(76, 91)
(77, 91)
(78, 91)
(87, 91)
(88, 91)
(89, 91)
(90, 91)
(0, 92)
(1, 92)
(2, 92)
(3, 92)
(31, 92)
(32, 92)
(33, 92)
(34, 92)
(35, 92)
(40, 92)
(41, 92)
(42, 92)
(66, 92)
(67, 92)
(68, 92)
(69, 92)
(70, 92)
(75, 92)
(76, 92)
(77, 92)
(78, 92)
(87, 92)
(88, 92)
(89, 92)
(90, 92)
(0, 93)
(1, 93)
(2, 93)
(3, 93)
(22, 93)
(23, 93)
(24, 93)
(31, 93)
(32, 93)
(33, 93)
(34, 93)
(35, 93)
(40, 93)
(41, 93)
(42, 93)
(70, 93)
(71, 93)
(72, 93)
(75, 93)
(76, 93)
(77, 93)
(78, 93)
(87, 93)
(88, 93)
(89, 93)
(90, 93)
(0, 94)
(1, 94)
(2, 94)
(3, 94)
(22, 94)
(23, 94)
(24, 94)
(31, 94)
(32, 94)
(33, 94)
(34, 94)
(35, 94)
(70, 94)
(71, 94)
(72, 94)
(82, 94)
(83, 94)
(84, 94)
(85, 94)
(87, 94)
(88, 94)
(89, 94)
(90, 94)
(0, 95)
(1, 95)
(2, 95)
(3, 95)
(14, 95)
(15, 95)
(16, 95)
(17, 95)
(22, 95)
(23, 95)
(24, 95)
(31, 95)
(32, 95)
(33, 95)
(34, 95)
(35, 95)
(70, 95)
(71, 95)
(72, 95)
(82, 95)
(83, 95)
(84, 95)
(85, 95)
(14, 96)
(15, 96)
(16, 96)
(17, 96)
(22, 96)
(23, 96)
(24, 96)
(31, 96)
(32, 96)
(33, 96)
(34, 96)
(35, 96)
(63, 96)
(64, 96)
(65, 96)
(66, 96)
(70, 96)
(71, 96)
(72, 96)
(82, 96)
(83, 96)
(84, 96)
(85, 96)
(14, 97)
(15, 97)
(16, 97)
(17, 97)
(22, 97)
(23, 97)
(24, 97)
(63, 97)
(64, 97)
(65, 97)
(66, 97)
(70, 97)
(71, 97)
(72, 97)
(82, 97)
(83, 97)
(84, 97)
(85, 97)
(14, 98)
(15, 98)
(16, 98)
(17, 98)
(63, 98)
(64, 98)
(65, 98)
(66, 98)
(63, 99)
(64, 99)
(65, 99)
(66, 99)
-
(0, 2, 1.0, -1, 0.5)
(1, 3, 1.0, -1, 0.5)
(2, 2, 1.0, -1, 0.5)
(3, 3, 1.0, -1, 0.5)
(4, 1, 1.0, -1, 0.5)
(5, 4, 1.0, -1, 0.5)
(6, 5, 1.0, -1, 0.5)
(7, 1, 1.0, -1, 0.5)
(8, 4, 1.0, -1, 0.5)
(9, 5, 1.0, -1, 0.5)
-
(0, (69,88), (12,67))
(1, (51,88), (3,10))
(2, (30,41), (80,7))
(3, (84,36), (19,63))
(4, (57,98), (78,12))
(5, (16,71), (21,3))
(6, (71,84), (74,34))
(7, (2,70), (84,75))
(8, (55,12), (21,43))
(9, (50,66), (12,83))
