100
(33, 1)
(34, 1)
(35, 1)
(36, 1)
(37, 1)
(33, 2)
(34, 2)
(35, 2)
(36, 2)
(37, 2)
(33, 3)
(34, 3)
(35, 3)
(36, 3)
(37, 3)
(33, 4)
(34, 4)
(35, 4)
(36, 4)
(37, 4)
(64, 12)
(65, 12)
(66, 12)
(67, 12)
(64, 13)
(65, 13)
(66, 13)
(67, 13)
(64, 14)
(65, 14)
(66, 14)
(67, 14)
(37, 22)
(38, 22)
(39, 22)
(40, 22)
(37, 23)
(38, 23)
(39, 23)
(40, 23)
(37, 24)
(38, 24)
(39, 24)
(40, 24)
(37, 25)
(38, 25)
(39, 25)
(40, 25)
(37, 26)
(38, 26)
(39, 26)
(40, 26)
(59, 29)
(60, 29)
(61, 29)
(62, 29)
(59, 30)
(60, 30)
(61, 30)
(62, 30)
(59, 31)
(60, 31)
(61, 31)
(62, 31)
(59, 32)
(60, 32)
(61, 32)
(62, 32)
(59, 33)
(60, 33)
(61, 33)
(62, 33)
(61, 35)
(62, 35)
(63, 35)
(61, 36)
(62, 36)
(63, 36)
(5, 37)
(6, 37)
(7, 37)
(8, 37)
(61, 37)
(62, 37)
(63, 37)
(0, 38)
(1, 38)
(2, 38)
(5, 38)
(6, 38)
(7, 38)
(8, 38)
(0, 39)
(1, 39)
(2, 39)
(5, 39)
(6, 39)
(7, 39)
(8, 39)
(0, 40)
(1, 40)
(2, 40)
(5, 40)
(6, 40)
(7, 40)
(8, 40)
(0, 41)
(1, 41)
(2, 41)
(5, 41)
(6, 41)
(7, 41)
(8, 41)
(0, 42)
(1, 42)
(2, 42)
(3, 48)
(4, 48)
(5, 48)
(6, 48)
(7, 48)
(3, 49)
(4, 49)
(5, 49)
(6, 49)
(7, 49)
(66, 49)
(67, 49)
(68, 49)
(69, 49)
(70, 49)
(3, 50)
(4, 50)
(5, 50)
(6, 50)
(7, 50)
(66, 50)
(67, 50)
(68, 50)
(69, 50)
(70, 50)
(3, 51)
(4, 51)
(5, 51)
(6, 51)
(7, 51)
(66, 51)
(67, 51)
(68, 51)
(69, 51)
(70, 51)
(66, 52)
(67, 52)
(68, 52)
(69, 52)
(70, 52)
(3, 56)
(4, 56)
(5, 56)
(6, 56)
(7, 56)
(3, 57)
(4, 57)
(5, 57)
(6, 57)
(7, 57)
(3, 58)
(4, 58)
(5, 58)
(6, 58)
(7, 58)
(19, 60)
(20, 60)
(21, 60)
(19, 61)
(20, 61)
(21, 61)
(19, 62)
(20, 62)
(21, 62)
(19, 63)
(20, 63)
(21, 63)
(37, 63)
(38, 63)
(39, 63)
(40, 63)
(41, 63)
(19, 64)
(20, 64)
(21, 64)
(37, 64)
(38, 64)
(39, 64)
(40, 64)
(41, 64)
(45, 64)
(46, 64)
(47, 64)
(48, 64)
(37, 65)
(38, 65)
(39, 65)
(40, 65)
(41, 65)
(45, 65)
(46, 65)
(47, 65)
(48, 65)
(37, 66)
(38, 66)
(39, 66)
(40, 66)
(41, 66)
(45, 66)
(46, 66)
(47, 66)
(48, 66)
(37, 67)
(38, 67)
(39, 67)
(40, 67)
(41, 67)
(45, 67)
(46, 67)
(47, 67)
(48, 67)
(7, 77)
(8, 77)
(9, 77)
(7, 78)
(8, 78)
(9, 78)
(7, 79)
(8, 79)
(9, 79)
(13, 79)
(14, 79)
(15, 79)
(16, 79)
(17, 79)
(7, 80)
(8, 80)
(9, 80)
(13, 80)
(14, 80)
(15, 80)
(16, 80)
(17, 80)
(13, 81)
(14, 81)
(15, 81)
(16, 81)
(17, 81)
(76, 81)
(77, 81)
(78, 81)
(79, 81)
(80, 81)
(13, 82)
(14, 82)
(15, 82)
(16, 82)
(17, 82)
(76, 82)
(77, 82)
(78, 82)
(79, 82)
(80, 82)
(13, 83)
(14, 83)
(15, 83)
(16, 83)
(17, 83)
(76, 83)
(77, 83)
(78, 83)
(79, 83)
(80, 83)
(76, 84)
(77, 84)
(78, 84)
(79, 84)
(80, 84)
(67, 86)
(68, 86)
(69, 86)
(70, 86)
(71, 86)
(67, 87)
(68, 87)
(69, 87)
(70, 87)
(71, 87)
(89, 87)
(90, 87)
(91, 87)
(92, 87)
(67, 88)
(68, 88)
(69, 88)
(70, 88)
(71, 88)
(89, 88)
(90, 88)
(91, 88)
(92, 88)
(89, 89)
(90, 89)
(91, 89)
(92, 89)
(89, 90)
(90, 90)
(91, 90)
(92, 90)
(37, 95)
(38, 95)
(39, 95)
(40, 95)
(41, 95)
(9, 96)
(10, 96)
(11, 96)
(12, 96)
(37, 96)
(38, 96)
(39, 96)
(40, 96)
(41, 96)
(9, 97)
(10, 97)
(11, 97)
(12, 97)
(37, 97)
(38, 97)
(39, 97)
(40, 97)
(41, 97)
(9, 98)
(10, 98)
(11, 98)
(12, 98)
-
(0, 4, 1.0, -1, 0.5)
(1, 1, 1.0, -1, 0.5)
(2, 4, 1.0, -1, 0.5)
(3, 3, 1.0, -1, 0.5)
(4, 1, 1.0, -1, 0.5)
(5, 5, 1.0, -1, 0.5)
(6, 3, 1.0, -1, 0.5)
(7, 2, 1.0, -1, 0.5)
(8, 5, 1.0, -1, 0.5)
(9, 2, 1.0, -1, 0.5)
-
(0, (52,3), (56,68))
(1, (56,67), (1,4))
(2, (69,80), (37,89))
(3, (43,50), (35,8))
(4, (93,81), (56,11))
(5, (39,34), (8,62))
(6, (92,2), (53,0))
(7, (46,97), (72,62))
(8, (66,17), (29,62))
(9, (88,69), (8,32))
