100
(9, 15)
(10, 15)
(11, 15)
(12, 15)
(13, 15)
(9, 16)
(10, 16)
(11, 16)
(12, 16)
(13, 16)
(9, 17)
(10, 17)
(11, 17)
(12, 17)
(13, 17)
(38, 34)
(39, 34)
(40, 34)
(38, 35)
(39, 35)
(40, 35)
(38, 36)
(39, 36)
(40, 36)
(38, 37)
(39, 37)
(40, 37)
(30, 41)
(31, 41)
(32, 41)
(30, 42)
(31, 42)
(32, 42)
(30, 43)
(31, 43)
(32, 43)
(3, 65)
(4, 65)
(5, 65)
(6, 65)
(7, 65)
(3, 66)
(4, 66)
(5, 66)
(6, 66)
(7, 66)
(3, 67)
(4, 67)
(5, 67)
(6, 67)
(7, 67)
(3, 68)
(4, 68)
(5, 68)
(6, 68)
(7, 68)
(4, 86)
(5, 86)
(6, 86)
(7, 86)
(4, 87)
(5, 87)
(6, 87)
(7, 87)
(55, 87)
(56, 87)
(57, 87)
(58, 87)
(4, 88)
(5, 88)
(6, 88)
(7, 88)
(39, 88)
(40, 88)
(41, 88)
(42, 88)
(55, 88)
(56, 88)
(57, 88)
(58, 88)
(39, 89)
(40, 89)
(41, 89)
(42, 89)
(55, 89)
(56, 89)
(57, 89)
(58, 89)
(95, 89)
(96, 89)
(97, 89)
(98, 89)
(99, 89)
(39, 90)
(40, 90)
(41, 90)
(42, 90)
(55, 90)
(56, 90)
(57, 90)
(58, 90)
(95, 90)
(96, 90)
(97, 90)
(98, 90)
(99, 90)
(55, 91)
(56, 91)
(57, 91)
(58, 91)
(95, 91)
(96, 91)
(97, 91)
(98, 91)
(99, 91)
(75, 92)
(76, 92)
(77, 92)
(78, 92)
(95, 92)
(96, 92)
(97, 92)
(98, 92)
(99, 92)
(75, 93)
(76, 93)
(77, 93)
(78, 93)
(75, 94)
(76, 94)
(77, 94)
(78, 94)
(65, 95)
(66, 95)
(67, 95)
(75, 95)
(76, 95)
(77, 95)
(78, 95)
(65, 96)
(66, 96)
(67, 96)
(75, 96)
(76, 96)
(77, 96)
(78, 96)
(65, 97)
(66, 97)
(67, 97)
-
(0, 1, 1.0, -1, 0.5)
(1, 3, 1.0, -1, 0.5)
(2, 5, 1.0, -1, 0.5)
(3, 2, 1.0, -1, 0.5)
(4, 4, 1.0, -1, 0.5)
(5, 2, 1.0, -1, 0.5)
(6, 1, 1.0, -1, 0.5)
(7, 3, 1.0, -1, 0.5)
(8, 5, 1.0, -1, 0.5)
(9, 4, 1.0, -1, 0.5)
-
(0, (58,95), (95,59))
(1, (14,0), (29,34))
(2, (25,4), (39,80))
(3, (82,11), (53,45))
(4, (22,51), (20,10))
(5, (89,53), (3,56))
(6, (1,57), (83,43))
(7, (86,16), (56,79))
(8, (57,68), (3,36))
(9, (18,80), (8,48))
