100
(78, 1)
(79, 1)
(80, 1)
(81, 1)
(83, 1)
(84, 1)
(85, 1)
(86, 1)
(87, 1)
(78, 2)
(79, 2)
(80, 2)
(81, 2)
(83, 2)
(84, 2)
(85, 2)
(86, 2)
(87, 2)
(78, 3)
(79, 3)
(80, 3)
(81, 3)
(83, 3)
(84, 3)
(85, 3)
(86, 3)
(87, 3)
(78, 4)
(79, 4)
(80, 4)
(81, 4)
(83, 4)
(84, 4)
(85, 4)
(86, 4)
(87, 4)
(78, 5)
(79, 5)
(80, 5)
(81, 5)
(83, 5)
(84, 5)
(85, 5)
(86, 5)
(87, 5)
(7, 12)
(8, 12)
(9, 12)
(10, 12)
(7, 13)
(8, 13)
(9, 13)
(10, 13)
(7, 14)
(8, 14)
(9, 14)
(10, 14)
(44, 17)
(45, 17)
(46, 17)
(47, 17)
(44, 18)
(45, 18)
(46, 18)
(47, 18)
(44, 19)
(45, 19)
(46, 19)
(47, 19)
(44, 20)
(45, 20)
(46, 20)
(47, 20)
(45, 23)
(46, 23)
(47, 23)
(48, 23)
(49, 23)
(45, 24)
(46, 24)
(47, 24)
(48, 24)
(49, 24)
(45, 25)
(46, 25)
(47, 25)
(48, 25)
(49, 25)
(45, 26)
(46, 26)
(47, 26)
(48, 26)
(49, 26)
(77, 32)
(78, 32)
(79, 32)
(80, 32)
(81, 32)
(77, 33)
(78, 33)
(79, 33)
(80, 33)
(81, 33)
(77, 34)
(78, 34)
(79, 34)
(80, 34)
(81, 34)
(60, 37)
(61, 37)
(62, 37)
(63, 37)
(60, 38)
(61, 38)
(62, 38)
(63, 38)
(60, 39)
(61, 39)
(62, 39)
(63, 39)
(80, 64)
(81, 64)
(82, 64)
(83, 64)
(80, 65)
(81, 65)
(82, 65)
(83, 65)
(80, 66)
(81, 66)
(82, 66)
(83, 66)
(57, 73)
(58, 73)
(59, 73)
(60, 73)
(61, 73)
(57, 74)
(58, 74)
(59, 74)
(60, 74)
(61, 74)
(57, 75)
(58, 75)
(59, 75)
(60, 75)
(61, 75)
(57, 76)
(58, 76)
(59, 76)
(60, 76)
(61, 76)
(7, 94)
(8, 94)
(9, 94)
(10, 94)
(11, 94)
(7, 95)
(8, 95)
(9, 95)
(10, 95)
(11, 95)
(7, 96)
(8, 96)
(9, 96)
(10, 96)
(11, 96)
(7, 97)
(8, 97)
(9, 97)
(10, 97)
(11, 97)
-
(0, 4, 1.0, -1, 0.5)
(1, 3, 1.0, -1, 0.5)
(2, 2, 1.0, -1, 0.5)
(3, 3, 1.0, -1, 0.5)
(4, 5, 1.0, -1, 0.5)
(5, 4, 1.0, -1, 0.5)
(6, 1, 1.0, -1, 0.5)
(7, 2, 1.0, -1, 0.5)
(8, 5, 1.0, -1, 0.5)
(9, 1, 1.0, -1, 0.5)
-
(0, (15,83), (7,52))
(1, (16,78), (46,86))
(2, (21,54), (66,40))
(3, (48,66), (13,14))
(4, (74,84), (89,43))
(5, (37,16), (82,10))
(6, (18,12), (72,66))
(7, (77,35), (25,85))
(8, (20,69), (90,20))
(9, (20,80), (63,76))
