100
(35, 2)
(36, 2)
(37, 2)
(38, 2)
(39, 2)
(35, 3)
(36, 3)
(37, 3)
(38, 3)
(39, 3)
(35, 4)
(36, 4)
(37, 4)
(38, 4)
(39, 4)
(61, 8)
(62, 8)
(63, 8)
(64, 8)
(61, 9)
(62, 9)
(63, 9)
(64, 9)
(61, 10)
(62, 10)
(63, 10)
(64, 10)
(79, 14)
(80, 14)
(81, 14)
(79, 15)
(80, 15)
(81, 15)
(79, 16)
(80, 16)
(81, 16)
(88, 16)
(89, 16)
(90, 16)
(91, 16)
(79, 17)
(80, 17)
(81, 17)
(88, 17)
(89, 17)
(90, 17)
(91, 17)
(79, 18)
(80, 18)
(81, 18)
(88, 18)
(89, 18)
(90, 18)
(91, 18)
(89, 23)
(90, 23)
(91, 23)
(92, 23)
(93, 23)
(89, 24)
(90, 24)
(91, 24)
(92, 24)
(93, 24)
(89, 25)
(90, 25)
(91, 25)
(92, 25)
(93, 25)
(89, 26)
(90, 26)
(91, 26)
(92, 26)
(93, 26)
(89, 27)
(90, 27)
(91, 27)
(92, 27)
(93, 27)
(87, 30)
(88, 30)
(89, 30)
(90, 30)
(87, 31)
(88, 31)
(89, 31)
(90, 31)
(87, 32)
(88, 32)
(89, 32)
(90, 32)
(87, 33)
(88, 33)
(89, 33)
(90, 33)
(87, 34)
(88, 34)
(89, 34)
(90, 34)
(45, 35)
(46, 35)
(47, 35)
(45, 36)
(46, 36)
(47, 36)
(45, 37)
(46, 37)
(47, 37)
(45, 38)
(46, 38)
(47, 38)
(60, 44)
(61, 44)
(62, 44)
(63, 44)
(60, 45)
(61, 45)
(62, 45)
(63, 45)
(60, 46)
(61, 46)
(62, 46)
(63, 46)
(60, 47)
(61, 47)
(62, 47)
(63, 47)
(64, 47)
(60, 48)
(61, 48)
(62, 48)
(63, 48)
(64, 48)
(60, 49)
(61, 49)
(62, 49)
(63, 49)
(64, 49)
(60, 50)
(61, 50)
(62, 50)
(63, 50)
(64, 50)
(36, 54)
(37, 54)
(38, 54)
(39, 54)
(40, 54)
(36, 55)
(37, 55)
(38, 55)
(39, 55)
(40, 55)
(36, 56)
(37, 56)
(38, 56)
(39, 56)
(40, 56)
(74, 56)
(75, 56)
(76, 56)
(42, 57)
(43, 57)
(44, 57)
(45, 57)
(74, 57)
(75, 57)
(76, 57)
(42, 58)
(43, 58)
(44, 58)
(45, 58)
(74, 58)
(75, 58)
(76, 58)
(5, 59)
(6, 59)
(7, 59)
(8, 59)
(42, 59)
(43, 59)
(44, 59)
(45, 59)
(74, 59)
(75, 59)
(76, 59)
(5, 60)
(6, 60)
(7, 60)
(8, 60)
(42, 60)
(43, 60)
(44, 60)
(45, 60)
(5, 61)
(6, 61)
(7, 61)
(8, 61)
(20, 61)
(21, 61)
(22, 61)
(23, 61)
(42, 61)
(43, 61)
(44, 61)
(45, 61)
(5, 62)
(6, 62)
(7, 62)
(8, 62)
(20, 62)
(21, 62)
(22, 62)
(23, 62)
(5, 63)
(6, 63)
(7, 63)
(8, 63)
(20, 63)
(21, 63)
(22, 63)
(23, 63)
(78, 64)
(79, 64)
(80, 64)
(81, 64)
(82, 64)
(78, 65)
(79, 65)
(80, 65)
(81, 65)
(82, 65)
(78, 66)
(79, 66)
(80, 66)
(81, 66)
(82, 66)
(8, 67)
(9, 67)
(10, 67)
(11, 67)
(78, 67)
(79, 67)
(80, 67)
(81, 67)
(82, 67)
(8, 68)
(9, 68)
(10, 68)
(11, 68)
(8, 69)
(9, 69)
(10, 69)
(11, 69)
(48, 72)
(49, 72)
(50, 72)
(51, 72)
(48, 73)
(49, 73)
(50, 73)
(51, 73)
(48, 74)
(49, 74)
(50, 74)
(51, 74)
(48, 75)
(49, 75)
(50, 75)
(51, 75)
(48, 76)
(49, 76)
(50, 76)
(51, 76)
(23, 88)
(24, 88)
(25, 88)
(26, 88)
(92, 88)
(93, 88)
(94, 88)
(95, 88)
(96, 88)
(23, 89)
(24, 89)
(25, 89)
(26, 89)
(92, 89)
(93, 89)
(94, 89)
(95, 89)
(96, 89)
(23, 90)
(24, 90)
(25, 90)
(26, 90)
(92, 90)
(93, 90)
(94, 90)
(95, 90)
(96, 90)
(23, 91)
(24, 91)
(25, 91)
(26, 91)
(92, 91)
(93, 91)
(94, 91)
(95, 91)
(96, 91)
(92, 92)
(93, 92)
(94, 92)
(95, 92)
(96, 92)
(30, 93)
(31, 93)
(32, 93)
(33, 93)
(30, 94)
(31, 94)
(32, 94)
(33, 94)
(30, 95)
(31, 95)
(32, 95)
(33, 95)
(30, 96)
(31, 96)
(32, 96)
(33, 96)
(30, 97)
(31, 97)
(32, 97)
(33, 97)
-
(0, 2, 1.0, -1, 0.5)
(1, 2, 1.0, -1, 0.5)
(2, 4, 1.0, -1, 0.5)
(3, 5, 1.0, -1, 0.5)
(4, 1, 1.0, -1, 0.5)
(5, 1, 1.0, -1, 0.5)
(6, 5, 1.0, -1, 0.5)
(7, 3, 1.0, -1, 0.5)
(8, 4, 1.0, -1, 0.5)
(9, 3, 1.0, -1, 0.5)
-
(0, (15,37), (73,79))
(1, (5,30), (5,87))
(2, (1,15), (67,44))
(3, (82,7), (5,42))
(4, (56,96), (10,85))
(5, (36,18), (27,96))
(6, (74,2), (4,7))
(7, (8,0), (50,23))
(8, (92,13), (17,31))
(9, (19,50), (92,9))
