100
(28, 1)
(29, 1)
(30, 1)
(31, 1)
(32, 1)
(35, 1)
(36, 1)
(37, 1)
(38, 1)
(71, 1)
(72, 1)
(73, 1)
(74, 1)
(28, 2)
(29, 2)
(30, 2)
(31, 2)
(32, 2)
(35, 2)
(36, 2)
(37, 2)
(38, 2)
(71, 2)
(72, 2)
(73, 2)
(74, 2)
(28, 3)
(29, 3)
(30, 3)
(31, 3)
(32, 3)
(35, 3)
(36, 3)
(37, 3)
(38, 3)
(71, 3)
(72, 3)
(73, 3)
(74, 3)
(35, 4)
(36, 4)
(37, 4)
(38, 4)
(71, 4)
(72, 4)
(73, 4)
(74, 4)
(71, 5)
(72, 5)
(73, 5)
(74, 5)
(45, 6)
(46, 6)
(47, 6)
(48, 6)
(45, 7)
(46, 7)
(47, 7)
(48, 7)
(45, 8)
(46, 8)
(47, 8)
(48, 8)
(45, 9)
(46, 9)
(47, 9)
(48, 9)
(16, 16)
(17, 16)
(18, 16)
(19, 16)
(44, 16)
(45, 16)
(46, 16)
(16, 17)
(17, 17)
(18, 17)
(19, 17)
(44, 17)
(45, 17)
(46, 17)
(16, 18)
(17, 18)
(18, 18)
(19, 18)
(44, 18)
(45, 18)
(46, 18)
(0, 20)
(1, 20)
(2, 20)
(3, 20)
(4, 20)
(0, 21)
(1, 21)
(2, 21)
(3, 21)
(4, 21)
(0, 22)
(1, 22)
(2, 22)
(3, 22)
(4, 22)
(78, 25)
(79, 25)
(80, 25)
(81, 25)
(82, 25)
(70, 26)
(71, 26)
(72, 26)
(73, 26)
(74, 26)
(78, 26)
(79, 26)
(80, 26)
(81, 26)
(82, 26)
(70, 27)
(71, 27)
(72, 27)
(73, 27)
(74, 27)
(78, 27)
(79, 27)
(80, 27)
(81, 27)
(82, 27)
(70, 28)
(71, 28)
(72, 28)
(73, 28)
(74, 28)
(78, 28)
(79, 28)
(80, 28)
(81, 28)
(82, 28)
(78, 29)
(79, 29)
(80, 29)
(81, 29)
(82, 29)
(59, 33)
(60, 33)
(61, 33)
(62, 33)
(6, 34)
(7, 34)
(8, 34)
(9, 34)
(10, 34)
(59, 34)
(60, 34)
(61, 34)
(62, 34)
(6, 35)
(7, 35)
(8, 35)
(9, 35)
(10, 35)
(59, 35)
(60, 35)
(61, 35)
(62, 35)
(6, 36)
(7, 36)
(8, 36)
(9, 36)
(10, 36)
(59, 36)
(60, 36)
(61, 36)
(62, 36)
(59, 37)
(60, 37)
(61, 37)
(62, 37)
(85, 37)
(86, 37)
(87, 37)
(85, 38)
(86, 38)
(87, 38)
(56, 39)
(57, 39)
(58, 39)
(59, 39)
(85, 39)
(86, 39)
(87, 39)
(56, 40)
(57, 40)
(58, 40)
(59, 40)
(85, 40)
(86, 40)
(87, 40)
(56, 41)
(57, 41)
(58, 41)
(59, 41)
(90, 41)
(91, 41)
(92, 41)
(93, 41)
(94, 41)
(56, 42)
(57, 42)
(58, 42)
(59, 42)
(90, 42)
(91, 42)
(92, 42)
(93, 42)
(94, 42)
(56, 43)
(57, 43)
(58, 43)
(59, 43)
(90, 43)
(91, 43)
(92, 43)
(93, 43)
(94, 43)
(41, 44)
(42, 44)
(43, 44)
(44, 44)
(41, 45)
(42, 45)
(43, 45)
(44, 45)
(41, 46)
(42, 46)
(43, 46)
(44, 46)
(41, 47)
(42, 47)
(43, 47)
(44, 47)
(41, 48)
(42, 48)
(43, 48)
(44, 48)
(53, 50)
(54, 50)
(55, 50)
(56, 50)
(57, 50)
(53, 51)
(54, 51)
(55, 51)
(56, 51)
(57, 51)
(77, 51)
(78, 51)
(79, 51)
(80, 51)
(95, 51)
(96, 51)
(97, 51)
(98, 51)
(53, 52)
(54, 52)
(55, 52)
(56, 52)
(57, 52)
(77, 52)
(78, 52)
(79, 52)
(80, 52)
(95, 52)
(96, 52)
(97, 52)
(98, 52)
(53, 53)
(54, 53)
(55, 53)
(56, 53)
(57, 53)
(77, 53)
(78, 53)
(79, 53)
(80, 53)
(95, 53)
(96, 53)
(97, 53)
(98, 53)
(95, 54)
(96, 54)
(97, 54)
(98, 54)
(8, 56)
(9, 56)
(10, 56)
(8, 57)
(9, 57)
(10, 57)
(8, 58)
(9, 58)
(10, 58)
(8, 59)
(9, 59)
(10, 59)
(83, 59)
(84, 59)
(85, 59)
(86, 59)
(83, 60)
(84, 60)
(85, 60)
(86, 60)
(83, 61)
(84, 61)
(85, 61)
(86, 61)
(5, 62)
(6, 62)
(7, 62)
(8, 62)
(9, 62)
(73, 62)
(74, 62)
(75, 62)
(5, 63)
(6, 63)
(7, 63)
(8, 63)
(9, 63)
(67, 63)
(68, 63)
(69, 63)
(70, 63)
(73, 63)
(74, 63)
(75, 63)
(5, 64)
(6, 64)
(7, 64)
(8, 64)
(9, 64)
(67, 64)
(68, 64)
(69, 64)
(70, 64)
(73, 64)
(74, 64)
(75, 64)
(5, 65)
(6, 65)
(7, 65)
(8, 65)
(9, 65)
(67, 65)
(68, 65)
(69, 65)
(70, 65)
(5, 66)
(6, 66)
(7, 66)
(8, 66)
(9, 66)
(57, 70)
(58, 70)
(59, 70)
(60, 70)
(57, 71)
(58, 71)
(59, 71)
(60, 71)
(57, 72)
(58, 72)
(59, 72)
(60, 72)
(71, 75)
(72, 75)
(73, 75)
(74, 75)
(31, 76)
(32, 76)
(33, 76)
(47, 76)
(48, 76)
(49, 76)
(50, 76)
(71, 76)
(72, 76)
(73, 76)
(74, 76)
(85, 76)
(86, 76)
(87, 76)
(88, 76)
(89, 76)
(31, 77)
(32, 77)
(33, 77)
(47, 77)
(48, 77)
(49, 77)
(50, 77)
(71, 77)
(72, 77)
(73, 77)
(74, 77)
(85, 77)
(86, 77)
(87, 77)
(88, 77)
(89, 77)
(31, 78)
(32, 78)
(33, 78)
(47, 78)
(48, 78)
(49, 78)
(50, 78)
(54, 78)
(55, 78)
(56, 78)
(57, 78)
(71, 78)
(72, 78)
(73, 78)
(74, 78)
(85, 78)
(86, 78)
(87, 78)
(88, 78)
(89, 78)
(31, 79)
(32, 79)
(33, 79)
(47, 79)
(48, 79)
(49, 79)
(50, 79)
(54, 79)
(55, 79)
(56, 79)
(57, 79)
(71, 79)
(72, 79)
(73, 79)
(74, 79)
(85, 79)
(86, 79)
(87, 79)
(88, 79)
(89, 79)
(54, 80)
(55, 80)
(56, 80)
(57, 80)
(85, 80)
(86, 80)
(87, 80)
(88, 80)
(89, 80)
(54, 81)
(55, 81)
(56, 81)
(57, 81)
(42, 86)
(43, 86)
(44, 86)
(52, 86)
(53, 86)
(54, 86)
(55, 86)
(42, 87)
(43, 87)
(44, 87)
(52, 87)
(53, 87)
(54, 87)
(55, 87)
(42, 88)
(43, 88)
(44, 88)
(52, 88)
(53, 88)
(54, 88)
(55, 88)
(33, 89)
(34, 89)
(35, 89)
(36, 89)
(37, 89)
(52, 89)
(53, 89)
(54, 89)
(55, 89)
(33, 90)
(34, 90)
(35, 90)
(36, 90)
(37, 90)
(52, 90)
(53, 90)
(54, 90)
(55, 90)
(33, 91)
(34, 91)
(35, 91)
(36, 91)
(37, 91)
(89, 91)
(90, 91)
(91, 91)
(92, 91)
(20, 92)
(21, 92)
(22, 92)
(23, 92)
(24, 92)
(33, 92)
(34, 92)
(35, 92)
(36, 92)
(37, 92)
(89, 92)
(90, 92)
(91, 92)
(92, 92)
(20, 93)
(21, 93)
(22, 93)
(23, 93)
(24, 93)
(89, 93)
(90, 93)
(91, 93)
(92, 93)
(20, 94)
(21, 94)
(22, 94)
(23, 94)
(24, 94)
(89, 94)
(90, 94)
(91, 94)
(92, 94)
(20, 95)
(21, 95)
(22, 95)
(23, 95)
(24, 95)
(56, 95)
(57, 95)
(58, 95)
(59, 95)
(60, 95)
(20, 96)
(21, 96)
(22, 96)
(23, 96)
(24, 96)
(56, 96)
(57, 96)
(58, 96)
(59, 96)
(60, 96)
(56, 97)
(57, 97)
(58, 97)
(59, 97)
(60, 97)
(56, 98)
(57, 98)
(58, 98)
(59, 98)
(60, 98)
(56, 99)
(57, 99)
(58, 99)
(59, 99)
(60, 99)
-
(0, 5, 1.0, -1, 0.5)
(1, 1, 1.0, -1, 0.5)
(2, 1, 1.0, -1, 0.5)
(3, 2, 1.0, -1, 0.5)
(4, 4, 1.0, -1, 0.5)
(5, 3, 1.0, -1, 0.5)
(6, 2, 1.0, -1, 0.5)
(7, 5, 1.0, -1, 0.5)
(8, 4, 1.0, -1, 0.5)
(9, 3, 1.0, -1, 0.5)
-
(0, (33,84), (65,48))
(1, (21,70), (62,49))
(2, (0,19), (24,47))
(3, (72,54), (42,59))
(4, (16,40), (9,71))
(5, (71,88), (39,16))
(6, (55,56), (8,54))
(7, (37,71), (21,18))
(8, (23,55), (5,78))
(9, (48,69), (68,91))
