100
(52, 40)
(53, 40)
(54, 40)
(52, 41)
(53, 41)
(54, 41)
(52, 42)
(53, 42)
(54, 42)
(52, 43)
(53, 43)
(54, 43)
(67, 71)
(68, 71)
(69, 71)
(67, 72)
(68, 72)
(69, 72)
(67, 73)
(68, 73)
(69, 73)
(92, 73)
(93, 73)
(94, 73)
(67, 74)
(68, 74)
(69, 74)
(92, 74)
(93, 74)
(94, 74)
(92, 75)
(93, 75)
(94, 75)
(51, 82)
(52, 82)
(53, 82)
(54, 82)
(51, 83)
(52, 83)
(53, 83)
(54, 83)
(51, 84)
(52, 84)
(53, 84)
(54, 84)
(51, 85)
(52, 85)
(53, 85)
(54, 85)
(58, 94)
(59, 94)
(60, 94)
(61, 94)
(58, 95)
(59, 95)
(60, 95)
(61, 95)
(58, 96)
(59, 96)
(60, 96)
(61, 96)
-
(0, 1, 1.0, -1, 0.5)
(1, 4, 1.0, -1, 0.5)
(2, 3, 1.0, -1, 0.5)
(3, 3, 1.0, -1, 0.5)
(4, 4, 1.0, -1, 0.5)
(5, 5, 1.0, -1, 0.5)
(6, 2, 1.0, -1, 0.5)
(7, 1, 1.0, -1, 0.5)
(8, 5, 1.0, -1, 0.5)
(9, 2, 1.0, -1, 0.5)
-
(0, (7,76), (26,42))
(1, (18,18), (26,74))
(2, (73,61), (7,84))
(3, (15,49), (2,24))
(4, (53,57), (39,17))
(5, (47,59), (13,17))
(6, (52,19), (39,54))
(7, (94,81), (9,67))
(8, (83,16), (8,68))
(9, (37,5), (7,12))
