100
(20, 1)
(21, 1)
(22, 1)
(23, 1)
(24, 1)
(33, 1)
(34, 1)
(35, 1)
(36, 1)
(37, 1)
(57, 1)
(58, 1)
(59, 1)
(20, 2)
(21, 2)
(22, 2)
(23, 2)
(24, 2)
(33, 2)
(34, 2)
(35, 2)
(36, 2)
(37, 2)
(57, 2)
(58, 2)
(59, 2)
(20, 3)
(21, 3)
(22, 3)
(23, 3)
(24, 3)
(33, 3)
(34, 3)
(35, 3)
(36, 3)
(37, 3)
(57, 3)
(58, 3)
(59, 3)
(71, 3)
(72, 3)
(73, 3)
(74, 3)
(75, 3)
(89, 3)
(90, 3)
(91, 3)
(92, 3)
(93, 3)
(20, 4)
(21, 4)
(22, 4)
(23, 4)
(24, 4)
(26, 4)
(27, 4)
(28, 4)
(29, 4)
(30, 4)
(33, 4)
(34, 4)
(35, 4)
(36, 4)
(37, 4)
(68, 4)
(69, 4)
(70, 4)
(71, 4)
(72, 4)
(73, 4)
(74, 4)
(75, 4)
(89, 4)
(90, 4)
(91, 4)
(92, 4)
(93, 4)
(26, 5)
(27, 5)
(28, 5)
(29, 5)
(30, 5)
(33, 5)
(34, 5)
(35, 5)
(36, 5)
(37, 5)
(68, 5)
(69, 5)
(70, 5)
(71, 5)
(72, 5)
(73, 5)
(74, 5)
(75, 5)
(89, 5)
(90, 5)
(91, 5)
(92, 5)
(93, 5)
(3, 6)
(4, 6)
(5, 6)
(6, 6)
(26, 6)
(27, 6)
(28, 6)
(29, 6)
(30, 6)
(68, 6)
(69, 6)
(70, 6)
(81, 6)
(82, 6)
(83, 6)
(84, 6)
(85, 6)
(89, 6)
(90, 6)
(91, 6)
(92, 6)
(93, 6)
(3, 7)
(4, 7)
(5, 7)
(6, 7)
(26, 7)
(27, 7)
(28, 7)
(29, 7)
(30, 7)
(81, 7)
(82, 7)
(83, 7)
(84, 7)
(85, 7)
(89, 7)
(90, 7)
(91, 7)
(92, 7)
(93, 7)
(94, 7)
(95, 7)
(96, 7)
(3, 8)
(4, 8)
(5, 8)
(6, 8)
(16, 8)
(17, 8)
(18, 8)
(19, 8)
(20, 8)
(25, 8)
(26, 8)
(27, 8)
(28, 8)
(81, 8)
(82, 8)
(83, 8)
(84, 8)
(85, 8)
(94, 8)
(95, 8)
(96, 8)
(16, 9)
(17, 9)
(18, 9)
(19, 9)
(20, 9)
(25, 9)
(26, 9)
(27, 9)
(28, 9)
(81, 9)
(82, 9)
(83, 9)
(84, 9)
(85, 9)
(94, 9)
(95, 9)
(96, 9)
(16, 10)
(17, 10)
(18, 10)
(19, 10)
(20, 10)
(25, 10)
(26, 10)
(27, 10)
(28, 10)
(45, 10)
(46, 10)
(47, 10)
(48, 10)
(70, 10)
(71, 10)
(72, 10)
(73, 10)
(74, 10)
(81, 10)
(82, 10)
(83, 10)
(84, 10)
(85, 10)
(94, 10)
(95, 10)
(96, 10)
(16, 11)
(17, 11)
(18, 11)
(19, 11)
(20, 11)
(25, 11)
(26, 11)
(27, 11)
(28, 11)
(45, 11)
(46, 11)
(47, 11)
(48, 11)
(70, 11)
(71, 11)
(72, 11)
(73, 11)
(74, 11)
(94, 11)
(95, 11)
(96, 11)
(25, 12)
(26, 12)
(27, 12)
(28, 12)
(45, 12)
(46, 12)
(47, 12)
(48, 12)
(70, 12)
(71, 12)
(72, 12)
(73, 12)
(74, 12)
(37, 15)
(38, 15)
(39, 15)
(37, 16)
(38, 16)
(39, 16)
(71, 16)
(72, 16)
(73, 16)
(74, 16)
(37, 17)
(38, 17)
(39, 17)
(71, 17)
(72, 17)
(73, 17)
(74, 17)
(96, 17)
(97, 17)
(98, 17)
(99, 17)
(32, 18)
(33, 18)
(34, 18)
(35, 18)
(36, 18)
(37, 18)
(38, 18)
(39, 18)
(66, 18)
(67, 18)
(68, 18)
(69, 18)
(70, 18)
(71, 18)
(72, 18)
(73, 18)
(74, 18)
(96, 18)
(97, 18)
(98, 18)
(99, 18)
(21, 19)
(22, 19)
(23, 19)
(24, 19)
(25, 19)
(32, 19)
(33, 19)
(34, 19)
(35, 19)
(36, 19)
(66, 19)
(67, 19)
(68, 19)
(69, 19)
(70, 19)
(71, 19)
(72, 19)
(73, 19)
(74, 19)
(96, 19)
(97, 19)
(98, 19)
(99, 19)
(21, 20)
(22, 20)
(23, 20)
(24, 20)
(25, 20)
(32, 20)
(33, 20)
(34, 20)
(35, 20)
(36, 20)
(40, 20)
(41, 20)
(42, 20)
(66, 20)
(67, 20)
(68, 20)
(69, 20)
(70, 20)
(96, 20)
(97, 20)
(98, 20)
(99, 20)
(21, 21)
(22, 21)
(23, 21)
(24, 21)
(25, 21)
(32, 21)
(33, 21)
(34, 21)
(35, 21)
(36, 21)
(40, 21)
(41, 21)
(42, 21)
(66, 21)
(67, 21)
(68, 21)
(69, 21)
(70, 21)
(21, 22)
(22, 22)
(23, 22)
(24, 22)
(25, 22)
(40, 22)
(41, 22)
(42, 22)
(95, 22)
(96, 22)
(97, 22)
(98, 22)
(40, 23)
(41, 23)
(42, 23)
(95, 23)
(96, 23)
(97, 23)
(98, 23)
(26, 24)
(27, 24)
(28, 24)
(40, 24)
(41, 24)
(42, 24)
(90, 24)
(91, 24)
(92, 24)
(95, 24)
(96, 24)
(97, 24)
(98, 24)
(26, 25)
(27, 25)
(28, 25)
(64, 25)
(65, 25)
(66, 25)
(79, 25)
(80, 25)
(81, 25)
(85, 25)
(86, 25)
(87, 25)
(90, 25)
(91, 25)
(92, 25)
(26, 26)
(27, 26)
(28, 26)
(59, 26)
(60, 26)
(61, 26)
(64, 26)
(65, 26)
(66, 26)
(79, 26)
(80, 26)
(81, 26)
(85, 26)
(86, 26)
(87, 26)
(90, 26)
(91, 26)
(92, 26)
(4, 27)
(5, 27)
(6, 27)
(7, 27)
(59, 27)
(60, 27)
(61, 27)
(64, 27)
(65, 27)
(66, 27)
(79, 27)
(80, 27)
(81, 27)
(85, 27)
(86, 27)
(87, 27)
(90, 27)
(91, 27)
(92, 27)
(4, 28)
(5, 28)
(6, 28)
(7, 28)
(55, 28)
(56, 28)
(57, 28)
(59, 28)
(60, 28)
(61, 28)
(64, 28)
(65, 28)
(66, 28)
(85, 28)
(86, 28)
(87, 28)
(4, 29)
(5, 29)
(6, 29)
(7, 29)
(55, 29)
(56, 29)
(57, 29)
(64, 29)
(65, 29)
(66, 29)
(78, 29)
(79, 29)
(80, 29)
(4, 30)
(5, 30)
(6, 30)
(7, 30)
(55, 30)
(56, 30)
(57, 30)
(78, 30)
(79, 30)
(80, 30)
(88, 30)
(89, 30)
(90, 30)
(91, 30)
(92, 30)
(4, 31)
(5, 31)
(6, 31)
(7, 31)
(43, 31)
(44, 31)
(45, 31)
(46, 31)
(55, 31)
(56, 31)
(57, 31)
(78, 31)
(79, 31)
(80, 31)
(84, 31)
(85, 31)
(86, 31)
(88, 31)
(89, 31)
(90, 31)
(91, 31)
(92, 31)
(15, 32)
(16, 32)
(17, 32)
(22, 32)
(23, 32)
(24, 32)
(43, 32)
(44, 32)
(45, 32)
(46, 32)
(55, 32)
(56, 32)
(57, 32)
(78, 32)
(79, 32)
(80, 32)
(84, 32)
(85, 32)
(86, 32)
(88, 32)
(89, 32)
(90, 32)
(91, 32)
(92, 32)
(0, 33)
(1, 33)
(2, 33)
(15, 33)
(16, 33)
(17, 33)
(22, 33)
(23, 33)
(24, 33)
(43, 33)
(44, 33)
(45, 33)
(46, 33)
(84, 33)
(85, 33)
(86, 33)
(88, 33)
(89, 33)
(90, 33)
(91, 33)
(92, 33)
(0, 34)
(1, 34)
(2, 34)
(15, 34)
(16, 34)
(17, 34)
(22, 34)
(23, 34)
(24, 34)
(43, 34)
(44, 34)
(45, 34)
(46, 34)
(67, 34)
(68, 34)
(69, 34)
(70, 34)
(84, 34)
(85, 34)
(86, 34)
(88, 34)
(89, 34)
(90, 34)
(91, 34)
(92, 34)
(0, 35)
(1, 35)
(2, 35)
(15, 35)
(16, 35)
(17, 35)
(22, 35)
(23, 35)
(24, 35)
(67, 35)
(68, 35)
(69, 35)
(70, 35)
(84, 35)
(85, 35)
(86, 35)
(92, 35)
(93, 35)
(94, 35)
(95, 35)
(0, 36)
(1, 36)
(2, 36)
(67, 36)
(68, 36)
(69, 36)
(70, 36)
(92, 36)
(93, 36)
(94, 36)
(95, 36)
(0, 37)
(1, 37)
(2, 37)
(92, 37)
(93, 37)
(94, 37)
(95, 37)
(92, 38)
(93, 38)
(94, 38)
(95, 38)
(19, 39)
(20, 39)
(21, 39)
(38, 39)
(39, 39)
(40, 39)
(41, 39)
(42, 39)
(92, 39)
(93, 39)
(94, 39)
(95, 39)
(19, 40)
(20, 40)
(21, 40)
(38, 40)
(39, 40)
(40, 40)
(41, 40)
(42, 40)
(19, 41)
(20, 41)
(21, 41)
(24, 41)
(25, 41)
(26, 41)
(27, 41)
(38, 41)
(39, 41)
(40, 41)
(41, 41)
(42, 41)
(49, 41)
(50, 41)
(51, 41)
(19, 42)
(20, 42)
(21, 42)
(24, 42)
(25, 42)
(26, 42)
(27, 42)
(38, 42)
(39, 42)
(40, 42)
(41, 42)
(42, 42)
(49, 42)
(50, 42)
(51, 42)
(24, 43)
(25, 43)
(26, 43)
(27, 43)
(49, 43)
(50, 43)
(51, 43)
(49, 44)
(50, 44)
(51, 44)
(48, 48)
(49, 48)
(50, 48)
(51, 48)
(57, 48)
(58, 48)
(59, 48)
(60, 48)
(61, 48)
(48, 49)
(49, 49)
(50, 49)
(51, 49)
(57, 49)
(58, 49)
(59, 49)
(60, 49)
(61, 49)
(64, 49)
(65, 49)
(66, 49)
(5, 50)
(6, 50)
(7, 50)
(8, 50)
(9, 50)
(48, 50)
(49, 50)
(50, 50)
(51, 50)
(57, 50)
(58, 50)
(59, 50)
(60, 50)
(61, 50)
(64, 50)
(65, 50)
(66, 50)
(5, 51)
(6, 51)
(7, 51)
(8, 51)
(9, 51)
(35, 51)
(36, 51)
(37, 51)
(57, 51)
(58, 51)
(59, 51)
(60, 51)
(61, 51)
(64, 51)
(65, 51)
(66, 51)
(95, 51)
(96, 51)
(97, 51)
(98, 51)
(5, 52)
(6, 52)
(7, 52)
(8, 52)
(9, 52)
(35, 52)
(36, 52)
(37, 52)
(64, 52)
(65, 52)
(66, 52)
(95, 52)
(96, 52)
(97, 52)
(98, 52)
(5, 53)
(6, 53)
(7, 53)
(8, 53)
(9, 53)
(35, 53)
(36, 53)
(37, 53)
(64, 53)
(65, 53)
(66, 53)
(95, 53)
(96, 53)
(97, 53)
(98, 53)
(5, 54)
(6, 54)
(7, 54)
(8, 54)
(9, 54)
(35, 54)
(36, 54)
(37, 54)
(95, 54)
(96, 54)
(97, 54)
(98, 54)
(35, 55)
(36, 55)
(37, 55)
(63, 55)
(64, 55)
(65, 55)
(66, 55)
(67, 55)
(95, 55)
(96, 55)
(97, 55)
(98, 55)
(13, 56)
(14, 56)
(15, 56)
(48, 56)
(49, 56)
(50, 56)
(51, 56)
(63, 56)
(64, 56)
(65, 56)
(66, 56)
(67, 56)
(6, 57)
(7, 57)
(8, 57)
(13, 57)
(14, 57)
(15, 57)
(48, 57)
(49, 57)
(50, 57)
(51, 57)
(63, 57)
(64, 57)
(65, 57)
(66, 57)
(67, 57)
(6, 58)
(7, 58)
(8, 58)
(13, 58)
(14, 58)
(15, 58)
(32, 58)
(33, 58)
(34, 58)
(35, 58)
(44, 58)
(45, 58)
(46, 58)
(48, 58)
(49, 58)
(50, 58)
(51, 58)
(63, 58)
(64, 58)
(65, 58)
(66, 58)
(67, 58)
(6, 59)
(7, 59)
(8, 59)
(13, 59)
(14, 59)
(15, 59)
(32, 59)
(33, 59)
(34, 59)
(35, 59)
(44, 59)
(45, 59)
(46, 59)
(63, 59)
(64, 59)
(65, 59)
(66, 59)
(67, 59)
(87, 59)
(88, 59)
(89, 59)
(90, 59)
(6, 60)
(7, 60)
(8, 60)
(13, 60)
(14, 60)
(15, 60)
(18, 60)
(19, 60)
(20, 60)
(21, 60)
(22, 60)
(32, 60)
(33, 60)
(34, 60)
(35, 60)
(39, 60)
(40, 60)
(41, 60)
(44, 60)
(45, 60)
(46, 60)
(87, 60)
(88, 60)
(89, 60)
(90, 60)
(6, 61)
(7, 61)
(8, 61)
(18, 61)
(19, 61)
(20, 61)
(21, 61)
(22, 61)
(39, 61)
(40, 61)
(41, 61)
(44, 61)
(45, 61)
(46, 61)
(87, 61)
(88, 61)
(89, 61)
(90, 61)
(3, 62)
(4, 62)
(5, 62)
(6, 62)
(7, 62)
(18, 62)
(19, 62)
(20, 62)
(21, 62)
(22, 62)
(39, 62)
(40, 62)
(41, 62)
(90, 62)
(91, 62)
(92, 62)
(3, 63)
(4, 63)
(5, 63)
(6, 63)
(7, 63)
(39, 63)
(40, 63)
(41, 63)
(86, 63)
(87, 63)
(88, 63)
(90, 63)
(91, 63)
(92, 63)
(3, 64)
(4, 64)
(5, 64)
(6, 64)
(7, 64)
(39, 64)
(40, 64)
(41, 64)
(86, 64)
(87, 64)
(88, 64)
(90, 64)
(91, 64)
(92, 64)
(3, 65)
(4, 65)
(5, 65)
(6, 65)
(7, 65)
(33, 65)
(34, 65)
(35, 65)
(36, 65)
(37, 65)
(86, 65)
(87, 65)
(88, 65)
(3, 66)
(4, 66)
(5, 66)
(6, 66)
(7, 66)
(33, 66)
(34, 66)
(35, 66)
(36, 66)
(37, 66)
(12, 67)
(13, 67)
(14, 67)
(33, 67)
(34, 67)
(35, 67)
(36, 67)
(37, 67)
(39, 67)
(40, 67)
(41, 67)
(42, 67)
(85, 67)
(86, 67)
(87, 67)
(88, 67)
(12, 68)
(13, 68)
(14, 68)
(33, 68)
(34, 68)
(35, 68)
(36, 68)
(37, 68)
(39, 68)
(40, 68)
(41, 68)
(42, 68)
(85, 68)
(86, 68)
(87, 68)
(88, 68)
(12, 69)
(13, 69)
(14, 69)
(39, 69)
(40, 69)
(41, 69)
(42, 69)
(85, 69)
(86, 69)
(87, 69)
(88, 69)
(12, 70)
(13, 70)
(14, 70)
(39, 70)
(40, 70)
(41, 70)
(42, 70)
(23, 71)
(24, 71)
(25, 71)
(26, 71)
(39, 71)
(40, 71)
(41, 71)
(42, 71)
(23, 72)
(24, 72)
(25, 72)
(26, 72)
(94, 72)
(95, 72)
(96, 72)
(23, 73)
(24, 73)
(25, 73)
(26, 73)
(48, 73)
(49, 73)
(50, 73)
(51, 73)
(94, 73)
(95, 73)
(96, 73)
(23, 74)
(24, 74)
(25, 74)
(26, 74)
(48, 74)
(49, 74)
(50, 74)
(51, 74)
(94, 74)
(95, 74)
(96, 74)
(23, 75)
(24, 75)
(25, 75)
(26, 75)
(48, 75)
(49, 75)
(50, 75)
(51, 75)
(94, 75)
(95, 75)
(96, 75)
(48, 76)
(49, 76)
(50, 76)
(51, 76)
(94, 76)
(95, 76)
(96, 76)
(75, 78)
(76, 78)
(77, 78)
(78, 78)
(93, 78)
(94, 78)
(95, 78)
(96, 78)
(46, 79)
(47, 79)
(48, 79)
(49, 79)
(50, 79)
(75, 79)
(76, 79)
(77, 79)
(78, 79)
(93, 79)
(94, 79)
(95, 79)
(96, 79)
(7, 80)
(8, 80)
(9, 80)
(10, 80)
(46, 80)
(47, 80)
(48, 80)
(49, 80)
(50, 80)
(75, 80)
(76, 80)
(77, 80)
(78, 80)
(93, 80)
(94, 80)
(95, 80)
(96, 80)
(7, 81)
(8, 81)
(9, 81)
(10, 81)
(46, 81)
(47, 81)
(48, 81)
(49, 81)
(50, 81)
(62, 81)
(63, 81)
(64, 81)
(75, 81)
(76, 81)
(77, 81)
(78, 81)
(7, 82)
(8, 82)
(9, 82)
(10, 82)
(62, 82)
(63, 82)
(64, 82)
(62, 83)
(63, 83)
(64, 83)
(41, 84)
(42, 84)
(43, 84)
(44, 84)
(41, 85)
(42, 85)
(43, 85)
(44, 85)
(11, 86)
(12, 86)
(13, 86)
(17, 86)
(18, 86)
(19, 86)
(20, 86)
(41, 86)
(42, 86)
(43, 86)
(44, 86)
(0, 87)
(1, 87)
(2, 87)
(3, 87)
(11, 87)
(12, 87)
(13, 87)
(17, 87)
(18, 87)
(19, 87)
(20, 87)
(93, 87)
(94, 87)
(95, 87)
(96, 87)
(0, 88)
(1, 88)
(2, 88)
(3, 88)
(11, 88)
(12, 88)
(13, 88)
(17, 88)
(18, 88)
(19, 88)
(20, 88)
(43, 88)
(44, 88)
(45, 88)
(46, 88)
(47, 88)
(93, 88)
(94, 88)
(95, 88)
(96, 88)
(0, 89)
(1, 89)
(2, 89)
(3, 89)
(17, 89)
(18, 89)
(19, 89)
(20, 89)
(29, 89)
(30, 89)
(31, 89)
(43, 89)
(44, 89)
(45, 89)
(46, 89)
(47, 89)
(76, 89)
(77, 89)
(78, 89)
(79, 89)
(81, 89)
(82, 89)
(83, 89)
(84, 89)
(85, 89)
(93, 89)
(94, 89)
(95, 89)
(96, 89)
(29, 90)
(30, 90)
(31, 90)
(43, 90)
(44, 90)
(45, 90)
(46, 90)
(47, 90)
(76, 90)
(77, 90)
(78, 90)
(79, 90)
(81, 90)
(82, 90)
(83, 90)
(84, 90)
(85, 90)
(29, 91)
(30, 91)
(31, 91)
(43, 91)
(44, 91)
(45, 91)
(46, 91)
(47, 91)
(76, 91)
(77, 91)
(78, 91)
(79, 91)
(81, 91)
(82, 91)
(83, 91)
(84, 91)
(85, 91)
(29, 92)
(30, 92)
(31, 92)
(43, 92)
(44, 92)
(45, 92)
(46, 92)
(47, 92)
(51, 92)
(52, 92)
(53, 92)
(54, 92)
(76, 92)
(77, 92)
(78, 92)
(79, 92)
(81, 92)
(82, 92)
(83, 92)
(84, 92)
(85, 92)
(29, 93)
(30, 93)
(31, 93)
(51, 93)
(52, 93)
(53, 93)
(54, 93)
(76, 93)
(77, 93)
(78, 93)
(79, 93)
(51, 94)
(52, 94)
(53, 94)
(54, 94)
(68, 94)
(69, 94)
(70, 94)
(14, 95)
(15, 95)
(16, 95)
(17, 95)
(18, 95)
(51, 95)
(52, 95)
(53, 95)
(54, 95)
(68, 95)
(69, 95)
(70, 95)
(14, 96)
(15, 96)
(16, 96)
(17, 96)
(18, 96)
(68, 96)
(69, 96)
(70, 96)
(14, 97)
(15, 97)
(16, 97)
(17, 97)
(18, 97)
(68, 97)
(69, 97)
(70, 97)
-
(0, 2, 1.0, -1, 0.5)
(1, 1, 1.0, -1, 0.5)
(2, 5, 1.0, -1, 0.5)
(3, 2, 1.0, -1, 0.5)
(4, 1, 1.0, -1, 0.5)
(5, 4, 1.0, -1, 0.5)
(6, 4, 1.0, -1, 0.5)
(7, 3, 1.0, -1, 0.5)
(8, 5, 1.0, -1, 0.5)
(9, 3, 1.0, -1, 0.5)
-
(0, (8,36), (67,77))
(1, (46,53), (88,66))
(2, (48,13), (82,58))
(3, (63,85), (65,13))
(4, (13,51), (21,87))
(5, (27,94), (93,82))
(6, (9,3), (18,74))
(7, (36,33), (33,96))
(8, (12,19), (24,84))
(9, (28,60), (75,9))
