100
(11, 1)
(12, 1)
(13, 1)
(14, 1)
(11, 2)
(12, 2)
(13, 2)
(14, 2)
(50, 2)
(51, 2)
(52, 2)
(74, 2)
(75, 2)
(76, 2)
(77, 2)
(78, 2)
(11, 3)
(12, 3)
(13, 3)
(14, 3)
(50, 3)
(51, 3)
(52, 3)
(74, 3)
(75, 3)
(76, 3)
(77, 3)
(78, 3)
(11, 4)
(12, 4)
(13, 4)
(14, 4)
(50, 4)
(51, 4)
(52, 4)
(74, 4)
(75, 4)
(76, 4)
(77, 4)
(78, 4)
(50, 5)
(51, 5)
(52, 5)
(1, 7)
(2, 7)
(3, 7)
(4, 7)
(5, 7)
(1, 8)
(2, 8)
(3, 8)
(4, 8)
(5, 8)
(56, 8)
(57, 8)
(58, 8)
(1, 9)
(2, 9)
(3, 9)
(4, 9)
(5, 9)
(56, 9)
(57, 9)
(58, 9)
(1, 10)
(2, 10)
(3, 10)
(4, 10)
(5, 10)
(24, 10)
(25, 10)
(26, 10)
(27, 10)
(28, 10)
(56, 10)
(57, 10)
(58, 10)
(1, 11)
(2, 11)
(3, 11)
(4, 11)
(5, 11)
(24, 11)
(25, 11)
(26, 11)
(27, 11)
(28, 11)
(56, 11)
(57, 11)
(58, 11)
(77, 11)
(78, 11)
(79, 11)
(80, 11)
(24, 12)
(25, 12)
(26, 12)
(27, 12)
(28, 12)
(77, 12)
(78, 12)
(79, 12)
(80, 12)
(24, 13)
(25, 13)
(26, 13)
(27, 13)
(28, 13)
(77, 13)
(78, 13)
(79, 13)
(80, 13)
(24, 14)
(25, 14)
(26, 14)
(27, 14)
(28, 14)
(80, 18)
(81, 18)
(82, 18)
(83, 18)
(59, 19)
(60, 19)
(61, 19)
(62, 19)
(63, 19)
(80, 19)
(81, 19)
(82, 19)
(83, 19)
(91, 19)
(92, 19)
(93, 19)
(94, 19)
(95, 19)
(20, 20)
(21, 20)
(22, 20)
(23, 20)
(24, 20)
(59, 20)
(60, 20)
(61, 20)
(62, 20)
(63, 20)
(80, 20)
(81, 20)
(82, 20)
(83, 20)
(91, 20)
(92, 20)
(93, 20)
(94, 20)
(95, 20)
(20, 21)
(21, 21)
(22, 21)
(23, 21)
(24, 21)
(52, 21)
(53, 21)
(54, 21)
(55, 21)
(56, 21)
(59, 21)
(60, 21)
(61, 21)
(62, 21)
(63, 21)
(85, 21)
(86, 21)
(87, 21)
(88, 21)
(91, 21)
(92, 21)
(93, 21)
(94, 21)
(95, 21)
(20, 22)
(21, 22)
(22, 22)
(23, 22)
(24, 22)
(52, 22)
(53, 22)
(54, 22)
(55, 22)
(56, 22)
(85, 22)
(86, 22)
(87, 22)
(88, 22)
(91, 22)
(92, 22)
(93, 22)
(94, 22)
(95, 22)
(20, 23)
(21, 23)
(22, 23)
(23, 23)
(24, 23)
(52, 23)
(53, 23)
(54, 23)
(55, 23)
(56, 23)
(85, 23)
(86, 23)
(87, 23)
(88, 23)
(91, 23)
(92, 23)
(93, 23)
(94, 23)
(95, 23)
(27, 24)
(28, 24)
(29, 24)
(30, 24)
(52, 24)
(53, 24)
(54, 24)
(55, 24)
(56, 24)
(92, 24)
(93, 24)
(94, 24)
(95, 24)
(4, 25)
(5, 25)
(6, 25)
(7, 25)
(17, 25)
(18, 25)
(19, 25)
(27, 25)
(28, 25)
(29, 25)
(30, 25)
(52, 25)
(53, 25)
(54, 25)
(55, 25)
(56, 25)
(92, 25)
(93, 25)
(94, 25)
(95, 25)
(4, 26)
(5, 26)
(6, 26)
(7, 26)
(17, 26)
(18, 26)
(19, 26)
(27, 26)
(28, 26)
(29, 26)
(30, 26)
(92, 26)
(93, 26)
(94, 26)
(95, 26)
(4, 27)
(5, 27)
(6, 27)
(7, 27)
(17, 27)
(18, 27)
(19, 27)
(27, 27)
(28, 27)
(29, 27)
(30, 27)
(33, 27)
(34, 27)
(35, 27)
(36, 27)
(33, 28)
(34, 28)
(35, 28)
(36, 28)
(81, 28)
(82, 28)
(83, 28)
(1, 29)
(2, 29)
(3, 29)
(4, 29)
(5, 29)
(33, 29)
(34, 29)
(35, 29)
(36, 29)
(81, 29)
(82, 29)
(83, 29)
(1, 30)
(2, 30)
(3, 30)
(4, 30)
(5, 30)
(33, 30)
(34, 30)
(35, 30)
(36, 30)
(81, 30)
(82, 30)
(83, 30)
(1, 31)
(2, 31)
(3, 31)
(4, 31)
(5, 31)
(33, 31)
(34, 31)
(35, 31)
(36, 31)
(53, 31)
(54, 31)
(55, 31)
(81, 31)
(82, 31)
(83, 31)
(1, 32)
(2, 32)
(3, 32)
(4, 32)
(5, 32)
(53, 32)
(54, 32)
(55, 32)
(1, 33)
(2, 33)
(3, 33)
(4, 33)
(5, 33)
(29, 33)
(30, 33)
(31, 33)
(32, 33)
(33, 33)
(53, 33)
(54, 33)
(55, 33)
(29, 34)
(30, 34)
(31, 34)
(32, 34)
(33, 34)
(53, 34)
(54, 34)
(55, 34)
(29, 35)
(30, 35)
(31, 35)
(32, 35)
(33, 35)
(53, 35)
(54, 35)
(55, 35)
(29, 36)
(30, 36)
(31, 36)
(32, 36)
(33, 36)
(35, 36)
(36, 36)
(37, 36)
(38, 36)
(56, 36)
(57, 36)
(58, 36)
(59, 36)
(69, 36)
(70, 36)
(71, 36)
(72, 36)
(73, 36)
(29, 37)
(30, 37)
(31, 37)
(32, 37)
(33, 37)
(35, 37)
(36, 37)
(37, 37)
(38, 37)
(56, 37)
(57, 37)
(58, 37)
(59, 37)
(69, 37)
(70, 37)
(71, 37)
(72, 37)
(73, 37)
(84, 37)
(85, 37)
(86, 37)
(87, 37)
(88, 37)
(1, 38)
(2, 38)
(3, 38)
(4, 38)
(5, 38)
(35, 38)
(36, 38)
(37, 38)
(38, 38)
(42, 38)
(43, 38)
(44, 38)
(56, 38)
(57, 38)
(58, 38)
(59, 38)
(69, 38)
(70, 38)
(71, 38)
(72, 38)
(73, 38)
(84, 38)
(85, 38)
(86, 38)
(87, 38)
(88, 38)
(1, 39)
(2, 39)
(3, 39)
(4, 39)
(5, 39)
(35, 39)
(36, 39)
(37, 39)
(38, 39)
(42, 39)
(43, 39)
(44, 39)
(84, 39)
(85, 39)
(86, 39)
(87, 39)
(88, 39)
(1, 40)
(2, 40)
(3, 40)
(4, 40)
(5, 40)
(19, 40)
(20, 40)
(21, 40)
(42, 40)
(43, 40)
(44, 40)
(84, 40)
(85, 40)
(86, 40)
(87, 40)
(88, 40)
(19, 41)
(20, 41)
(21, 41)
(19, 42)
(20, 42)
(21, 42)
(29, 42)
(30, 42)
(31, 42)
(32, 42)
(43, 42)
(44, 42)
(45, 42)
(46, 42)
(93, 42)
(94, 42)
(95, 42)
(29, 43)
(30, 43)
(31, 43)
(32, 43)
(43, 43)
(44, 43)
(45, 43)
(46, 43)
(65, 43)
(66, 43)
(67, 43)
(68, 43)
(69, 43)
(93, 43)
(94, 43)
(95, 43)
(29, 44)
(30, 44)
(31, 44)
(32, 44)
(43, 44)
(44, 44)
(45, 44)
(46, 44)
(65, 44)
(66, 44)
(67, 44)
(68, 44)
(69, 44)
(81, 44)
(82, 44)
(83, 44)
(84, 44)
(93, 44)
(94, 44)
(95, 44)
(65, 45)
(66, 45)
(67, 45)
(68, 45)
(69, 45)
(81, 45)
(82, 45)
(83, 45)
(84, 45)
(65, 46)
(66, 46)
(67, 46)
(68, 46)
(69, 46)
(81, 46)
(82, 46)
(83, 46)
(84, 46)
(65, 47)
(66, 47)
(67, 47)
(68, 47)
(69, 47)
(81, 47)
(82, 47)
(83, 47)
(84, 47)
(92, 47)
(93, 47)
(94, 47)
(95, 47)
(26, 48)
(27, 48)
(28, 48)
(81, 48)
(82, 48)
(83, 48)
(84, 48)
(92, 48)
(93, 48)
(94, 48)
(95, 48)
(26, 49)
(27, 49)
(28, 49)
(72, 49)
(73, 49)
(74, 49)
(92, 49)
(93, 49)
(94, 49)
(95, 49)
(14, 50)
(15, 50)
(16, 50)
(17, 50)
(26, 50)
(27, 50)
(28, 50)
(34, 50)
(35, 50)
(36, 50)
(72, 50)
(73, 50)
(74, 50)
(92, 50)
(93, 50)
(94, 50)
(95, 50)
(14, 51)
(15, 51)
(16, 51)
(17, 51)
(26, 51)
(27, 51)
(28, 51)
(34, 51)
(35, 51)
(36, 51)
(72, 51)
(73, 51)
(74, 51)
(14, 52)
(15, 52)
(16, 52)
(17, 52)
(34, 52)
(35, 52)
(36, 52)
(34, 53)
(35, 53)
(36, 53)
(34, 54)
(35, 54)
(36, 54)
(47, 55)
(48, 55)
(49, 55)
(50, 55)
(75, 55)
(76, 55)
(77, 55)
(78, 55)
(79, 55)
(47, 56)
(48, 56)
(49, 56)
(50, 56)
(54, 56)
(55, 56)
(56, 56)
(57, 56)
(75, 56)
(76, 56)
(77, 56)
(78, 56)
(79, 56)
(47, 57)
(48, 57)
(49, 57)
(50, 57)
(54, 57)
(55, 57)
(56, 57)
(57, 57)
(66, 57)
(67, 57)
(68, 57)
(69, 57)
(75, 57)
(76, 57)
(77, 57)
(78, 57)
(79, 57)
(47, 58)
(48, 58)
(49, 58)
(50, 58)
(54, 58)
(55, 58)
(56, 58)
(57, 58)
(66, 58)
(67, 58)
(68, 58)
(69, 58)
(75, 58)
(76, 58)
(77, 58)
(78, 58)
(79, 58)
(91, 58)
(92, 58)
(93, 58)
(94, 58)
(95, 58)
(4, 59)
(5, 59)
(6, 59)
(53, 59)
(54, 59)
(55, 59)
(56, 59)
(57, 59)
(66, 59)
(67, 59)
(68, 59)
(69, 59)
(91, 59)
(92, 59)
(93, 59)
(94, 59)
(95, 59)
(4, 60)
(5, 60)
(6, 60)
(53, 60)
(54, 60)
(55, 60)
(56, 60)
(57, 60)
(63, 60)
(64, 60)
(65, 60)
(66, 60)
(91, 60)
(92, 60)
(93, 60)
(94, 60)
(95, 60)
(4, 61)
(5, 61)
(6, 61)
(42, 61)
(43, 61)
(44, 61)
(53, 61)
(54, 61)
(55, 61)
(56, 61)
(57, 61)
(63, 61)
(64, 61)
(65, 61)
(66, 61)
(87, 61)
(88, 61)
(89, 61)
(90, 61)
(91, 61)
(92, 61)
(93, 61)
(94, 61)
(95, 61)
(4, 62)
(5, 62)
(6, 62)
(42, 62)
(43, 62)
(44, 62)
(63, 62)
(64, 62)
(65, 62)
(66, 62)
(87, 62)
(88, 62)
(89, 62)
(90, 62)
(42, 63)
(43, 63)
(44, 63)
(63, 63)
(64, 63)
(65, 63)
(66, 63)
(71, 63)
(72, 63)
(73, 63)
(74, 63)
(75, 63)
(87, 63)
(88, 63)
(89, 63)
(90, 63)
(42, 64)
(43, 64)
(44, 64)
(71, 64)
(72, 64)
(73, 64)
(74, 64)
(75, 64)
(53, 65)
(54, 65)
(55, 65)
(56, 65)
(57, 65)
(71, 65)
(72, 65)
(73, 65)
(74, 65)
(75, 65)
(53, 66)
(54, 66)
(55, 66)
(56, 66)
(57, 66)
(53, 67)
(54, 67)
(55, 67)
(56, 67)
(57, 67)
(8, 68)
(9, 68)
(10, 68)
(11, 68)
(36, 68)
(37, 68)
(38, 68)
(39, 68)
(8, 69)
(9, 69)
(10, 69)
(11, 69)
(36, 69)
(37, 69)
(38, 69)
(39, 69)
(8, 70)
(9, 70)
(10, 70)
(11, 70)
(18, 70)
(19, 70)
(20, 70)
(21, 70)
(36, 70)
(37, 70)
(38, 70)
(39, 70)
(83, 70)
(84, 70)
(85, 70)
(86, 70)
(8, 71)
(9, 71)
(10, 71)
(11, 71)
(18, 71)
(19, 71)
(20, 71)
(21, 71)
(36, 71)
(37, 71)
(38, 71)
(39, 71)
(83, 71)
(84, 71)
(85, 71)
(86, 71)
(18, 72)
(19, 72)
(20, 72)
(21, 72)
(36, 72)
(37, 72)
(38, 72)
(39, 72)
(83, 72)
(84, 72)
(85, 72)
(86, 72)
(18, 73)
(19, 73)
(20, 73)
(21, 73)
(83, 73)
(84, 73)
(85, 73)
(86, 73)
(18, 74)
(19, 74)
(20, 74)
(21, 74)
(27, 74)
(28, 74)
(29, 74)
(83, 74)
(84, 74)
(85, 74)
(86, 74)
(27, 75)
(28, 75)
(29, 75)
(5, 76)
(6, 76)
(7, 76)
(27, 76)
(28, 76)
(29, 76)
(5, 77)
(6, 77)
(7, 77)
(27, 77)
(28, 77)
(29, 77)
(5, 78)
(6, 78)
(7, 78)
(27, 78)
(28, 78)
(29, 78)
(58, 78)
(59, 78)
(60, 78)
(61, 78)
(70, 78)
(71, 78)
(72, 78)
(73, 78)
(74, 78)
(5, 79)
(6, 79)
(7, 79)
(13, 79)
(14, 79)
(15, 79)
(16, 79)
(17, 79)
(58, 79)
(59, 79)
(60, 79)
(61, 79)
(70, 79)
(71, 79)
(72, 79)
(73, 79)
(74, 79)
(5, 80)
(6, 80)
(7, 80)
(13, 80)
(14, 80)
(15, 80)
(16, 80)
(17, 80)
(58, 80)
(59, 80)
(60, 80)
(61, 80)
(70, 80)
(71, 80)
(72, 80)
(73, 80)
(74, 80)
(13, 81)
(14, 81)
(15, 81)
(16, 81)
(17, 81)
(58, 81)
(59, 81)
(60, 81)
(61, 81)
(70, 81)
(71, 81)
(72, 81)
(73, 81)
(74, 81)
(13, 82)
(14, 82)
(15, 82)
(16, 82)
(17, 82)
(70, 82)
(71, 82)
(72, 82)
(73, 82)
(74, 82)
(13, 83)
(14, 83)
(15, 83)
(16, 83)
(17, 83)
(33, 85)
(34, 85)
(35, 85)
(36, 85)
(37, 85)
(33, 86)
(34, 86)
(35, 86)
(36, 86)
(37, 86)
(66, 86)
(67, 86)
(68, 86)
(69, 86)
(70, 86)
(33, 87)
(34, 87)
(35, 87)
(36, 87)
(37, 87)
(66, 87)
(67, 87)
(68, 87)
(69, 87)
(70, 87)
(33, 88)
(34, 88)
(35, 88)
(36, 88)
(37, 88)
(66, 88)
(67, 88)
(68, 88)
(69, 88)
(70, 88)
(25, 89)
(26, 89)
(27, 89)
(33, 89)
(34, 89)
(35, 89)
(36, 89)
(37, 89)
(66, 89)
(67, 89)
(68, 89)
(69, 89)
(70, 89)
(89, 89)
(90, 89)
(91, 89)
(92, 89)
(25, 90)
(26, 90)
(27, 90)
(89, 90)
(90, 90)
(91, 90)
(92, 90)
(25, 91)
(26, 91)
(27, 91)
(89, 91)
(90, 91)
(91, 91)
(92, 91)
(25, 92)
(26, 92)
(27, 92)
(67, 92)
(68, 92)
(69, 92)
(74, 92)
(75, 92)
(76, 92)
(77, 92)
(78, 92)
(79, 92)
(80, 92)
(81, 92)
(82, 92)
(16, 93)
(17, 93)
(18, 93)
(19, 93)
(20, 93)
(67, 93)
(68, 93)
(69, 93)
(74, 93)
(75, 93)
(76, 93)
(77, 93)
(78, 93)
(79, 93)
(80, 93)
(81, 93)
(82, 93)
(16, 94)
(17, 94)
(18, 94)
(19, 94)
(20, 94)
(35, 94)
(36, 94)
(37, 94)
(67, 94)
(68, 94)
(69, 94)
(74, 94)
(75, 94)
(76, 94)
(77, 94)
(78, 94)
(79, 94)
(80, 94)
(81, 94)
(82, 94)
(16, 95)
(17, 95)
(18, 95)
(19, 95)
(20, 95)
(35, 95)
(36, 95)
(37, 95)
(67, 95)
(68, 95)
(69, 95)
(74, 95)
(75, 95)
(76, 95)
(77, 95)
(78, 95)
(79, 95)
(80, 95)
(81, 95)
(82, 95)
(16, 96)
(17, 96)
(18, 96)
(19, 96)
(20, 96)
(35, 96)
(36, 96)
(37, 96)
(67, 96)
(68, 96)
(69, 96)
(74, 96)
(75, 96)
(76, 96)
(77, 96)
(78, 96)
(79, 96)
(80, 96)
(81, 96)
(82, 96)
(18, 97)
(19, 97)
(20, 97)
(21, 97)
(22, 97)
(35, 97)
(36, 97)
(37, 97)
(18, 98)
(19, 98)
(20, 98)
(21, 98)
(22, 98)
(18, 99)
(19, 99)
(20, 99)
(21, 99)
(22, 99)
-
(0, 1, 1.0, -1, 0.5)
(1, 3, 1.0, -1, 0.5)
(2, 4, 1.0, -1, 0.5)
(3, 5, 1.0, -1, 0.5)
(4, 5, 1.0, -1, 0.5)
(5, 4, 1.0, -1, 0.5)
(6, 2, 1.0, -1, 0.5)
(7, 3, 1.0, -1, 0.5)
(8, 1, 1.0, -1, 0.5)
(9, 2, 1.0, -1, 0.5)
-
(0, (92,36), (56,13))
(1, (69,13), (16,76))
(2, (1,90), (25,30))
(3, (25,1), (70,27))
(4, (53,76), (87,30))
(5, (17,58), (76,47))
(6, (98,94), (57,24))
(7, (55,17), (14,87))
(8, (28,44), (50,11))
(9, (11,15), (38,97))
