100
(57, 0)
(58, 0)
(59, 0)
(60, 0)
(38, 1)
(39, 1)
(40, 1)
(41, 1)
(57, 1)
(58, 1)
(59, 1)
(60, 1)
(38, 2)
(39, 2)
(40, 2)
(41, 2)
(50, 2)
(51, 2)
(52, 2)
(53, 2)
(57, 2)
(58, 2)
(59, 2)
(60, 2)
(38, 3)
(39, 3)
(40, 3)
(41, 3)
(50, 3)
(51, 3)
(52, 3)
(53, 3)
(57, 3)
(58, 3)
(59, 3)
(60, 3)
(71, 3)
(72, 3)
(73, 3)
(74, 3)
(75, 3)
(26, 4)
(27, 4)
(28, 4)
(29, 4)
(38, 4)
(39, 4)
(40, 4)
(41, 4)
(50, 4)
(51, 4)
(52, 4)
(53, 4)
(71, 4)
(72, 4)
(73, 4)
(74, 4)
(75, 4)
(26, 5)
(27, 5)
(28, 5)
(29, 5)
(57, 5)
(58, 5)
(59, 5)
(60, 5)
(61, 5)
(71, 5)
(72, 5)
(73, 5)
(74, 5)
(75, 5)
(87, 5)
(88, 5)
(89, 5)
(90, 5)
(91, 5)
(26, 6)
(27, 6)
(28, 6)
(29, 6)
(57, 6)
(58, 6)
(59, 6)
(60, 6)
(61, 6)
(71, 6)
(72, 6)
(73, 6)
(74, 6)
(75, 6)
(80, 6)
(81, 6)
(82, 6)
(87, 6)
(88, 6)
(89, 6)
(90, 6)
(91, 6)
(24, 7)
(25, 7)
(26, 7)
(27, 7)
(57, 7)
(58, 7)
(59, 7)
(60, 7)
(61, 7)
(65, 7)
(66, 7)
(67, 7)
(68, 7)
(80, 7)
(81, 7)
(82, 7)
(87, 7)
(88, 7)
(89, 7)
(90, 7)
(91, 7)
(24, 8)
(25, 8)
(26, 8)
(27, 8)
(57, 8)
(58, 8)
(59, 8)
(60, 8)
(61, 8)
(65, 8)
(66, 8)
(67, 8)
(68, 8)
(80, 8)
(81, 8)
(82, 8)
(24, 9)
(25, 9)
(26, 9)
(27, 9)
(65, 9)
(66, 9)
(67, 9)
(68, 9)
(80, 9)
(81, 9)
(82, 9)
(80, 10)
(81, 10)
(82, 10)
(55, 11)
(56, 11)
(57, 11)
(58, 11)
(59, 11)
(55, 12)
(56, 12)
(57, 12)
(58, 12)
(59, 12)
(18, 13)
(19, 13)
(20, 13)
(21, 13)
(55, 13)
(56, 13)
(57, 13)
(58, 13)
(59, 13)
(18, 14)
(19, 14)
(20, 14)
(21, 14)
(55, 14)
(56, 14)
(57, 14)
(58, 14)
(59, 14)
(18, 15)
(19, 15)
(20, 15)
(21, 15)
(60, 15)
(61, 15)
(62, 15)
(63, 15)
(64, 15)
(18, 16)
(19, 16)
(20, 16)
(21, 16)
(60, 16)
(61, 16)
(62, 16)
(63, 16)
(64, 16)
(60, 17)
(61, 17)
(62, 17)
(63, 17)
(64, 17)
(53, 18)
(54, 18)
(55, 18)
(56, 18)
(57, 18)
(60, 18)
(61, 18)
(62, 18)
(63, 18)
(64, 18)
(93, 18)
(94, 18)
(95, 18)
(96, 18)
(97, 18)
(13, 19)
(14, 19)
(15, 19)
(53, 19)
(54, 19)
(55, 19)
(56, 19)
(57, 19)
(60, 19)
(61, 19)
(62, 19)
(63, 19)
(64, 19)
(93, 19)
(94, 19)
(95, 19)
(96, 19)
(97, 19)
(13, 20)
(14, 20)
(15, 20)
(53, 20)
(54, 20)
(55, 20)
(56, 20)
(57, 20)
(93, 20)
(94, 20)
(95, 20)
(96, 20)
(97, 20)
(13, 21)
(14, 21)
(15, 21)
(18, 21)
(19, 21)
(20, 21)
(21, 21)
(25, 21)
(26, 21)
(27, 21)
(53, 21)
(54, 21)
(55, 21)
(56, 21)
(57, 21)
(93, 21)
(94, 21)
(95, 21)
(96, 21)
(97, 21)
(18, 22)
(19, 22)
(20, 22)
(21, 22)
(25, 22)
(26, 22)
(27, 22)
(93, 22)
(94, 22)
(95, 22)
(96, 22)
(97, 22)
(18, 23)
(19, 23)
(20, 23)
(21, 23)
(25, 23)
(26, 23)
(27, 23)
(62, 23)
(63, 23)
(64, 23)
(65, 23)
(66, 23)
(1, 24)
(2, 24)
(3, 24)
(18, 24)
(19, 24)
(20, 24)
(21, 24)
(41, 24)
(42, 24)
(43, 24)
(44, 24)
(45, 24)
(62, 24)
(63, 24)
(64, 24)
(65, 24)
(66, 24)
(89, 24)
(90, 24)
(91, 24)
(92, 24)
(93, 24)
(1, 25)
(2, 25)
(3, 25)
(18, 25)
(19, 25)
(20, 25)
(21, 25)
(41, 25)
(42, 25)
(43, 25)
(44, 25)
(45, 25)
(62, 25)
(63, 25)
(64, 25)
(65, 25)
(66, 25)
(89, 25)
(90, 25)
(91, 25)
(92, 25)
(93, 25)
(1, 26)
(2, 26)
(3, 26)
(41, 26)
(42, 26)
(43, 26)
(44, 26)
(45, 26)
(48, 26)
(49, 26)
(50, 26)
(51, 26)
(89, 26)
(90, 26)
(91, 26)
(92, 26)
(93, 26)
(95, 26)
(96, 26)
(97, 26)
(48, 27)
(49, 27)
(50, 27)
(51, 27)
(95, 27)
(96, 27)
(97, 27)
(37, 28)
(38, 28)
(39, 28)
(48, 28)
(49, 28)
(50, 28)
(51, 28)
(63, 28)
(64, 28)
(65, 28)
(67, 28)
(68, 28)
(69, 28)
(70, 28)
(71, 28)
(95, 28)
(96, 28)
(97, 28)
(14, 29)
(15, 29)
(16, 29)
(17, 29)
(18, 29)
(37, 29)
(38, 29)
(39, 29)
(48, 29)
(49, 29)
(50, 29)
(51, 29)
(63, 29)
(64, 29)
(65, 29)
(67, 29)
(68, 29)
(69, 29)
(70, 29)
(71, 29)
(76, 29)
(77, 29)
(78, 29)
(79, 29)
(80, 29)
(95, 29)
(96, 29)
(97, 29)
(14, 30)
(15, 30)
(16, 30)
(17, 30)
(18, 30)
(21, 30)
(22, 30)
(23, 30)
(24, 30)
(37, 30)
(38, 30)
(39, 30)
(47, 30)
(48, 30)
(49, 30)
(50, 30)
(51, 30)
(63, 30)
(64, 30)
(65, 30)
(67, 30)
(68, 30)
(69, 30)
(70, 30)
(71, 30)
(76, 30)
(77, 30)
(78, 30)
(79, 30)
(80, 30)
(14, 31)
(15, 31)
(16, 31)
(17, 31)
(18, 31)
(21, 31)
(22, 31)
(23, 31)
(24, 31)
(37, 31)
(38, 31)
(39, 31)
(47, 31)
(48, 31)
(49, 31)
(50, 31)
(51, 31)
(63, 31)
(64, 31)
(65, 31)
(67, 31)
(68, 31)
(69, 31)
(70, 31)
(71, 31)
(76, 31)
(77, 31)
(78, 31)
(79, 31)
(80, 31)
(9, 32)
(10, 32)
(11, 32)
(12, 32)
(14, 32)
(15, 32)
(16, 32)
(17, 32)
(18, 32)
(21, 32)
(22, 32)
(23, 32)
(24, 32)
(37, 32)
(38, 32)
(39, 32)
(47, 32)
(48, 32)
(49, 32)
(50, 32)
(51, 32)
(67, 32)
(68, 32)
(69, 32)
(70, 32)
(71, 32)
(76, 32)
(77, 32)
(78, 32)
(79, 32)
(80, 32)
(9, 33)
(10, 33)
(11, 33)
(12, 33)
(14, 33)
(15, 33)
(16, 33)
(17, 33)
(18, 33)
(21, 33)
(22, 33)
(23, 33)
(24, 33)
(47, 33)
(48, 33)
(49, 33)
(50, 33)
(51, 33)
(76, 33)
(77, 33)
(78, 33)
(79, 33)
(80, 33)
(9, 34)
(10, 34)
(11, 34)
(12, 34)
(21, 34)
(22, 34)
(23, 34)
(24, 34)
(47, 34)
(48, 34)
(49, 34)
(50, 34)
(51, 34)
(49, 37)
(50, 37)
(51, 37)
(52, 37)
(38, 38)
(39, 38)
(40, 38)
(41, 38)
(42, 38)
(49, 38)
(50, 38)
(51, 38)
(52, 38)
(38, 39)
(39, 39)
(40, 39)
(41, 39)
(42, 39)
(49, 39)
(50, 39)
(51, 39)
(52, 39)
(38, 40)
(39, 40)
(40, 40)
(41, 40)
(42, 40)
(27, 41)
(28, 41)
(29, 41)
(38, 41)
(39, 41)
(40, 41)
(41, 41)
(42, 41)
(27, 42)
(28, 42)
(29, 42)
(31, 42)
(32, 42)
(33, 42)
(27, 43)
(28, 43)
(29, 43)
(31, 43)
(32, 43)
(33, 43)
(38, 43)
(39, 43)
(40, 43)
(41, 43)
(65, 43)
(66, 43)
(67, 43)
(27, 44)
(28, 44)
(29, 44)
(31, 44)
(32, 44)
(33, 44)
(38, 44)
(39, 44)
(40, 44)
(41, 44)
(65, 44)
(66, 44)
(67, 44)
(95, 44)
(96, 44)
(97, 44)
(27, 45)
(28, 45)
(29, 45)
(31, 45)
(32, 45)
(33, 45)
(38, 45)
(39, 45)
(40, 45)
(41, 45)
(65, 45)
(66, 45)
(67, 45)
(95, 45)
(96, 45)
(97, 45)
(7, 46)
(8, 46)
(9, 46)
(10, 46)
(38, 46)
(39, 46)
(40, 46)
(41, 46)
(95, 46)
(96, 46)
(97, 46)
(7, 47)
(8, 47)
(9, 47)
(10, 47)
(33, 47)
(34, 47)
(35, 47)
(38, 47)
(39, 47)
(40, 47)
(41, 47)
(95, 47)
(96, 47)
(97, 47)
(7, 48)
(8, 48)
(9, 48)
(10, 48)
(33, 48)
(34, 48)
(35, 48)
(62, 48)
(63, 48)
(64, 48)
(65, 48)
(95, 48)
(96, 48)
(97, 48)
(7, 49)
(8, 49)
(9, 49)
(10, 49)
(33, 49)
(34, 49)
(35, 49)
(62, 49)
(63, 49)
(64, 49)
(65, 49)
(84, 49)
(85, 49)
(86, 49)
(87, 49)
(89, 49)
(90, 49)
(91, 49)
(92, 49)
(93, 49)
(7, 50)
(8, 50)
(9, 50)
(10, 50)
(62, 50)
(63, 50)
(64, 50)
(65, 50)
(68, 50)
(69, 50)
(70, 50)
(84, 50)
(85, 50)
(86, 50)
(87, 50)
(89, 50)
(90, 50)
(91, 50)
(92, 50)
(93, 50)
(62, 51)
(63, 51)
(64, 51)
(65, 51)
(68, 51)
(69, 51)
(70, 51)
(84, 51)
(85, 51)
(86, 51)
(87, 51)
(89, 51)
(90, 51)
(91, 51)
(92, 51)
(93, 51)
(68, 52)
(69, 52)
(70, 52)
(82, 52)
(83, 52)
(84, 52)
(85, 52)
(89, 52)
(90, 52)
(91, 52)
(92, 52)
(93, 52)
(3, 53)
(4, 53)
(5, 53)
(6, 53)
(82, 53)
(83, 53)
(84, 53)
(85, 53)
(3, 54)
(4, 54)
(5, 54)
(6, 54)
(16, 54)
(17, 54)
(18, 54)
(19, 54)
(82, 54)
(83, 54)
(84, 54)
(85, 54)
(3, 55)
(4, 55)
(5, 55)
(6, 55)
(16, 55)
(17, 55)
(18, 55)
(19, 55)
(82, 55)
(83, 55)
(84, 55)
(85, 55)
(3, 56)
(4, 56)
(5, 56)
(6, 56)
(16, 56)
(17, 56)
(18, 56)
(19, 56)
(82, 56)
(83, 56)
(84, 56)
(85, 56)
(3, 57)
(4, 57)
(5, 57)
(6, 57)
(16, 57)
(17, 57)
(18, 57)
(19, 57)
(5, 58)
(6, 58)
(7, 58)
(8, 58)
(9, 58)
(16, 58)
(17, 58)
(18, 58)
(19, 58)
(25, 58)
(26, 58)
(27, 58)
(28, 58)
(29, 58)
(5, 59)
(6, 59)
(7, 59)
(8, 59)
(9, 59)
(16, 59)
(17, 59)
(18, 59)
(19, 59)
(25, 59)
(26, 59)
(27, 59)
(28, 59)
(29, 59)
(5, 60)
(6, 60)
(7, 60)
(8, 60)
(9, 60)
(16, 60)
(17, 60)
(18, 60)
(19, 60)
(25, 60)
(26, 60)
(27, 60)
(28, 60)
(29, 60)
(56, 60)
(57, 60)
(58, 60)
(59, 60)
(5, 61)
(6, 61)
(7, 61)
(8, 61)
(9, 61)
(16, 61)
(17, 61)
(18, 61)
(19, 61)
(25, 61)
(26, 61)
(27, 61)
(28, 61)
(29, 61)
(56, 61)
(57, 61)
(58, 61)
(59, 61)
(16, 62)
(17, 62)
(18, 62)
(19, 62)
(25, 62)
(26, 62)
(27, 62)
(28, 62)
(29, 62)
(56, 62)
(57, 62)
(58, 62)
(59, 62)
(11, 63)
(12, 63)
(13, 63)
(56, 63)
(57, 63)
(58, 63)
(59, 63)
(11, 64)
(12, 64)
(13, 64)
(24, 64)
(25, 64)
(26, 64)
(27, 64)
(28, 64)
(88, 64)
(89, 64)
(90, 64)
(91, 64)
(95, 64)
(96, 64)
(97, 64)
(11, 65)
(12, 65)
(13, 65)
(24, 65)
(25, 65)
(26, 65)
(27, 65)
(28, 65)
(52, 65)
(53, 65)
(54, 65)
(55, 65)
(67, 65)
(68, 65)
(69, 65)
(79, 65)
(80, 65)
(81, 65)
(88, 65)
(89, 65)
(90, 65)
(91, 65)
(95, 65)
(96, 65)
(97, 65)
(11, 66)
(12, 66)
(13, 66)
(24, 66)
(25, 66)
(26, 66)
(27, 66)
(28, 66)
(52, 66)
(53, 66)
(54, 66)
(55, 66)
(67, 66)
(68, 66)
(69, 66)
(79, 66)
(80, 66)
(81, 66)
(88, 66)
(89, 66)
(90, 66)
(91, 66)
(95, 66)
(96, 66)
(97, 66)
(20, 67)
(21, 67)
(22, 67)
(24, 67)
(25, 67)
(26, 67)
(27, 67)
(28, 67)
(52, 67)
(53, 67)
(54, 67)
(55, 67)
(67, 67)
(68, 67)
(69, 67)
(79, 67)
(80, 67)
(81, 67)
(95, 67)
(96, 67)
(97, 67)
(20, 68)
(21, 68)
(22, 68)
(52, 68)
(53, 68)
(54, 68)
(55, 68)
(62, 68)
(63, 68)
(64, 68)
(67, 68)
(68, 68)
(69, 68)
(79, 68)
(80, 68)
(81, 68)
(20, 69)
(21, 69)
(22, 69)
(62, 69)
(63, 69)
(64, 69)
(67, 69)
(68, 69)
(69, 69)
(79, 69)
(80, 69)
(81, 69)
(62, 70)
(63, 70)
(64, 70)
(70, 70)
(71, 70)
(72, 70)
(73, 70)
(62, 71)
(63, 71)
(64, 71)
(70, 71)
(71, 71)
(72, 71)
(73, 71)
(70, 72)
(71, 72)
(72, 72)
(73, 72)
(9, 73)
(10, 73)
(11, 73)
(12, 73)
(66, 73)
(67, 73)
(68, 73)
(89, 73)
(90, 73)
(91, 73)
(9, 74)
(10, 74)
(11, 74)
(12, 74)
(66, 74)
(67, 74)
(68, 74)
(89, 74)
(90, 74)
(91, 74)
(9, 75)
(10, 75)
(11, 75)
(12, 75)
(66, 75)
(67, 75)
(68, 75)
(89, 75)
(90, 75)
(91, 75)
(9, 76)
(10, 76)
(11, 76)
(12, 76)
(66, 76)
(67, 76)
(68, 76)
(89, 76)
(90, 76)
(91, 76)
(7, 77)
(8, 77)
(9, 77)
(10, 77)
(11, 77)
(89, 77)
(90, 77)
(91, 77)
(7, 78)
(8, 78)
(9, 78)
(10, 78)
(11, 78)
(53, 78)
(54, 78)
(55, 78)
(56, 78)
(1, 79)
(2, 79)
(3, 79)
(7, 79)
(8, 79)
(9, 79)
(10, 79)
(11, 79)
(18, 79)
(19, 79)
(20, 79)
(21, 79)
(27, 79)
(28, 79)
(29, 79)
(53, 79)
(54, 79)
(55, 79)
(56, 79)
(1, 80)
(2, 80)
(3, 80)
(7, 80)
(8, 80)
(9, 80)
(10, 80)
(11, 80)
(18, 80)
(19, 80)
(20, 80)
(21, 80)
(27, 80)
(28, 80)
(29, 80)
(35, 80)
(36, 80)
(37, 80)
(38, 80)
(39, 80)
(53, 80)
(54, 80)
(55, 80)
(56, 80)
(1, 81)
(2, 81)
(3, 81)
(7, 81)
(8, 81)
(9, 81)
(10, 81)
(11, 81)
(18, 81)
(19, 81)
(20, 81)
(21, 81)
(27, 81)
(28, 81)
(29, 81)
(35, 81)
(36, 81)
(37, 81)
(38, 81)
(39, 81)
(47, 81)
(48, 81)
(49, 81)
(50, 81)
(53, 81)
(54, 81)
(55, 81)
(56, 81)
(1, 82)
(2, 82)
(3, 82)
(18, 82)
(19, 82)
(20, 82)
(21, 82)
(27, 82)
(28, 82)
(29, 82)
(35, 82)
(36, 82)
(37, 82)
(38, 82)
(39, 82)
(47, 82)
(48, 82)
(49, 82)
(50, 82)
(53, 82)
(54, 82)
(55, 82)
(56, 82)
(18, 83)
(19, 83)
(20, 83)
(21, 83)
(27, 83)
(28, 83)
(29, 83)
(35, 83)
(36, 83)
(37, 83)
(38, 83)
(39, 83)
(47, 83)
(48, 83)
(49, 83)
(50, 83)
(13, 84)
(14, 84)
(15, 84)
(16, 84)
(35, 84)
(36, 84)
(37, 84)
(38, 84)
(39, 84)
(13, 85)
(14, 85)
(15, 85)
(16, 85)
(2, 86)
(3, 86)
(4, 86)
(5, 86)
(6, 86)
(13, 86)
(14, 86)
(15, 86)
(16, 86)
(60, 86)
(61, 86)
(62, 86)
(97, 86)
(98, 86)
(99, 86)
(2, 87)
(3, 87)
(4, 87)
(5, 87)
(6, 87)
(13, 87)
(14, 87)
(15, 87)
(16, 87)
(60, 87)
(61, 87)
(62, 87)
(97, 87)
(98, 87)
(99, 87)
(2, 88)
(3, 88)
(4, 88)
(5, 88)
(6, 88)
(60, 88)
(61, 88)
(62, 88)
(97, 88)
(98, 88)
(99, 88)
(2, 89)
(3, 89)
(4, 89)
(5, 89)
(6, 89)
(97, 89)
(98, 89)
(99, 89)
(13, 90)
(14, 90)
(15, 90)
(16, 90)
(17, 90)
(97, 90)
(98, 90)
(99, 90)
(1, 91)
(2, 91)
(3, 91)
(13, 91)
(14, 91)
(15, 91)
(16, 91)
(17, 91)
(1, 92)
(2, 92)
(3, 92)
(13, 92)
(14, 92)
(15, 92)
(16, 92)
(17, 92)
(1, 93)
(2, 93)
(3, 93)
(23, 93)
(24, 93)
(25, 93)
(23, 94)
(24, 94)
(25, 94)
(23, 95)
(24, 95)
(25, 95)
(23, 96)
(24, 96)
(25, 96)
(41, 96)
(42, 96)
(43, 96)
(41, 97)
(42, 97)
(43, 97)
(41, 98)
(42, 98)
(43, 98)
-
(0, 2, 1.0, -1, 0.5)
(1, 1, 1.0, -1, 0.5)
(2, 2, 1.0, -1, 0.5)
(3, 1, 1.0, -1, 0.5)
(4, 4, 1.0, -1, 0.5)
(5, 4, 1.0, -1, 0.5)
(6, 3, 1.0, -1, 0.5)
(7, 3, 1.0, -1, 0.5)
(8, 5, 1.0, -1, 0.5)
(9, 5, 1.0, -1, 0.5)
-
(0, (21,39), (48,64))
(1, (59,69), (63,12))
(2, (21,8), (82,68))
(3, (77,7), (5,16))
(4, (89,19), (31,82))
(5, (8,37), (77,36))
(6, (43,36), (61,61))
(7, (26,17), (72,59))
(8, (29,68), (77,75))
(9, (93,75), (21,44))
