100
(19, 2)
(20, 2)
(21, 2)
(95, 2)
(96, 2)
(97, 2)
(98, 2)
(99, 2)
(19, 3)
(20, 3)
(21, 3)
(44, 3)
(45, 3)
(46, 3)
(47, 3)
(95, 3)
(96, 3)
(97, 3)
(98, 3)
(99, 3)
(19, 4)
(20, 4)
(21, 4)
(44, 4)
(45, 4)
(46, 4)
(47, 4)
(95, 4)
(96, 4)
(97, 4)
(98, 4)
(99, 4)
(19, 5)
(20, 5)
(21, 5)
(44, 5)
(45, 5)
(46, 5)
(47, 5)
(95, 5)
(96, 5)
(97, 5)
(98, 5)
(99, 5)
(42, 9)
(43, 9)
(44, 9)
(42, 10)
(43, 10)
(44, 10)
(42, 11)
(43, 11)
(44, 11)
(29, 12)
(30, 12)
(31, 12)
(32, 12)
(29, 13)
(30, 13)
(31, 13)
(32, 13)
(29, 14)
(30, 14)
(31, 14)
(32, 14)
(29, 15)
(30, 15)
(31, 15)
(32, 15)
(33, 18)
(34, 18)
(35, 18)
(33, 19)
(34, 19)
(35, 19)
(33, 20)
(34, 20)
(35, 20)
(33, 21)
(34, 21)
(35, 21)
(46, 27)
(47, 27)
(48, 27)
(49, 27)
(50, 27)
(46, 28)
(47, 28)
(48, 28)
(49, 28)
(50, 28)
(90, 28)
(91, 28)
(92, 28)
(46, 29)
(47, 29)
(48, 29)
(49, 29)
(50, 29)
(90, 29)
(91, 29)
(92, 29)
(90, 30)
(91, 30)
(92, 30)
(90, 31)
(91, 31)
(92, 31)
(90, 32)
(91, 32)
(92, 32)
(96, 32)
(97, 32)
(98, 32)
(99, 32)
(96, 33)
(97, 33)
(98, 33)
(99, 33)
(96, 34)
(97, 34)
(98, 34)
(99, 34)
(96, 35)
(97, 35)
(98, 35)
(99, 35)
(46, 50)
(47, 50)
(48, 50)
(46, 51)
(47, 51)
(48, 51)
(46, 52)
(47, 52)
(48, 52)
(46, 53)
(47, 53)
(48, 53)
(6, 56)
(7, 56)
(8, 56)
(9, 56)
(10, 56)
(6, 57)
(7, 57)
(8, 57)
(9, 57)
(10, 57)
(6, 58)
(7, 58)
(8, 58)
(9, 58)
(10, 58)
(6, 59)
(7, 59)
(8, 59)
(9, 59)
(10, 59)
(43, 62)
(44, 62)
(45, 62)
(43, 63)
(44, 63)
(45, 63)
(43, 64)
(44, 64)
(45, 64)
(43, 65)
(44, 65)
(45, 65)
(43, 66)
(44, 66)
(45, 66)
(22, 68)
(23, 68)
(24, 68)
(22, 69)
(23, 69)
(24, 69)
(22, 70)
(23, 70)
(24, 70)
(22, 71)
(23, 71)
(24, 71)
(22, 72)
(23, 72)
(24, 72)
(19, 81)
(20, 81)
(21, 81)
(19, 82)
(20, 82)
(21, 82)
(19, 83)
(20, 83)
(21, 83)
(19, 84)
(20, 84)
(21, 84)
(19, 85)
(20, 85)
(21, 85)
(24, 85)
(25, 85)
(26, 85)
(24, 86)
(25, 86)
(26, 86)
(34, 86)
(35, 86)
(36, 86)
(24, 87)
(25, 87)
(26, 87)
(34, 87)
(35, 87)
(36, 87)
(24, 88)
(25, 88)
(26, 88)
(34, 88)
(35, 88)
(36, 88)
(74, 88)
(75, 88)
(76, 88)
(24, 89)
(25, 89)
(26, 89)
(74, 89)
(75, 89)
(76, 89)
(74, 90)
(75, 90)
(76, 90)
(18, 91)
(19, 91)
(20, 91)
(21, 91)
(18, 92)
(19, 92)
(20, 92)
(21, 92)
(50, 92)
(51, 92)
(52, 92)
(53, 92)
(15, 93)
(16, 93)
(17, 93)
(18, 93)
(19, 93)
(20, 93)
(21, 93)
(50, 93)
(51, 93)
(52, 93)
(53, 93)
(15, 94)
(16, 94)
(17, 94)
(50, 94)
(51, 94)
(52, 94)
(53, 94)
(15, 95)
(16, 95)
(17, 95)
-
(0, 3, 1.0, -1, 0.5)
(1, 4, 1.0, -1, 0.5)
(2, 4, 1.0, -1, 0.5)
(3, 5, 1.0, -1, 0.5)
(4, 2, 1.0, -1, 0.5)
(5, 5, 1.0, -1, 0.5)
(6, 1, 1.0, -1, 0.5)
(7, 2, 1.0, -1, 0.5)
(8, 3, 1.0, -1, 0.5)
(9, 1, 1.0, -1, 0.5)
-
(0, (80,92), (58,33))
(1, (74,38), (78,85))
(2, (59,67), (3,73))
(3, (2,17), (81,26))
(4, (62,28), (48,75))
(5, (44,80), (74,23))
(6, (10,26), (12,65))
(7, (29,67), (74,93))
(8, (26,20), (94,38))
(9, (11,12), (50,95))
