100
(68, 0)
(69, 0)
(70, 0)
(71, 0)
(68, 1)
(69, 1)
(70, 1)
(71, 1)
(68, 2)
(69, 2)
(70, 2)
(71, 2)
(90, 2)
(91, 2)
(92, 2)
(93, 2)
(68, 3)
(69, 3)
(70, 3)
(71, 3)
(77, 3)
(78, 3)
(79, 3)
(90, 3)
(91, 3)
(92, 3)
(93, 3)
(68, 4)
(69, 4)
(70, 4)
(71, 4)
(77, 4)
(78, 4)
(79, 4)
(90, 4)
(91, 4)
(92, 4)
(93, 4)
(77, 5)
(78, 5)
(79, 5)
(90, 5)
(91, 5)
(92, 5)
(93, 5)
(90, 6)
(91, 6)
(92, 6)
(93, 6)
(15, 8)
(16, 8)
(17, 8)
(18, 8)
(15, 9)
(16, 9)
(17, 9)
(18, 9)
(84, 9)
(85, 9)
(86, 9)
(87, 9)
(15, 10)
(16, 10)
(17, 10)
(18, 10)
(84, 10)
(85, 10)
(86, 10)
(87, 10)
(15, 11)
(16, 11)
(17, 11)
(18, 11)
(46, 11)
(47, 11)
(48, 11)
(49, 11)
(62, 11)
(63, 11)
(64, 11)
(84, 11)
(85, 11)
(86, 11)
(87, 11)
(15, 12)
(16, 12)
(17, 12)
(18, 12)
(46, 12)
(47, 12)
(48, 12)
(49, 12)
(62, 12)
(63, 12)
(64, 12)
(1, 13)
(2, 13)
(3, 13)
(4, 13)
(5, 13)
(46, 13)
(47, 13)
(48, 13)
(49, 13)
(50, 13)
(51, 13)
(52, 13)
(62, 13)
(63, 13)
(64, 13)
(1, 14)
(2, 14)
(3, 14)
(4, 14)
(5, 14)
(46, 14)
(47, 14)
(48, 14)
(49, 14)
(50, 14)
(51, 14)
(52, 14)
(58, 14)
(59, 14)
(60, 14)
(61, 14)
(62, 14)
(63, 14)
(64, 14)
(1, 15)
(2, 15)
(3, 15)
(4, 15)
(5, 15)
(50, 15)
(51, 15)
(52, 15)
(58, 15)
(59, 15)
(60, 15)
(61, 15)
(62, 15)
(63, 15)
(64, 15)
(1, 16)
(2, 16)
(3, 16)
(4, 16)
(5, 16)
(58, 16)
(59, 16)
(60, 16)
(61, 16)
(1, 17)
(2, 17)
(3, 17)
(4, 17)
(5, 17)
(58, 17)
(59, 17)
(60, 17)
(61, 17)
(65, 17)
(66, 17)
(67, 17)
(68, 17)
(94, 17)
(95, 17)
(96, 17)
(65, 18)
(66, 18)
(67, 18)
(68, 18)
(94, 18)
(95, 18)
(96, 18)
(0, 19)
(1, 19)
(2, 19)
(3, 19)
(25, 19)
(26, 19)
(27, 19)
(28, 19)
(29, 19)
(65, 19)
(66, 19)
(67, 19)
(68, 19)
(94, 19)
(95, 19)
(96, 19)
(0, 20)
(1, 20)
(2, 20)
(3, 20)
(25, 20)
(26, 20)
(27, 20)
(28, 20)
(29, 20)
(94, 20)
(95, 20)
(96, 20)
(0, 21)
(1, 21)
(2, 21)
(3, 21)
(25, 21)
(26, 21)
(27, 21)
(28, 21)
(29, 21)
(0, 22)
(1, 22)
(2, 22)
(3, 22)
(25, 22)
(26, 22)
(27, 22)
(28, 22)
(29, 22)
(48, 28)
(49, 28)
(50, 28)
(81, 28)
(82, 28)
(83, 28)
(48, 29)
(49, 29)
(50, 29)
(81, 29)
(82, 29)
(83, 29)
(48, 30)
(49, 30)
(50, 30)
(81, 30)
(82, 30)
(83, 30)
(48, 31)
(49, 31)
(50, 31)
(81, 31)
(82, 31)
(83, 31)
(81, 32)
(82, 32)
(83, 32)
(56, 33)
(57, 33)
(58, 33)
(59, 33)
(56, 34)
(57, 34)
(58, 34)
(59, 34)
(56, 35)
(57, 35)
(58, 35)
(59, 35)
(64, 35)
(65, 35)
(66, 35)
(20, 36)
(21, 36)
(22, 36)
(23, 36)
(24, 36)
(56, 36)
(57, 36)
(58, 36)
(59, 36)
(64, 36)
(65, 36)
(66, 36)
(20, 37)
(21, 37)
(22, 37)
(23, 37)
(24, 37)
(64, 37)
(65, 37)
(66, 37)
(20, 38)
(21, 38)
(22, 38)
(23, 38)
(24, 38)
(64, 38)
(65, 38)
(66, 38)
(64, 39)
(65, 39)
(66, 39)
(77, 42)
(78, 42)
(79, 42)
(80, 42)
(77, 43)
(78, 43)
(79, 43)
(80, 43)
(59, 44)
(60, 44)
(61, 44)
(62, 44)
(63, 44)
(77, 44)
(78, 44)
(79, 44)
(80, 44)
(59, 45)
(60, 45)
(61, 45)
(62, 45)
(63, 45)
(69, 45)
(70, 45)
(71, 45)
(77, 45)
(78, 45)
(79, 45)
(80, 45)
(59, 46)
(60, 46)
(61, 46)
(62, 46)
(63, 46)
(69, 46)
(70, 46)
(71, 46)
(82, 46)
(83, 46)
(84, 46)
(59, 47)
(60, 47)
(61, 47)
(62, 47)
(63, 47)
(69, 47)
(70, 47)
(71, 47)
(82, 47)
(83, 47)
(84, 47)
(59, 48)
(60, 48)
(61, 48)
(62, 48)
(63, 48)
(82, 48)
(83, 48)
(84, 48)
(30, 51)
(31, 51)
(32, 51)
(30, 52)
(31, 52)
(32, 52)
(30, 53)
(31, 53)
(32, 53)
(97, 53)
(98, 53)
(99, 53)
(88, 54)
(89, 54)
(90, 54)
(97, 54)
(98, 54)
(99, 54)
(88, 55)
(89, 55)
(90, 55)
(97, 55)
(98, 55)
(99, 55)
(88, 56)
(89, 56)
(90, 56)
(97, 56)
(98, 56)
(99, 56)
(71, 57)
(72, 57)
(73, 57)
(88, 57)
(89, 57)
(90, 57)
(97, 57)
(98, 57)
(99, 57)
(71, 58)
(72, 58)
(73, 58)
(34, 59)
(35, 59)
(36, 59)
(71, 59)
(72, 59)
(73, 59)
(34, 60)
(35, 60)
(36, 60)
(55, 60)
(56, 60)
(57, 60)
(58, 60)
(67, 60)
(68, 60)
(69, 60)
(70, 60)
(71, 60)
(72, 60)
(73, 60)
(34, 61)
(35, 61)
(36, 61)
(55, 61)
(56, 61)
(57, 61)
(58, 61)
(67, 61)
(68, 61)
(69, 61)
(70, 61)
(71, 61)
(72, 61)
(73, 61)
(79, 61)
(80, 61)
(81, 61)
(82, 61)
(83, 61)
(55, 62)
(56, 62)
(57, 62)
(58, 62)
(67, 62)
(68, 62)
(69, 62)
(70, 62)
(79, 62)
(80, 62)
(81, 62)
(82, 62)
(83, 62)
(55, 63)
(56, 63)
(57, 63)
(58, 63)
(79, 63)
(80, 63)
(81, 63)
(82, 63)
(83, 63)
(18, 66)
(19, 66)
(20, 66)
(21, 66)
(22, 66)
(63, 66)
(64, 66)
(65, 66)
(18, 67)
(19, 67)
(20, 67)
(21, 67)
(22, 67)
(63, 67)
(64, 67)
(65, 67)
(18, 68)
(19, 68)
(20, 68)
(21, 68)
(22, 68)
(63, 68)
(64, 68)
(65, 68)
(84, 68)
(85, 68)
(86, 68)
(18, 69)
(19, 69)
(20, 69)
(21, 69)
(22, 69)
(29, 69)
(30, 69)
(31, 69)
(32, 69)
(33, 69)
(84, 69)
(85, 69)
(86, 69)
(29, 70)
(30, 70)
(31, 70)
(32, 70)
(33, 70)
(84, 70)
(85, 70)
(86, 70)
(89, 70)
(90, 70)
(91, 70)
(29, 71)
(30, 71)
(31, 71)
(32, 71)
(33, 71)
(69, 71)
(70, 71)
(71, 71)
(72, 71)
(77, 71)
(78, 71)
(79, 71)
(80, 71)
(81, 71)
(84, 71)
(85, 71)
(86, 71)
(89, 71)
(90, 71)
(91, 71)
(29, 72)
(30, 72)
(31, 72)
(32, 72)
(33, 72)
(69, 72)
(70, 72)
(71, 72)
(72, 72)
(77, 72)
(78, 72)
(79, 72)
(80, 72)
(81, 72)
(89, 72)
(90, 72)
(91, 72)
(69, 73)
(70, 73)
(71, 73)
(72, 73)
(77, 73)
(78, 73)
(79, 73)
(80, 73)
(81, 73)
(89, 73)
(90, 73)
(91, 73)
(69, 74)
(70, 74)
(71, 74)
(72, 74)
(77, 74)
(78, 74)
(79, 74)
(80, 74)
(81, 74)
(53, 80)
(54, 80)
(55, 80)
(56, 80)
(53, 81)
(54, 81)
(55, 81)
(56, 81)
(53, 82)
(54, 82)
(55, 82)
(56, 82)
(0, 85)
(1, 85)
(2, 85)
(3, 85)
(0, 86)
(1, 86)
(2, 86)
(3, 86)
(23, 86)
(24, 86)
(25, 86)
(26, 86)
(41, 86)
(42, 86)
(43, 86)
(44, 86)
(45, 86)
(0, 87)
(1, 87)
(2, 87)
(3, 87)
(23, 87)
(24, 87)
(25, 87)
(26, 87)
(41, 87)
(42, 87)
(43, 87)
(44, 87)
(45, 87)
(23, 88)
(24, 88)
(25, 88)
(26, 88)
(41, 88)
(42, 88)
(43, 88)
(44, 88)
(45, 88)
(58, 88)
(59, 88)
(60, 88)
(61, 88)
(62, 88)
(23, 89)
(24, 89)
(25, 89)
(26, 89)
(58, 89)
(59, 89)
(60, 89)
(61, 89)
(62, 89)
(23, 90)
(24, 90)
(25, 90)
(26, 90)
(28, 90)
(29, 90)
(30, 90)
(31, 90)
(50, 90)
(51, 90)
(52, 90)
(58, 90)
(59, 90)
(60, 90)
(61, 90)
(62, 90)
(28, 91)
(29, 91)
(30, 91)
(31, 91)
(50, 91)
(51, 91)
(52, 91)
(54, 91)
(55, 91)
(56, 91)
(57, 91)
(28, 92)
(29, 92)
(30, 92)
(31, 92)
(50, 92)
(51, 92)
(52, 92)
(54, 92)
(55, 92)
(56, 92)
(57, 92)
(75, 92)
(76, 92)
(77, 92)
(78, 92)
(79, 92)
(50, 93)
(51, 93)
(52, 93)
(54, 93)
(55, 93)
(56, 93)
(57, 93)
(75, 93)
(76, 93)
(77, 93)
(78, 93)
(79, 93)
(89, 93)
(90, 93)
(91, 93)
(92, 93)
(54, 94)
(55, 94)
(56, 94)
(57, 94)
(75, 94)
(76, 94)
(77, 94)
(78, 94)
(79, 94)
(89, 94)
(90, 94)
(91, 94)
(92, 94)
(37, 95)
(38, 95)
(39, 95)
(40, 95)
(41, 95)
(75, 95)
(76, 95)
(77, 95)
(78, 95)
(79, 95)
(89, 95)
(90, 95)
(91, 95)
(92, 95)
(37, 96)
(38, 96)
(39, 96)
(40, 96)
(41, 96)
(42, 96)
(43, 96)
(44, 96)
(89, 96)
(90, 96)
(91, 96)
(92, 96)
(37, 97)
(38, 97)
(39, 97)
(40, 97)
(41, 97)
(42, 97)
(43, 97)
(44, 97)
(89, 97)
(90, 97)
(91, 97)
(92, 97)
(37, 98)
(38, 98)
(39, 98)
(40, 98)
(41, 98)
(42, 98)
(43, 98)
(44, 98)
-
(0, 3, 1.0, -1, 0.5)
(1, 4, 1.0, -1, 0.5)
(2, 1, 1.0, -1, 0.5)
(3, 2, 1.0, -1, 0.5)
(4, 5, 1.0, -1, 0.5)
(5, 3, 1.0, -1, 0.5)
(6, 5, 1.0, -1, 0.5)
(7, 2, 1.0, -1, 0.5)
(8, 1, 1.0, -1, 0.5)
(9, 4, 1.0, -1, 0.5)
-
(0, (94,46), (40,11))
(1, (57,53), (89,61))
(2, (88,0), (21,32))
(3, (84,86), (24,50))
(4, (29,63), (53,9))
(5, (97,38), (71,53))
(6, (64,92), (0,67))
(7, (94,85), (51,96))
(8, (84,20), (89,78))
(9, (68,25), (46,74))
