100
(66, 3)
(67, 3)
(68, 3)
(69, 3)
(70, 3)
(66, 4)
(67, 4)
(68, 4)
(69, 4)
(70, 4)
(66, 5)
(67, 5)
(68, 5)
(69, 5)
(70, 5)
(90, 6)
(91, 6)
(92, 6)
(93, 6)
(73, 7)
(74, 7)
(75, 7)
(76, 7)
(90, 7)
(91, 7)
(92, 7)
(93, 7)
(11, 8)
(12, 8)
(13, 8)
(14, 8)
(15, 8)
(16, 8)
(17, 8)
(18, 8)
(19, 8)
(34, 8)
(35, 8)
(36, 8)
(73, 8)
(74, 8)
(75, 8)
(76, 8)
(90, 8)
(91, 8)
(92, 8)
(93, 8)
(11, 9)
(12, 9)
(13, 9)
(14, 9)
(15, 9)
(16, 9)
(17, 9)
(18, 9)
(19, 9)
(34, 9)
(35, 9)
(36, 9)
(73, 9)
(74, 9)
(75, 9)
(76, 9)
(11, 10)
(12, 10)
(13, 10)
(14, 10)
(15, 10)
(16, 10)
(17, 10)
(18, 10)
(19, 10)
(34, 10)
(35, 10)
(36, 10)
(73, 10)
(74, 10)
(75, 10)
(76, 10)
(87, 10)
(88, 10)
(89, 10)
(90, 10)
(34, 11)
(35, 11)
(36, 11)
(73, 11)
(74, 11)
(75, 11)
(76, 11)
(87, 11)
(88, 11)
(89, 11)
(90, 11)
(73, 12)
(74, 12)
(75, 12)
(76, 12)
(77, 12)
(87, 12)
(88, 12)
(89, 12)
(90, 12)
(21, 13)
(22, 13)
(23, 13)
(24, 13)
(25, 13)
(73, 13)
(74, 13)
(75, 13)
(76, 13)
(77, 13)
(87, 13)
(88, 13)
(89, 13)
(90, 13)
(21, 14)
(22, 14)
(23, 14)
(24, 14)
(25, 14)
(73, 14)
(74, 14)
(75, 14)
(76, 14)
(77, 14)
(87, 14)
(88, 14)
(89, 14)
(90, 14)
(21, 15)
(22, 15)
(23, 15)
(24, 15)
(25, 15)
(95, 15)
(96, 15)
(97, 15)
(21, 16)
(22, 16)
(23, 16)
(24, 16)
(25, 16)
(71, 16)
(72, 16)
(73, 16)
(74, 16)
(95, 16)
(96, 16)
(97, 16)
(71, 17)
(72, 17)
(73, 17)
(74, 17)
(95, 17)
(96, 17)
(97, 17)
(71, 18)
(72, 18)
(73, 18)
(74, 18)
(95, 18)
(96, 18)
(97, 18)
(95, 19)
(96, 19)
(97, 19)
(58, 20)
(59, 20)
(60, 20)
(54, 21)
(55, 21)
(56, 21)
(57, 21)
(58, 21)
(59, 21)
(60, 21)
(54, 22)
(55, 22)
(56, 22)
(57, 22)
(58, 22)
(59, 22)
(60, 22)
(25, 23)
(26, 23)
(27, 23)
(28, 23)
(42, 23)
(43, 23)
(44, 23)
(45, 23)
(54, 23)
(55, 23)
(56, 23)
(57, 23)
(25, 24)
(26, 24)
(27, 24)
(28, 24)
(42, 24)
(43, 24)
(44, 24)
(45, 24)
(87, 24)
(88, 24)
(89, 24)
(90, 24)
(25, 25)
(26, 25)
(27, 25)
(28, 25)
(42, 25)
(43, 25)
(44, 25)
(45, 25)
(64, 25)
(65, 25)
(66, 25)
(67, 25)
(68, 25)
(87, 25)
(88, 25)
(89, 25)
(90, 25)
(25, 26)
(26, 26)
(27, 26)
(28, 26)
(42, 26)
(43, 26)
(44, 26)
(45, 26)
(64, 26)
(65, 26)
(66, 26)
(67, 26)
(68, 26)
(87, 26)
(88, 26)
(89, 26)
(90, 26)
(25, 27)
(26, 27)
(27, 27)
(28, 27)
(64, 27)
(65, 27)
(66, 27)
(67, 27)
(68, 27)
(87, 27)
(88, 27)
(89, 27)
(90, 27)
(32, 28)
(33, 28)
(34, 28)
(35, 28)
(36, 28)
(64, 28)
(65, 28)
(66, 28)
(67, 28)
(68, 28)
(32, 29)
(33, 29)
(34, 29)
(35, 29)
(36, 29)
(32, 30)
(33, 30)
(34, 30)
(35, 30)
(36, 30)
(40, 31)
(41, 31)
(42, 31)
(40, 32)
(41, 32)
(42, 32)
(79, 32)
(80, 32)
(81, 32)
(82, 32)
(85, 32)
(86, 32)
(87, 32)
(13, 33)
(14, 33)
(15, 33)
(40, 33)
(41, 33)
(42, 33)
(79, 33)
(80, 33)
(81, 33)
(82, 33)
(85, 33)
(86, 33)
(87, 33)
(13, 34)
(14, 34)
(15, 34)
(27, 34)
(28, 34)
(29, 34)
(30, 34)
(40, 34)
(41, 34)
(42, 34)
(79, 34)
(80, 34)
(81, 34)
(82, 34)
(85, 34)
(86, 34)
(87, 34)
(13, 35)
(14, 35)
(15, 35)
(27, 35)
(28, 35)
(29, 35)
(30, 35)
(74, 35)
(75, 35)
(76, 35)
(81, 35)
(82, 35)
(83, 35)
(84, 35)
(85, 35)
(86, 35)
(87, 35)
(27, 36)
(28, 36)
(29, 36)
(30, 36)
(74, 36)
(75, 36)
(76, 36)
(81, 36)
(82, 36)
(83, 36)
(84, 36)
(16, 37)
(17, 37)
(18, 37)
(19, 37)
(20, 37)
(27, 37)
(28, 37)
(29, 37)
(30, 37)
(74, 37)
(75, 37)
(76, 37)
(81, 37)
(82, 37)
(83, 37)
(84, 37)
(16, 38)
(17, 38)
(18, 38)
(19, 38)
(20, 38)
(27, 38)
(28, 38)
(29, 38)
(30, 38)
(81, 38)
(82, 38)
(83, 38)
(84, 38)
(16, 39)
(17, 39)
(18, 39)
(19, 39)
(20, 39)
(81, 39)
(82, 39)
(83, 39)
(84, 39)
(16, 40)
(17, 40)
(18, 40)
(19, 40)
(20, 40)
(16, 41)
(17, 41)
(18, 41)
(19, 41)
(20, 41)
(52, 41)
(53, 41)
(54, 41)
(55, 41)
(56, 41)
(37, 42)
(38, 42)
(39, 42)
(52, 42)
(53, 42)
(54, 42)
(55, 42)
(56, 42)
(8, 43)
(9, 43)
(10, 43)
(11, 43)
(37, 43)
(38, 43)
(39, 43)
(52, 43)
(53, 43)
(54, 43)
(55, 43)
(56, 43)
(76, 43)
(77, 43)
(78, 43)
(79, 43)
(80, 43)
(8, 44)
(9, 44)
(10, 44)
(11, 44)
(37, 44)
(38, 44)
(39, 44)
(52, 44)
(53, 44)
(54, 44)
(55, 44)
(56, 44)
(64, 44)
(65, 44)
(66, 44)
(67, 44)
(68, 44)
(69, 44)
(70, 44)
(71, 44)
(76, 44)
(77, 44)
(78, 44)
(79, 44)
(80, 44)
(8, 45)
(9, 45)
(10, 45)
(11, 45)
(37, 45)
(38, 45)
(39, 45)
(64, 45)
(65, 45)
(66, 45)
(67, 45)
(68, 45)
(69, 45)
(70, 45)
(71, 45)
(76, 45)
(77, 45)
(78, 45)
(79, 45)
(80, 45)
(87, 45)
(88, 45)
(89, 45)
(8, 46)
(9, 46)
(10, 46)
(11, 46)
(54, 46)
(55, 46)
(56, 46)
(57, 46)
(64, 46)
(65, 46)
(66, 46)
(67, 46)
(68, 46)
(69, 46)
(70, 46)
(71, 46)
(87, 46)
(88, 46)
(89, 46)
(92, 46)
(93, 46)
(94, 46)
(95, 46)
(54, 47)
(55, 47)
(56, 47)
(57, 47)
(87, 47)
(88, 47)
(89, 47)
(92, 47)
(93, 47)
(94, 47)
(95, 47)
(54, 48)
(55, 48)
(56, 48)
(57, 48)
(87, 48)
(88, 48)
(89, 48)
(92, 48)
(93, 48)
(94, 48)
(95, 48)
(54, 49)
(55, 49)
(56, 49)
(57, 49)
(87, 49)
(88, 49)
(89, 49)
(92, 49)
(93, 49)
(94, 49)
(95, 49)
(54, 50)
(55, 50)
(56, 50)
(57, 50)
(92, 50)
(93, 50)
(94, 50)
(95, 50)
(25, 53)
(26, 53)
(27, 53)
(28, 53)
(29, 53)
(30, 53)
(25, 54)
(26, 54)
(27, 54)
(28, 54)
(29, 54)
(30, 54)
(97, 54)
(98, 54)
(99, 54)
(25, 55)
(26, 55)
(27, 55)
(28, 55)
(29, 55)
(30, 55)
(97, 55)
(98, 55)
(99, 55)
(25, 56)
(26, 56)
(27, 56)
(28, 56)
(29, 56)
(30, 56)
(97, 56)
(98, 56)
(99, 56)
(25, 57)
(26, 57)
(27, 57)
(28, 57)
(29, 57)
(30, 57)
(28, 58)
(29, 58)
(30, 58)
(28, 59)
(29, 59)
(30, 59)
(28, 60)
(29, 60)
(30, 60)
(21, 61)
(22, 61)
(23, 61)
(24, 61)
(28, 61)
(29, 61)
(30, 61)
(71, 61)
(72, 61)
(73, 61)
(74, 61)
(21, 62)
(22, 62)
(23, 62)
(24, 62)
(71, 62)
(72, 62)
(73, 62)
(74, 62)
(21, 63)
(22, 63)
(23, 63)
(24, 63)
(71, 63)
(72, 63)
(73, 63)
(74, 63)
(21, 64)
(22, 64)
(23, 64)
(24, 64)
(21, 65)
(22, 65)
(23, 65)
(24, 65)
(37, 66)
(38, 66)
(39, 66)
(4, 67)
(5, 67)
(6, 67)
(7, 67)
(8, 67)
(37, 67)
(38, 67)
(39, 67)
(4, 68)
(5, 68)
(6, 68)
(7, 68)
(8, 68)
(37, 68)
(38, 68)
(39, 68)
(4, 69)
(5, 69)
(6, 69)
(7, 69)
(8, 69)
(23, 69)
(24, 69)
(25, 69)
(80, 69)
(81, 69)
(82, 69)
(83, 69)
(84, 69)
(4, 70)
(5, 70)
(6, 70)
(7, 70)
(8, 70)
(23, 70)
(24, 70)
(25, 70)
(46, 70)
(47, 70)
(48, 70)
(49, 70)
(50, 70)
(80, 70)
(81, 70)
(82, 70)
(83, 70)
(84, 70)
(23, 71)
(24, 71)
(25, 71)
(27, 71)
(28, 71)
(29, 71)
(46, 71)
(47, 71)
(48, 71)
(49, 71)
(50, 71)
(80, 71)
(81, 71)
(82, 71)
(83, 71)
(84, 71)
(23, 72)
(24, 72)
(25, 72)
(27, 72)
(28, 72)
(29, 72)
(42, 72)
(43, 72)
(44, 72)
(45, 72)
(46, 72)
(47, 72)
(48, 72)
(49, 72)
(50, 72)
(27, 73)
(28, 73)
(29, 73)
(42, 73)
(43, 73)
(44, 73)
(45, 73)
(46, 73)
(47, 73)
(48, 73)
(49, 73)
(50, 73)
(27, 74)
(28, 74)
(29, 74)
(42, 74)
(43, 74)
(44, 74)
(45, 74)
(46, 74)
(47, 74)
(48, 74)
(49, 74)
(50, 74)
(66, 74)
(67, 74)
(68, 74)
(69, 74)
(27, 75)
(28, 75)
(29, 75)
(42, 75)
(43, 75)
(44, 75)
(45, 75)
(66, 75)
(67, 75)
(68, 75)
(69, 75)
(58, 76)
(59, 76)
(60, 76)
(61, 76)
(66, 76)
(67, 76)
(68, 76)
(69, 76)
(48, 77)
(49, 77)
(50, 77)
(51, 77)
(52, 77)
(58, 77)
(59, 77)
(60, 77)
(61, 77)
(48, 78)
(49, 78)
(50, 78)
(51, 78)
(52, 78)
(58, 78)
(59, 78)
(60, 78)
(61, 78)
(76, 78)
(77, 78)
(78, 78)
(79, 78)
(48, 79)
(49, 79)
(50, 79)
(51, 79)
(52, 79)
(76, 79)
(77, 79)
(78, 79)
(79, 79)
(36, 80)
(37, 80)
(38, 80)
(39, 80)
(40, 80)
(48, 80)
(49, 80)
(50, 80)
(51, 80)
(52, 80)
(55, 80)
(56, 80)
(57, 80)
(58, 80)
(76, 80)
(77, 80)
(78, 80)
(79, 80)
(36, 81)
(37, 81)
(38, 81)
(39, 81)
(40, 81)
(55, 81)
(56, 81)
(57, 81)
(58, 81)
(76, 81)
(77, 81)
(78, 81)
(79, 81)
(8, 82)
(9, 82)
(10, 82)
(11, 82)
(36, 82)
(37, 82)
(38, 82)
(39, 82)
(40, 82)
(55, 82)
(56, 82)
(57, 82)
(58, 82)
(76, 82)
(77, 82)
(78, 82)
(79, 82)
(8, 83)
(9, 83)
(10, 83)
(11, 83)
(55, 83)
(56, 83)
(57, 83)
(58, 83)
(8, 84)
(9, 84)
(10, 84)
(11, 84)
(64, 84)
(65, 84)
(66, 84)
(67, 84)
(68, 84)
(0, 85)
(1, 85)
(2, 85)
(3, 85)
(8, 85)
(9, 85)
(10, 85)
(11, 85)
(35, 85)
(36, 85)
(37, 85)
(38, 85)
(64, 85)
(65, 85)
(66, 85)
(67, 85)
(68, 85)
(84, 85)
(85, 85)
(86, 85)
(0, 86)
(1, 86)
(2, 86)
(3, 86)
(8, 86)
(9, 86)
(10, 86)
(11, 86)
(35, 86)
(36, 86)
(37, 86)
(38, 86)
(64, 86)
(65, 86)
(66, 86)
(67, 86)
(68, 86)
(84, 86)
(85, 86)
(86, 86)
(0, 87)
(1, 87)
(2, 87)
(3, 87)
(35, 87)
(36, 87)
(37, 87)
(38, 87)
(64, 87)
(65, 87)
(66, 87)
(67, 87)
(68, 87)
(84, 87)
(85, 87)
(86, 87)
(0, 88)
(1, 88)
(2, 88)
(3, 88)
(26, 88)
(27, 88)
(28, 88)
(84, 88)
(85, 88)
(86, 88)
(26, 89)
(27, 89)
(28, 89)
(84, 89)
(85, 89)
(86, 89)
(26, 90)
(27, 90)
(28, 90)
(48, 90)
(49, 90)
(50, 90)
(51, 90)
(26, 91)
(27, 91)
(28, 91)
(48, 91)
(49, 91)
(50, 91)
(51, 91)
(48, 92)
(49, 92)
(50, 92)
(51, 92)
(48, 93)
(49, 93)
(50, 93)
(51, 93)
(57, 94)
(58, 94)
(59, 94)
(60, 94)
(79, 94)
(80, 94)
(81, 94)
(82, 94)
(83, 94)
(57, 95)
(58, 95)
(59, 95)
(60, 95)
(75, 95)
(76, 95)
(77, 95)
(78, 95)
(79, 95)
(80, 95)
(81, 95)
(82, 95)
(83, 95)
(10, 96)
(11, 96)
(12, 96)
(13, 96)
(14, 96)
(57, 96)
(58, 96)
(59, 96)
(60, 96)
(75, 96)
(76, 96)
(77, 96)
(78, 96)
(79, 96)
(80, 96)
(81, 96)
(82, 96)
(83, 96)
(10, 97)
(11, 97)
(12, 97)
(13, 97)
(14, 97)
(57, 97)
(58, 97)
(59, 97)
(60, 97)
(75, 97)
(76, 97)
(77, 97)
(78, 97)
(10, 98)
(11, 98)
(12, 98)
(13, 98)
(14, 98)
-
(0, 3, 1.0, -1, 0.5)
(1, 1, 1.0, -1, 0.5)
(2, 5, 1.0, -1, 0.5)
(3, 2, 1.0, -1, 0.5)
(4, 4, 1.0, -1, 0.5)
(5, 3, 1.0, -1, 0.5)
(6, 5, 1.0, -1, 0.5)
(7, 1, 1.0, -1, 0.5)
(8, 4, 1.0, -1, 0.5)
(9, 2, 1.0, -1, 0.5)
-
(0, (60,30), (23,75))
(1, (0,4), (51,31))
(2, (12,24), (84,57))
(3, (23,80), (81,26))
(4, (54,13), (93,93))
(5, (94,21), (97,95))
(6, (49,34), (3,32))
(7, (76,92), (56,35))
(8, (35,70), (16,95))
(9, (42,40), (97,69))
