100
(56, 9)
(57, 9)
(58, 9)
(59, 9)
(56, 10)
(57, 10)
(58, 10)
(59, 10)
(56, 11)
(57, 11)
(58, 11)
(59, 11)
(63, 42)
(64, 42)
(65, 42)
(66, 42)
(67, 42)
(63, 43)
(64, 43)
(65, 43)
(66, 43)
(67, 43)
(63, 44)
(64, 44)
(65, 44)
(66, 44)
(67, 44)
(89, 46)
(90, 46)
(91, 46)
(92, 46)
(93, 46)
(89, 47)
(90, 47)
(91, 47)
(92, 47)
(93, 47)
(89, 48)
(90, 48)
(91, 48)
(92, 48)
(93, 48)
(89, 49)
(90, 49)
(91, 49)
(92, 49)
(93, 49)
(89, 50)
(90, 50)
(91, 50)
(92, 50)
(93, 50)
(85, 83)
(86, 83)
(87, 83)
(85, 84)
(86, 84)
(87, 84)
(85, 85)
(86, 85)
(87, 85)
(85, 86)
(86, 86)
(87, 86)
(85, 87)
(86, 87)
(87, 87)
(77, 93)
(78, 93)
(79, 93)
(80, 93)
(81, 93)
(77, 94)
(78, 94)
(79, 94)
(80, 94)
(81, 94)
(77, 95)
(78, 95)
(79, 95)
(80, 95)
(81, 95)
(77, 96)
(78, 96)
(79, 96)
(80, 96)
(81, 96)
(77, 97)
(78, 97)
(79, 97)
(80, 97)
(81, 97)
-
(0, 5, 1.0, -1, 0.5)
(1, 2, 1.0, -1, 0.5)
(2, 4, 1.0, -1, 0.5)
(3, 1, 1.0, -1, 0.5)
(4, 5, 1.0, -1, 0.5)
(5, 1, 1.0, -1, 0.5)
(6, 3, 1.0, -1, 0.5)
(7, 3, 1.0, -1, 0.5)
(8, 2, 1.0, -1, 0.5)
(9, 4, 1.0, -1, 0.5)
-
(0, (45,33), (9,85))
(1, (40,33), (28,85))
(2, (31,4), (70,17))
(3, (93,31), (24,27))
(4, (4,17), (9,72))
(5, (66,17), (5,78))
(6, (29,82), (19,6))
(7, (41,89), (1,83))
(8, (10,23), (9,68))
(9, (52,28), (3,2))
