100
(35, 36)
(36, 36)
(37, 36)
(38, 36)
(35, 37)
(36, 37)
(37, 37)
(38, 37)
(84, 37)
(85, 37)
(86, 37)
(87, 37)
(88, 37)
(35, 38)
(36, 38)
(37, 38)
(38, 38)
(84, 38)
(85, 38)
(86, 38)
(87, 38)
(88, 38)
(35, 39)
(36, 39)
(37, 39)
(38, 39)
(84, 39)
(85, 39)
(86, 39)
(87, 39)
(88, 39)
(84, 40)
(85, 40)
(86, 40)
(87, 40)
(88, 40)
(81, 44)
(82, 44)
(83, 44)
(84, 44)
(81, 45)
(82, 45)
(83, 45)
(84, 45)
(81, 46)
(82, 46)
(83, 46)
(84, 46)
(81, 47)
(82, 47)
(83, 47)
(84, 47)
(81, 48)
(82, 48)
(83, 48)
(84, 48)
(91, 58)
(92, 58)
(93, 58)
(94, 58)
(95, 58)
(4, 59)
(5, 59)
(6, 59)
(91, 59)
(92, 59)
(93, 59)
(94, 59)
(95, 59)
(4, 60)
(5, 60)
(6, 60)
(91, 60)
(92, 60)
(93, 60)
(94, 60)
(95, 60)
(4, 61)
(5, 61)
(6, 61)
(91, 61)
(92, 61)
(93, 61)
(94, 61)
(95, 61)
(4, 62)
(5, 62)
(6, 62)
(71, 63)
(72, 63)
(73, 63)
(74, 63)
(75, 63)
(71, 64)
(72, 64)
(73, 64)
(74, 64)
(75, 64)
(53, 65)
(54, 65)
(55, 65)
(56, 65)
(57, 65)
(71, 65)
(72, 65)
(73, 65)
(74, 65)
(75, 65)
(53, 66)
(54, 66)
(55, 66)
(56, 66)
(57, 66)
(53, 67)
(54, 67)
(55, 67)
(56, 67)
(57, 67)
(27, 74)
(28, 74)
(29, 74)
(27, 75)
(28, 75)
(29, 75)
(27, 76)
(28, 76)
(29, 76)
(27, 77)
(28, 77)
(29, 77)
(27, 78)
(28, 78)
(29, 78)
(74, 92)
(75, 92)
(76, 92)
(77, 92)
(78, 92)
(79, 92)
(80, 92)
(81, 92)
(82, 92)
(74, 93)
(75, 93)
(76, 93)
(77, 93)
(78, 93)
(79, 93)
(80, 93)
(81, 93)
(82, 93)
(74, 94)
(75, 94)
(76, 94)
(77, 94)
(78, 94)
(79, 94)
(80, 94)
(81, 94)
(82, 94)
(74, 95)
(75, 95)
(76, 95)
(77, 95)
(78, 95)
(79, 95)
(80, 95)
(81, 95)
(82, 95)
(74, 96)
(75, 96)
(76, 96)
(77, 96)
(78, 96)
(79, 96)
(80, 96)
(81, 96)
(82, 96)
-
(0, 1, 1.0, -1, 0.5)
(1, 3, 1.0, -1, 0.5)
(2, 4, 1.0, -1, 0.5)
(3, 5, 1.0, -1, 0.5)
(4, 5, 1.0, -1, 0.5)
(5, 4, 1.0, -1, 0.5)
(6, 2, 1.0, -1, 0.5)
(7, 3, 1.0, -1, 0.5)
(8, 1, 1.0, -1, 0.5)
(9, 2, 1.0, -1, 0.5)
-
(0, (92,36), (56,13))
(1, (69,13), (16,76))
(2, (1,90), (25,30))
(3, (25,1), (70,27))
(4, (53,76), (87,30))
(5, (17,58), (76,47))
(6, (98,94), (57,24))
(7, (55,17), (14,87))
(8, (28,44), (50,11))
(9, (11,15), (38,97))
