100
(13, 2)
(14, 2)
(15, 2)
(16, 2)
(17, 2)
(41, 2)
(42, 2)
(43, 2)
(13, 3)
(14, 3)
(15, 3)
(16, 3)
(17, 3)
(41, 3)
(42, 3)
(43, 3)
(13, 4)
(14, 4)
(15, 4)
(16, 4)
(17, 4)
(41, 4)
(42, 4)
(43, 4)
(25, 5)
(26, 5)
(27, 5)
(28, 5)
(41, 5)
(42, 5)
(43, 5)
(25, 6)
(26, 6)
(27, 6)
(28, 6)
(25, 7)
(26, 7)
(27, 7)
(28, 7)
(25, 8)
(26, 8)
(27, 8)
(28, 8)
(25, 9)
(26, 9)
(27, 9)
(28, 9)
(80, 11)
(81, 11)
(82, 11)
(83, 11)
(80, 12)
(81, 12)
(82, 12)
(83, 12)
(80, 13)
(81, 13)
(82, 13)
(83, 13)
(80, 14)
(81, 14)
(82, 14)
(83, 14)
(93, 18)
(94, 18)
(95, 18)
(93, 19)
(94, 19)
(95, 19)
(93, 20)
(94, 20)
(95, 20)
(93, 21)
(94, 21)
(95, 21)
(84, 28)
(85, 28)
(86, 28)
(84, 29)
(85, 29)
(86, 29)
(84, 30)
(85, 30)
(86, 30)
(68, 31)
(69, 31)
(70, 31)
(71, 31)
(84, 31)
(85, 31)
(86, 31)
(68, 32)
(69, 32)
(70, 32)
(71, 32)
(84, 32)
(85, 32)
(86, 32)
(68, 33)
(69, 33)
(70, 33)
(71, 33)
(68, 34)
(69, 34)
(70, 34)
(71, 34)
(15, 35)
(16, 35)
(17, 35)
(68, 35)
(69, 35)
(70, 35)
(71, 35)
(15, 36)
(16, 36)
(17, 36)
(15, 37)
(16, 37)
(17, 37)
(81, 40)
(82, 40)
(83, 40)
(81, 41)
(82, 41)
(83, 41)
(20, 42)
(21, 42)
(22, 42)
(81, 42)
(82, 42)
(83, 42)
(20, 43)
(21, 43)
(22, 43)
(81, 43)
(82, 43)
(83, 43)
(20, 44)
(21, 44)
(22, 44)
(81, 44)
(82, 44)
(83, 44)
(91, 49)
(92, 49)
(93, 49)
(94, 49)
(91, 50)
(92, 50)
(93, 50)
(94, 50)
(91, 51)
(92, 51)
(93, 51)
(94, 51)
(91, 52)
(92, 52)
(93, 52)
(94, 52)
(91, 53)
(92, 53)
(93, 53)
(94, 53)
(63, 60)
(64, 60)
(65, 60)
(66, 60)
(63, 61)
(64, 61)
(65, 61)
(66, 61)
(63, 62)
(64, 62)
(65, 62)
(66, 62)
(63, 63)
(64, 63)
(65, 63)
(66, 63)
(36, 64)
(37, 64)
(38, 64)
(39, 64)
(40, 64)
(36, 65)
(37, 65)
(38, 65)
(39, 65)
(40, 65)
(36, 66)
(37, 66)
(38, 66)
(39, 66)
(40, 66)
(36, 67)
(37, 67)
(38, 67)
(39, 67)
(40, 67)
(51, 67)
(52, 67)
(53, 67)
(54, 67)
(55, 67)
(36, 68)
(37, 68)
(38, 68)
(39, 68)
(40, 68)
(51, 68)
(52, 68)
(53, 68)
(54, 68)
(55, 68)
(51, 69)
(52, 69)
(53, 69)
(54, 69)
(55, 69)
(51, 70)
(52, 70)
(53, 70)
(54, 70)
(55, 70)
(51, 71)
(52, 71)
(53, 71)
(54, 71)
(55, 71)
(62, 75)
(63, 75)
(64, 75)
(49, 76)
(50, 76)
(51, 76)
(62, 76)
(63, 76)
(64, 76)
(49, 77)
(50, 77)
(51, 77)
(62, 77)
(63, 77)
(64, 77)
(49, 78)
(50, 78)
(51, 78)
(62, 78)
(63, 78)
(64, 78)
(35, 81)
(36, 81)
(37, 81)
(38, 81)
(39, 81)
(35, 82)
(36, 82)
(37, 82)
(38, 82)
(39, 82)
(35, 83)
(36, 83)
(37, 83)
(38, 83)
(39, 83)
(35, 84)
(36, 84)
(37, 84)
(38, 84)
(39, 84)
(65, 86)
(66, 86)
(67, 86)
(81, 86)
(82, 86)
(83, 86)
(84, 86)
(65, 87)
(66, 87)
(67, 87)
(81, 87)
(82, 87)
(83, 87)
(84, 87)
(65, 88)
(66, 88)
(67, 88)
(81, 88)
(82, 88)
(83, 88)
(84, 88)
(65, 89)
(66, 89)
(67, 89)
(81, 89)
(82, 89)
(83, 89)
(84, 89)
(65, 90)
(66, 90)
(67, 90)
(81, 90)
(82, 90)
(83, 90)
(84, 90)
(17, 94)
(18, 94)
(19, 94)
(17, 95)
(18, 95)
(19, 95)
(17, 96)
(18, 96)
(19, 96)
(17, 97)
(18, 97)
(19, 97)
-
(0, 5, 1.0, -1, 0.5)
(1, 1, 1.0, -1, 0.5)
(2, 4, 1.0, -1, 0.5)
(3, 3, 1.0, -1, 0.5)
(4, 2, 1.0, -1, 0.5)
(5, 4, 1.0, -1, 0.5)
(6, 3, 1.0, -1, 0.5)
(7, 2, 1.0, -1, 0.5)
(8, 5, 1.0, -1, 0.5)
(9, 1, 1.0, -1, 0.5)
-
(0, (33,30), (66,91))
(1, (70,99), (26,78))
(2, (76,30), (84,93))
(3, (35,5), (57,90))
(4, (36,57), (2,7))
(5, (11,79), (63,38))
(6, (89,86), (36,50))
(7, (69,74), (40,12))
(8, (3,81), (8,35))
(9, (99,69), (83,37))
