100
(19, 0)
(20, 0)
(21, 0)
(19, 1)
(20, 1)
(21, 1)
(19, 2)
(20, 2)
(21, 2)
(1, 3)
(2, 3)
(3, 3)
(84, 3)
(85, 3)
(86, 3)
(1, 4)
(2, 4)
(3, 4)
(84, 4)
(85, 4)
(86, 4)
(1, 5)
(2, 5)
(3, 5)
(84, 5)
(85, 5)
(86, 5)
(1, 6)
(2, 6)
(3, 6)
(84, 6)
(85, 6)
(86, 6)
(84, 7)
(85, 7)
(86, 7)
(77, 13)
(78, 13)
(79, 13)
(80, 13)
(81, 13)
(77, 14)
(78, 14)
(79, 14)
(80, 14)
(81, 14)
(9, 15)
(10, 15)
(11, 15)
(12, 15)
(13, 15)
(77, 15)
(78, 15)
(79, 15)
(80, 15)
(81, 15)
(9, 16)
(10, 16)
(11, 16)
(12, 16)
(13, 16)
(77, 16)
(78, 16)
(79, 16)
(80, 16)
(81, 16)
(9, 17)
(10, 17)
(11, 17)
(12, 17)
(13, 17)
(56, 24)
(57, 24)
(58, 24)
(56, 25)
(57, 25)
(58, 25)
(56, 26)
(57, 26)
(58, 26)
(56, 27)
(57, 27)
(58, 27)
(38, 34)
(39, 34)
(40, 34)
(38, 35)
(39, 35)
(40, 35)
(38, 36)
(39, 36)
(40, 36)
(38, 37)
(39, 37)
(40, 37)
(13, 40)
(14, 40)
(15, 40)
(16, 40)
(17, 40)
(13, 41)
(14, 41)
(15, 41)
(16, 41)
(17, 41)
(30, 41)
(31, 41)
(32, 41)
(13, 42)
(14, 42)
(15, 42)
(16, 42)
(17, 42)
(30, 42)
(31, 42)
(32, 42)
(13, 43)
(14, 43)
(15, 43)
(16, 43)
(17, 43)
(30, 43)
(31, 43)
(32, 43)
(13, 44)
(14, 44)
(15, 44)
(16, 44)
(17, 44)
(77, 44)
(78, 44)
(79, 44)
(80, 44)
(81, 44)
(62, 45)
(63, 45)
(64, 45)
(65, 45)
(66, 45)
(77, 45)
(78, 45)
(79, 45)
(80, 45)
(81, 45)
(62, 46)
(63, 46)
(64, 46)
(65, 46)
(66, 46)
(77, 46)
(78, 46)
(79, 46)
(80, 46)
(81, 46)
(62, 47)
(63, 47)
(64, 47)
(65, 47)
(66, 47)
(77, 47)
(78, 47)
(79, 47)
(80, 47)
(81, 47)
(62, 48)
(63, 48)
(64, 48)
(65, 48)
(66, 48)
(77, 48)
(78, 48)
(79, 48)
(80, 48)
(81, 48)
(62, 49)
(63, 49)
(64, 49)
(65, 49)
(66, 49)
(43, 54)
(44, 54)
(45, 54)
(46, 54)
(23, 55)
(24, 55)
(25, 55)
(26, 55)
(27, 55)
(43, 55)
(44, 55)
(45, 55)
(46, 55)
(23, 56)
(24, 56)
(25, 56)
(26, 56)
(27, 56)
(43, 56)
(44, 56)
(45, 56)
(46, 56)
(23, 57)
(24, 57)
(25, 57)
(26, 57)
(27, 57)
(43, 57)
(44, 57)
(45, 57)
(46, 57)
(18, 58)
(19, 58)
(20, 58)
(21, 58)
(23, 58)
(24, 58)
(25, 58)
(26, 58)
(27, 58)
(18, 59)
(19, 59)
(20, 59)
(21, 59)
(18, 60)
(19, 60)
(20, 60)
(21, 60)
(93, 61)
(94, 61)
(95, 61)
(93, 62)
(94, 62)
(95, 62)
(93, 63)
(94, 63)
(95, 63)
(93, 64)
(94, 64)
(95, 64)
(3, 65)
(4, 65)
(5, 65)
(6, 65)
(7, 65)
(43, 65)
(44, 65)
(45, 65)
(46, 65)
(47, 65)
(68, 65)
(69, 65)
(70, 65)
(71, 65)
(72, 65)
(93, 65)
(94, 65)
(95, 65)
(3, 66)
(4, 66)
(5, 66)
(6, 66)
(7, 66)
(43, 66)
(44, 66)
(45, 66)
(46, 66)
(47, 66)
(68, 66)
(69, 66)
(70, 66)
(71, 66)
(72, 66)
(3, 67)
(4, 67)
(5, 67)
(6, 67)
(7, 67)
(43, 67)
(44, 67)
(45, 67)
(46, 67)
(47, 67)
(68, 67)
(69, 67)
(70, 67)
(71, 67)
(72, 67)
(3, 68)
(4, 68)
(5, 68)
(6, 68)
(7, 68)
(43, 68)
(44, 68)
(45, 68)
(46, 68)
(47, 68)
(68, 68)
(69, 68)
(70, 68)
(71, 68)
(72, 68)
(43, 69)
(44, 69)
(45, 69)
(46, 69)
(47, 69)
(59, 74)
(60, 74)
(61, 74)
(62, 74)
(59, 75)
(60, 75)
(61, 75)
(62, 75)
(59, 76)
(60, 76)
(61, 76)
(62, 76)
(11, 77)
(12, 77)
(13, 77)
(59, 77)
(60, 77)
(61, 77)
(62, 77)
(11, 78)
(12, 78)
(13, 78)
(11, 79)
(12, 79)
(13, 79)
(28, 82)
(29, 82)
(30, 82)
(31, 82)
(8, 83)
(9, 83)
(10, 83)
(28, 83)
(29, 83)
(30, 83)
(31, 83)
(8, 84)
(9, 84)
(10, 84)
(28, 84)
(29, 84)
(30, 84)
(31, 84)
(51, 84)
(52, 84)
(53, 84)
(8, 85)
(9, 85)
(10, 85)
(28, 85)
(29, 85)
(30, 85)
(31, 85)
(51, 85)
(52, 85)
(53, 85)
(4, 86)
(5, 86)
(6, 86)
(7, 86)
(51, 86)
(52, 86)
(53, 86)
(4, 87)
(5, 87)
(6, 87)
(7, 87)
(51, 87)
(52, 87)
(53, 87)
(55, 87)
(56, 87)
(57, 87)
(58, 87)
(4, 88)
(5, 88)
(6, 88)
(7, 88)
(39, 88)
(40, 88)
(41, 88)
(42, 88)
(55, 88)
(56, 88)
(57, 88)
(58, 88)
(29, 89)
(30, 89)
(31, 89)
(32, 89)
(39, 89)
(40, 89)
(41, 89)
(42, 89)
(55, 89)
(56, 89)
(57, 89)
(58, 89)
(95, 89)
(96, 89)
(97, 89)
(98, 89)
(99, 89)
(29, 90)
(30, 90)
(31, 90)
(32, 90)
(39, 90)
(40, 90)
(41, 90)
(42, 90)
(55, 90)
(56, 90)
(57, 90)
(58, 90)
(95, 90)
(96, 90)
(97, 90)
(98, 90)
(99, 90)
(29, 91)
(30, 91)
(31, 91)
(32, 91)
(55, 91)
(56, 91)
(57, 91)
(58, 91)
(95, 91)
(96, 91)
(97, 91)
(98, 91)
(99, 91)
(29, 92)
(30, 92)
(31, 92)
(32, 92)
(75, 92)
(76, 92)
(77, 92)
(78, 92)
(95, 92)
(96, 92)
(97, 92)
(98, 92)
(99, 92)
(75, 93)
(76, 93)
(77, 93)
(78, 93)
(75, 94)
(76, 94)
(77, 94)
(78, 94)
(65, 95)
(66, 95)
(67, 95)
(75, 95)
(76, 95)
(77, 95)
(78, 95)
(65, 96)
(66, 96)
(67, 96)
(75, 96)
(76, 96)
(77, 96)
(78, 96)
(65, 97)
(66, 97)
(67, 97)
-
(0, 1, 1.0, -1, 0.5)
(1, 3, 1.0, -1, 0.5)
(2, 5, 1.0, -1, 0.5)
(3, 2, 1.0, -1, 0.5)
(4, 4, 1.0, -1, 0.5)
(5, 2, 1.0, -1, 0.5)
(6, 1, 1.0, -1, 0.5)
(7, 3, 1.0, -1, 0.5)
(8, 5, 1.0, -1, 0.5)
(9, 4, 1.0, -1, 0.5)
-
(0, (58,95), (95,59))
(1, (14,0), (29,34))
(2, (25,4), (39,80))
(3, (82,11), (53,45))
(4, (22,51), (20,10))
(5, (89,53), (3,56))
(6, (1,57), (83,43))
(7, (86,16), (56,79))
(8, (57,68), (3,36))
(9, (18,80), (8,48))
