100
(35, 13)
(36, 13)
(37, 13)
(35, 14)
(36, 14)
(37, 14)
(35, 15)
(36, 15)
(37, 15)
(21, 37)
(22, 37)
(23, 37)
(24, 37)
(21, 38)
(22, 38)
(23, 38)
(24, 38)
(21, 39)
(22, 39)
(23, 39)
(24, 39)
(21, 40)
(22, 40)
(23, 40)
(24, 40)
(21, 41)
(22, 41)
(23, 41)
(24, 41)
(30, 64)
(31, 64)
(32, 64)
(30, 65)
(31, 65)
(32, 65)
(30, 66)
(31, 66)
(32, 66)
(30, 67)
(31, 67)
(32, 67)
(6, 70)
(7, 70)
(8, 70)
(6, 71)
(7, 71)
(8, 71)
(6, 72)
(7, 72)
(8, 72)
(6, 73)
(7, 73)
(8, 73)
(6, 74)
(7, 74)
(8, 74)
(88, 79)
(89, 79)
(90, 79)
(91, 79)
(88, 80)
(89, 80)
(90, 80)
(91, 80)
(88, 81)
(89, 81)
(90, 81)
(91, 81)
-
(0, 2, 1.0, -1, 0.5)
(1, 4, 1.0, -1, 0.5)
(2, 4, 1.0, -1, 0.5)
(3, 5, 1.0, -1, 0.5)
(4, 3, 1.0, -1, 0.5)
(5, 1, 1.0, -1, 0.5)
(6, 1, 1.0, -1, 0.5)
(7, 3, 1.0, -1, 0.5)
(8, 5, 1.0, -1, 0.5)
(9, 2, 1.0, -1, 0.5)
-
(0, (94,21), (48,4))
(1, (35,65), (7,49))
(2, (57,18), (57,60))
(3, (86,23), (30,47))
(4, (7,46), (18,12))
(5, (29,34), (96,74))
(6, (43,21), (85,98))
(7, (88,50), (14,71))
(8, (17,57), (67,23))
(9, (36,94), (21,12))
