100
(43, 2)
(44, 2)
(45, 2)
(43, 3)
(44, 3)
(45, 3)
(43, 4)
(44, 4)
(45, 4)
(43, 5)
(44, 5)
(45, 5)
(25, 7)
(26, 7)
(27, 7)
(28, 7)
(29, 7)
(25, 8)
(26, 8)
(27, 8)
(28, 8)
(29, 8)
(25, 9)
(26, 9)
(27, 9)
(28, 9)
(29, 9)
(26, 10)
(27, 10)
(28, 10)
(29, 10)
(26, 11)
(27, 11)
(28, 11)
(29, 11)
(26, 12)
(27, 12)
(28, 12)
(29, 12)
(62, 13)
(63, 13)
(64, 13)
(65, 13)
(66, 13)
(51, 14)
(52, 14)
(53, 14)
(62, 14)
(63, 14)
(64, 14)
(65, 14)
(66, 14)
(77, 14)
(78, 14)
(79, 14)
(80, 14)
(81, 14)
(41, 15)
(42, 15)
(43, 15)
(44, 15)
(51, 15)
(52, 15)
(53, 15)
(62, 15)
(63, 15)
(64, 15)
(65, 15)
(66, 15)
(77, 15)
(78, 15)
(79, 15)
(80, 15)
(81, 15)
(41, 16)
(42, 16)
(43, 16)
(44, 16)
(51, 16)
(52, 16)
(53, 16)
(62, 16)
(63, 16)
(64, 16)
(65, 16)
(66, 16)
(77, 16)
(78, 16)
(79, 16)
(80, 16)
(81, 16)
(41, 17)
(42, 17)
(43, 17)
(44, 17)
(62, 17)
(63, 17)
(64, 17)
(65, 17)
(66, 17)
(77, 17)
(78, 17)
(79, 17)
(80, 17)
(81, 17)
(41, 18)
(42, 18)
(43, 18)
(44, 18)
(77, 18)
(78, 18)
(79, 18)
(80, 18)
(81, 18)
(85, 19)
(86, 19)
(87, 19)
(85, 20)
(86, 20)
(87, 20)
(85, 21)
(86, 21)
(87, 21)
(85, 22)
(86, 22)
(87, 22)
(64, 25)
(65, 25)
(66, 25)
(67, 25)
(68, 25)
(80, 25)
(81, 25)
(82, 25)
(83, 25)
(91, 25)
(92, 25)
(93, 25)
(64, 26)
(65, 26)
(66, 26)
(67, 26)
(68, 26)
(80, 26)
(81, 26)
(82, 26)
(83, 26)
(91, 26)
(92, 26)
(93, 26)
(64, 27)
(65, 27)
(66, 27)
(67, 27)
(68, 27)
(80, 27)
(81, 27)
(82, 27)
(83, 27)
(91, 27)
(92, 27)
(93, 27)
(64, 28)
(65, 28)
(66, 28)
(67, 28)
(68, 28)
(80, 28)
(81, 28)
(82, 28)
(83, 28)
(91, 28)
(92, 28)
(93, 28)
(94, 28)
(95, 28)
(64, 29)
(65, 29)
(66, 29)
(67, 29)
(68, 29)
(91, 29)
(92, 29)
(93, 29)
(94, 29)
(95, 29)
(91, 30)
(92, 30)
(93, 30)
(94, 30)
(95, 30)
(91, 31)
(92, 31)
(93, 31)
(94, 31)
(95, 31)
(66, 32)
(67, 32)
(68, 32)
(69, 32)
(66, 33)
(67, 33)
(68, 33)
(69, 33)
(4, 34)
(5, 34)
(6, 34)
(7, 34)
(14, 34)
(15, 34)
(16, 34)
(66, 34)
(67, 34)
(68, 34)
(69, 34)
(4, 35)
(5, 35)
(6, 35)
(7, 35)
(14, 35)
(15, 35)
(16, 35)
(66, 35)
(67, 35)
(68, 35)
(69, 35)
(82, 35)
(83, 35)
(84, 35)
(85, 35)
(86, 35)
(4, 36)
(5, 36)
(6, 36)
(7, 36)
(14, 36)
(15, 36)
(16, 36)
(61, 36)
(62, 36)
(63, 36)
(64, 36)
(65, 36)
(82, 36)
(83, 36)
(84, 36)
(85, 36)
(86, 36)
(14, 37)
(15, 37)
(16, 37)
(61, 37)
(62, 37)
(63, 37)
(64, 37)
(65, 37)
(82, 37)
(83, 37)
(84, 37)
(85, 37)
(86, 37)
(61, 38)
(62, 38)
(63, 38)
(64, 38)
(65, 38)
(61, 39)
(62, 39)
(63, 39)
(64, 39)
(65, 39)
(96, 39)
(97, 39)
(98, 39)
(99, 39)
(61, 40)
(62, 40)
(63, 40)
(64, 40)
(65, 40)
(96, 40)
(97, 40)
(98, 40)
(99, 40)
(3, 41)
(4, 41)
(5, 41)
(40, 41)
(41, 41)
(42, 41)
(43, 41)
(96, 41)
(97, 41)
(98, 41)
(99, 41)
(3, 42)
(4, 42)
(5, 42)
(40, 42)
(41, 42)
(42, 42)
(43, 42)
(96, 42)
(97, 42)
(98, 42)
(99, 42)
(3, 43)
(4, 43)
(5, 43)
(40, 43)
(41, 43)
(42, 43)
(43, 43)
(68, 43)
(69, 43)
(70, 43)
(3, 44)
(4, 44)
(5, 44)
(40, 44)
(41, 44)
(42, 44)
(43, 44)
(68, 44)
(69, 44)
(70, 44)
(63, 45)
(64, 45)
(65, 45)
(66, 45)
(67, 45)
(68, 45)
(69, 45)
(70, 45)
(63, 46)
(64, 46)
(65, 46)
(66, 46)
(67, 46)
(68, 46)
(69, 46)
(70, 46)
(63, 47)
(64, 47)
(65, 47)
(66, 47)
(67, 47)
(53, 48)
(54, 48)
(55, 48)
(56, 48)
(63, 48)
(64, 48)
(65, 48)
(66, 48)
(67, 48)
(53, 49)
(54, 49)
(55, 49)
(56, 49)
(63, 49)
(64, 49)
(65, 49)
(66, 49)
(67, 49)
(53, 50)
(54, 50)
(55, 50)
(56, 50)
(13, 53)
(14, 53)
(15, 53)
(22, 53)
(23, 53)
(24, 53)
(25, 53)
(13, 54)
(14, 54)
(15, 54)
(22, 54)
(23, 54)
(24, 54)
(25, 54)
(68, 54)
(69, 54)
(70, 54)
(71, 54)
(72, 54)
(13, 55)
(14, 55)
(15, 55)
(22, 55)
(23, 55)
(24, 55)
(25, 55)
(68, 55)
(69, 55)
(70, 55)
(71, 55)
(72, 55)
(13, 56)
(14, 56)
(15, 56)
(68, 56)
(69, 56)
(70, 56)
(71, 56)
(72, 56)
(13, 57)
(14, 57)
(15, 57)
(68, 57)
(69, 57)
(70, 57)
(71, 57)
(72, 57)
(78, 58)
(79, 58)
(80, 58)
(78, 59)
(79, 59)
(80, 59)
(78, 60)
(79, 60)
(80, 60)
(5, 61)
(6, 61)
(7, 61)
(8, 61)
(9, 61)
(78, 61)
(79, 61)
(80, 61)
(5, 62)
(6, 62)
(7, 62)
(8, 62)
(9, 62)
(5, 63)
(6, 63)
(7, 63)
(8, 63)
(9, 63)
(20, 65)
(21, 65)
(22, 65)
(23, 65)
(24, 65)
(20, 66)
(21, 66)
(22, 66)
(23, 66)
(24, 66)
(20, 67)
(21, 67)
(22, 67)
(23, 67)
(24, 67)
(95, 67)
(96, 67)
(97, 67)
(20, 68)
(21, 68)
(22, 68)
(23, 68)
(24, 68)
(42, 68)
(43, 68)
(44, 68)
(45, 68)
(46, 68)
(89, 68)
(90, 68)
(91, 68)
(92, 68)
(93, 68)
(95, 68)
(96, 68)
(97, 68)
(42, 69)
(43, 69)
(44, 69)
(45, 69)
(46, 69)
(89, 69)
(90, 69)
(91, 69)
(92, 69)
(93, 69)
(95, 69)
(96, 69)
(97, 69)
(14, 70)
(15, 70)
(16, 70)
(17, 70)
(42, 70)
(43, 70)
(44, 70)
(45, 70)
(46, 70)
(89, 70)
(90, 70)
(91, 70)
(92, 70)
(93, 70)
(14, 71)
(15, 71)
(16, 71)
(17, 71)
(31, 71)
(32, 71)
(33, 71)
(34, 71)
(42, 71)
(43, 71)
(44, 71)
(45, 71)
(46, 71)
(14, 72)
(15, 72)
(16, 72)
(17, 72)
(31, 72)
(32, 72)
(33, 72)
(34, 72)
(31, 73)
(32, 73)
(33, 73)
(34, 73)
(39, 73)
(40, 73)
(41, 73)
(42, 73)
(39, 74)
(40, 74)
(41, 74)
(42, 74)
(78, 74)
(79, 74)
(80, 74)
(81, 74)
(7, 75)
(8, 75)
(9, 75)
(39, 75)
(40, 75)
(41, 75)
(42, 75)
(78, 75)
(79, 75)
(80, 75)
(81, 75)
(7, 76)
(8, 76)
(9, 76)
(78, 76)
(79, 76)
(80, 76)
(81, 76)
(7, 77)
(8, 77)
(9, 77)
(78, 77)
(79, 77)
(80, 77)
(81, 77)
(82, 77)
(83, 77)
(84, 77)
(85, 77)
(78, 78)
(79, 78)
(80, 78)
(81, 78)
(82, 78)
(83, 78)
(84, 78)
(85, 78)
(94, 78)
(95, 78)
(96, 78)
(97, 78)
(82, 79)
(83, 79)
(84, 79)
(85, 79)
(94, 79)
(95, 79)
(96, 79)
(97, 79)
(4, 80)
(5, 80)
(6, 80)
(7, 80)
(8, 80)
(9, 80)
(10, 80)
(11, 80)
(12, 80)
(13, 80)
(82, 80)
(83, 80)
(84, 80)
(85, 80)
(94, 80)
(95, 80)
(96, 80)
(97, 80)
(4, 81)
(5, 81)
(6, 81)
(7, 81)
(8, 81)
(9, 81)
(10, 81)
(11, 81)
(12, 81)
(13, 81)
(69, 81)
(70, 81)
(71, 81)
(72, 81)
(73, 81)
(94, 81)
(95, 81)
(96, 81)
(97, 81)
(4, 82)
(5, 82)
(6, 82)
(7, 82)
(8, 82)
(9, 82)
(10, 82)
(11, 82)
(12, 82)
(13, 82)
(69, 82)
(70, 82)
(71, 82)
(72, 82)
(73, 82)
(4, 83)
(5, 83)
(6, 83)
(7, 83)
(8, 83)
(69, 83)
(70, 83)
(71, 83)
(72, 83)
(73, 83)
(69, 84)
(70, 84)
(71, 84)
(72, 84)
(73, 84)
(69, 85)
(70, 85)
(71, 85)
(72, 85)
(73, 85)
(37, 86)
(38, 86)
(39, 86)
(40, 86)
(41, 86)
(37, 87)
(38, 87)
(39, 87)
(40, 87)
(41, 87)
(96, 87)
(97, 87)
(98, 87)
(37, 88)
(38, 88)
(39, 88)
(40, 88)
(41, 88)
(53, 88)
(54, 88)
(55, 88)
(96, 88)
(97, 88)
(98, 88)
(9, 89)
(10, 89)
(11, 89)
(12, 89)
(13, 89)
(37, 89)
(38, 89)
(39, 89)
(40, 89)
(41, 89)
(53, 89)
(54, 89)
(55, 89)
(96, 89)
(97, 89)
(98, 89)
(9, 90)
(10, 90)
(11, 90)
(12, 90)
(13, 90)
(53, 90)
(54, 90)
(55, 90)
(96, 90)
(97, 90)
(98, 90)
(9, 91)
(10, 91)
(11, 91)
(12, 91)
(13, 91)
(53, 91)
(54, 91)
(55, 91)
(96, 91)
(97, 91)
(98, 91)
(9, 92)
(10, 92)
(11, 92)
(12, 92)
(13, 92)
(53, 92)
(54, 92)
(55, 92)
(81, 92)
(82, 92)
(83, 92)
(84, 92)
(85, 92)
(81, 93)
(82, 93)
(83, 93)
(84, 93)
(85, 93)
(72, 94)
(73, 94)
(74, 94)
(75, 94)
(81, 94)
(82, 94)
(83, 94)
(84, 94)
(85, 94)
(72, 95)
(73, 95)
(74, 95)
(75, 95)
(81, 95)
(82, 95)
(83, 95)
(84, 95)
(85, 95)
(72, 96)
(73, 96)
(74, 96)
(75, 96)
(81, 96)
(82, 96)
(83, 96)
(84, 96)
(85, 96)
(31, 97)
(32, 97)
(33, 97)
(34, 97)
(61, 97)
(62, 97)
(63, 97)
(72, 97)
(73, 97)
(74, 97)
(75, 97)
(31, 98)
(32, 98)
(33, 98)
(34, 98)
(61, 98)
(62, 98)
(63, 98)
(31, 99)
(32, 99)
(33, 99)
(34, 99)
(61, 99)
(62, 99)
(63, 99)
-
(0, 2, 1.0, -1, 0.5)
(1, 4, 1.0, -1, 0.5)
(2, 1, 1.0, -1, 0.5)
(3, 3, 1.0, -1, 0.5)
(4, 2, 1.0, -1, 0.5)
(5, 5, 1.0, -1, 0.5)
(6, 5, 1.0, -1, 0.5)
(7, 4, 1.0, -1, 0.5)
(8, 1, 1.0, -1, 0.5)
(9, 3, 1.0, -1, 0.5)
-
(0, (20,24), (95,9))
(1, (45,35), (91,2))
(2, (69,95), (97,46))
(3, (45,41), (15,7))
(4, (95,7), (62,53))
(5, (19,4), (45,29))
(6, (71,61), (56,9))
(7, (60,30), (80,53))
(8, (91,72), (44,85))
(9, (49,76), (27,4))
