100
(20, 1)
(21, 1)
(22, 1)
(23, 1)
(24, 1)
(33, 1)
(34, 1)
(35, 1)
(36, 1)
(37, 1)
(20, 2)
(21, 2)
(22, 2)
(23, 2)
(24, 2)
(33, 2)
(34, 2)
(35, 2)
(36, 2)
(37, 2)
(20, 3)
(21, 3)
(22, 3)
(23, 3)
(24, 3)
(33, 3)
(34, 3)
(35, 3)
(36, 3)
(37, 3)
(20, 4)
(21, 4)
(22, 4)
(23, 4)
(24, 4)
(33, 4)
(34, 4)
(35, 4)
(36, 4)
(37, 4)
(33, 5)
(34, 5)
(35, 5)
(36, 5)
(37, 5)
(81, 6)
(82, 6)
(83, 6)
(84, 6)
(85, 6)
(81, 7)
(82, 7)
(83, 7)
(84, 7)
(85, 7)
(94, 7)
(95, 7)
(96, 7)
(81, 8)
(82, 8)
(83, 8)
(84, 8)
(85, 8)
(94, 8)
(95, 8)
(96, 8)
(81, 9)
(82, 9)
(83, 9)
(84, 9)
(85, 9)
(94, 9)
(95, 9)
(96, 9)
(45, 10)
(46, 10)
(47, 10)
(48, 10)
(81, 10)
(82, 10)
(83, 10)
(84, 10)
(85, 10)
(94, 10)
(95, 10)
(96, 10)
(45, 11)
(46, 11)
(47, 11)
(48, 11)
(94, 11)
(95, 11)
(96, 11)
(45, 12)
(46, 12)
(47, 12)
(48, 12)
(66, 18)
(67, 18)
(68, 18)
(69, 18)
(70, 18)
(66, 19)
(67, 19)
(68, 19)
(69, 19)
(70, 19)
(40, 20)
(41, 20)
(42, 20)
(66, 20)
(67, 20)
(68, 20)
(69, 20)
(70, 20)
(40, 21)
(41, 21)
(42, 21)
(66, 21)
(67, 21)
(68, 21)
(69, 21)
(70, 21)
(40, 22)
(41, 22)
(42, 22)
(40, 23)
(41, 23)
(42, 23)
(26, 24)
(27, 24)
(28, 24)
(40, 24)
(41, 24)
(42, 24)
(26, 25)
(27, 25)
(28, 25)
(79, 25)
(80, 25)
(81, 25)
(26, 26)
(27, 26)
(28, 26)
(79, 26)
(80, 26)
(81, 26)
(79, 27)
(80, 27)
(81, 27)
(55, 28)
(56, 28)
(57, 28)
(55, 29)
(56, 29)
(57, 29)
(78, 29)
(79, 29)
(80, 29)
(55, 30)
(56, 30)
(57, 30)
(78, 30)
(79, 30)
(80, 30)
(43, 31)
(44, 31)
(45, 31)
(46, 31)
(55, 31)
(56, 31)
(57, 31)
(78, 31)
(79, 31)
(80, 31)
(84, 31)
(85, 31)
(86, 31)
(43, 32)
(44, 32)
(45, 32)
(46, 32)
(55, 32)
(56, 32)
(57, 32)
(78, 32)
(79, 32)
(80, 32)
(84, 32)
(85, 32)
(86, 32)
(0, 33)
(1, 33)
(2, 33)
(43, 33)
(44, 33)
(45, 33)
(46, 33)
(84, 33)
(85, 33)
(86, 33)
(0, 34)
(1, 34)
(2, 34)
(43, 34)
(44, 34)
(45, 34)
(46, 34)
(67, 34)
(68, 34)
(69, 34)
(70, 34)
(84, 34)
(85, 34)
(86, 34)
(0, 35)
(1, 35)
(2, 35)
(67, 35)
(68, 35)
(69, 35)
(70, 35)
(84, 35)
(85, 35)
(86, 35)
(0, 36)
(1, 36)
(2, 36)
(67, 36)
(68, 36)
(69, 36)
(70, 36)
(0, 37)
(1, 37)
(2, 37)
(38, 39)
(39, 39)
(40, 39)
(41, 39)
(42, 39)
(38, 40)
(39, 40)
(40, 40)
(41, 40)
(42, 40)
(24, 41)
(25, 41)
(26, 41)
(27, 41)
(38, 41)
(39, 41)
(40, 41)
(41, 41)
(42, 41)
(24, 42)
(25, 42)
(26, 42)
(27, 42)
(38, 42)
(39, 42)
(40, 42)
(41, 42)
(42, 42)
(24, 43)
(25, 43)
(26, 43)
(27, 43)
(6, 57)
(7, 57)
(8, 57)
(6, 58)
(7, 58)
(8, 58)
(6, 59)
(7, 59)
(8, 59)
(6, 60)
(7, 60)
(8, 60)
(18, 60)
(19, 60)
(20, 60)
(21, 60)
(22, 60)
(6, 61)
(7, 61)
(8, 61)
(18, 61)
(19, 61)
(20, 61)
(21, 61)
(22, 61)
(18, 62)
(19, 62)
(20, 62)
(21, 62)
(22, 62)
(90, 62)
(91, 62)
(92, 62)
(90, 63)
(91, 63)
(92, 63)
(90, 64)
(91, 64)
(92, 64)
(39, 67)
(40, 67)
(41, 67)
(42, 67)
(39, 68)
(40, 68)
(41, 68)
(42, 68)
(39, 69)
(40, 69)
(41, 69)
(42, 69)
(39, 70)
(40, 70)
(41, 70)
(42, 70)
(23, 71)
(24, 71)
(25, 71)
(26, 71)
(39, 71)
(40, 71)
(41, 71)
(42, 71)
(23, 72)
(24, 72)
(25, 72)
(26, 72)
(23, 73)
(24, 73)
(25, 73)
(26, 73)
(23, 74)
(24, 74)
(25, 74)
(26, 74)
(23, 75)
(24, 75)
(25, 75)
(26, 75)
(93, 78)
(94, 78)
(95, 78)
(96, 78)
(46, 79)
(47, 79)
(48, 79)
(49, 79)
(50, 79)
(93, 79)
(94, 79)
(95, 79)
(96, 79)
(7, 80)
(8, 80)
(9, 80)
(10, 80)
(46, 80)
(47, 80)
(48, 80)
(49, 80)
(50, 80)
(93, 80)
(94, 80)
(95, 80)
(96, 80)
(7, 81)
(8, 81)
(9, 81)
(10, 81)
(46, 81)
(47, 81)
(48, 81)
(49, 81)
(50, 81)
(62, 81)
(63, 81)
(64, 81)
(7, 82)
(8, 82)
(9, 82)
(10, 82)
(62, 82)
(63, 82)
(64, 82)
(62, 83)
(63, 83)
(64, 83)
(41, 84)
(42, 84)
(43, 84)
(44, 84)
(41, 85)
(42, 85)
(43, 85)
(44, 85)
(11, 86)
(12, 86)
(13, 86)
(17, 86)
(18, 86)
(19, 86)
(20, 86)
(41, 86)
(42, 86)
(43, 86)
(44, 86)
(11, 87)
(12, 87)
(13, 87)
(17, 87)
(18, 87)
(19, 87)
(20, 87)
(93, 87)
(94, 87)
(95, 87)
(96, 87)
(11, 88)
(12, 88)
(13, 88)
(17, 88)
(18, 88)
(19, 88)
(20, 88)
(43, 88)
(44, 88)
(45, 88)
(46, 88)
(47, 88)
(93, 88)
(94, 88)
(95, 88)
(96, 88)
(17, 89)
(18, 89)
(19, 89)
(20, 89)
(29, 89)
(30, 89)
(31, 89)
(43, 89)
(44, 89)
(45, 89)
(46, 89)
(47, 89)
(76, 89)
(77, 89)
(78, 89)
(79, 89)
(81, 89)
(82, 89)
(83, 89)
(84, 89)
(85, 89)
(93, 89)
(94, 89)
(95, 89)
(96, 89)
(29, 90)
(30, 90)
(31, 90)
(43, 90)
(44, 90)
(45, 90)
(46, 90)
(47, 90)
(76, 90)
(77, 90)
(78, 90)
(79, 90)
(81, 90)
(82, 90)
(83, 90)
(84, 90)
(85, 90)
(29, 91)
(30, 91)
(31, 91)
(43, 91)
(44, 91)
(45, 91)
(46, 91)
(47, 91)
(76, 91)
(77, 91)
(78, 91)
(79, 91)
(81, 91)
(82, 91)
(83, 91)
(84, 91)
(85, 91)
(29, 92)
(30, 92)
(31, 92)
(43, 92)
(44, 92)
(45, 92)
(46, 92)
(47, 92)
(76, 92)
(77, 92)
(78, 92)
(79, 92)
(81, 92)
(82, 92)
(83, 92)
(84, 92)
(85, 92)
(29, 93)
(30, 93)
(31, 93)
(76, 93)
(77, 93)
(78, 93)
(79, 93)
(68, 94)
(69, 94)
(70, 94)
(68, 95)
(69, 95)
(70, 95)
(68, 96)
(69, 96)
(70, 96)
(68, 97)
(69, 97)
(70, 97)
-
(0, 2, 1.0, -1, 0.5)
(1, 1, 1.0, -1, 0.5)
(2, 5, 1.0, -1, 0.5)
(3, 2, 1.0, -1, 0.5)
(4, 1, 1.0, -1, 0.5)
(5, 4, 1.0, -1, 0.5)
(6, 4, 1.0, -1, 0.5)
(7, 3, 1.0, -1, 0.5)
(8, 5, 1.0, -1, 0.5)
(9, 3, 1.0, -1, 0.5)
-
(0, (8,36), (67,77))
(1, (46,53), (88,66))
(2, (48,13), (82,58))
(3, (63,85), (65,13))
(4, (13,51), (21,87))
(5, (27,94), (93,82))
(6, (9,3), (18,74))
(7, (36,33), (33,96))
(8, (12,19), (24,84))
(9, (28,60), (75,9))
