100
(51, 0)
(52, 0)
(53, 0)
(54, 0)
(61, 0)
(62, 0)
(63, 0)
(64, 0)
(82, 0)
(83, 0)
(84, 0)
(85, 0)
(86, 0)
(51, 1)
(52, 1)
(53, 1)
(54, 1)
(61, 1)
(62, 1)
(63, 1)
(64, 1)
(68, 1)
(69, 1)
(70, 1)
(82, 1)
(83, 1)
(84, 1)
(85, 1)
(86, 1)
(2, 2)
(3, 2)
(4, 2)
(5, 2)
(51, 2)
(52, 2)
(53, 2)
(54, 2)
(55, 2)
(56, 2)
(57, 2)
(58, 2)
(59, 2)
(61, 2)
(62, 2)
(63, 2)
(64, 2)
(68, 2)
(69, 2)
(70, 2)
(82, 2)
(83, 2)
(84, 2)
(85, 2)
(86, 2)
(2, 3)
(3, 3)
(4, 3)
(5, 3)
(20, 3)
(21, 3)
(22, 3)
(23, 3)
(24, 3)
(51, 3)
(52, 3)
(53, 3)
(54, 3)
(55, 3)
(56, 3)
(57, 3)
(58, 3)
(59, 3)
(61, 3)
(62, 3)
(63, 3)
(64, 3)
(68, 3)
(69, 3)
(70, 3)
(82, 3)
(83, 3)
(84, 3)
(85, 3)
(86, 3)
(2, 4)
(3, 4)
(4, 4)
(5, 4)
(20, 4)
(21, 4)
(22, 4)
(23, 4)
(24, 4)
(33, 4)
(34, 4)
(35, 4)
(36, 4)
(37, 4)
(51, 4)
(52, 4)
(53, 4)
(54, 4)
(55, 4)
(56, 4)
(57, 4)
(58, 4)
(59, 4)
(61, 4)
(62, 4)
(63, 4)
(64, 4)
(68, 4)
(69, 4)
(70, 4)
(2, 5)
(3, 5)
(4, 5)
(5, 5)
(20, 5)
(21, 5)
(22, 5)
(23, 5)
(24, 5)
(33, 5)
(34, 5)
(35, 5)
(36, 5)
(37, 5)
(38, 5)
(39, 5)
(40, 5)
(55, 5)
(56, 5)
(57, 5)
(58, 5)
(59, 5)
(68, 5)
(69, 5)
(70, 5)
(92, 5)
(93, 5)
(94, 5)
(95, 5)
(2, 6)
(3, 6)
(4, 6)
(5, 6)
(12, 6)
(13, 6)
(14, 6)
(15, 6)
(16, 6)
(20, 6)
(21, 6)
(22, 6)
(23, 6)
(24, 6)
(33, 6)
(34, 6)
(35, 6)
(36, 6)
(37, 6)
(38, 6)
(39, 6)
(40, 6)
(84, 6)
(85, 6)
(86, 6)
(87, 6)
(92, 6)
(93, 6)
(94, 6)
(95, 6)
(12, 7)
(13, 7)
(14, 7)
(15, 7)
(16, 7)
(20, 7)
(21, 7)
(22, 7)
(23, 7)
(24, 7)
(33, 7)
(34, 7)
(35, 7)
(36, 7)
(37, 7)
(38, 7)
(39, 7)
(40, 7)
(67, 7)
(68, 7)
(69, 7)
(70, 7)
(84, 7)
(85, 7)
(86, 7)
(87, 7)
(92, 7)
(93, 7)
(94, 7)
(95, 7)
(12, 8)
(13, 8)
(14, 8)
(15, 8)
(16, 8)
(20, 8)
(21, 8)
(22, 8)
(23, 8)
(24, 8)
(38, 8)
(39, 8)
(40, 8)
(67, 8)
(68, 8)
(69, 8)
(70, 8)
(84, 8)
(85, 8)
(86, 8)
(87, 8)
(92, 8)
(93, 8)
(94, 8)
(95, 8)
(5, 9)
(6, 9)
(7, 9)
(8, 9)
(12, 9)
(13, 9)
(14, 9)
(15, 9)
(16, 9)
(20, 9)
(21, 9)
(22, 9)
(23, 9)
(24, 9)
(67, 9)
(68, 9)
(69, 9)
(70, 9)
(84, 9)
(85, 9)
(86, 9)
(87, 9)
(5, 10)
(6, 10)
(7, 10)
(8, 10)
(20, 10)
(21, 10)
(22, 10)
(23, 10)
(24, 10)
(42, 10)
(43, 10)
(44, 10)
(45, 10)
(46, 10)
(84, 10)
(85, 10)
(86, 10)
(87, 10)
(5, 11)
(6, 11)
(7, 11)
(8, 11)
(42, 11)
(43, 11)
(44, 11)
(45, 11)
(46, 11)
(5, 12)
(6, 12)
(7, 12)
(8, 12)
(42, 12)
(43, 12)
(44, 12)
(45, 12)
(46, 12)
(62, 12)
(63, 12)
(64, 12)
(88, 12)
(89, 12)
(90, 12)
(91, 12)
(92, 12)
(5, 13)
(6, 13)
(7, 13)
(8, 13)
(49, 13)
(50, 13)
(51, 13)
(52, 13)
(62, 13)
(63, 13)
(64, 13)
(88, 13)
(89, 13)
(90, 13)
(91, 13)
(92, 13)
(37, 14)
(38, 14)
(39, 14)
(40, 14)
(49, 14)
(50, 14)
(51, 14)
(52, 14)
(62, 14)
(63, 14)
(64, 14)
(72, 14)
(73, 14)
(74, 14)
(75, 14)
(88, 14)
(89, 14)
(90, 14)
(91, 14)
(92, 14)
(37, 15)
(38, 15)
(39, 15)
(40, 15)
(49, 15)
(50, 15)
(51, 15)
(52, 15)
(62, 15)
(63, 15)
(64, 15)
(72, 15)
(73, 15)
(74, 15)
(75, 15)
(88, 15)
(89, 15)
(90, 15)
(91, 15)
(92, 15)
(37, 16)
(38, 16)
(39, 16)
(40, 16)
(49, 16)
(50, 16)
(51, 16)
(52, 16)
(62, 16)
(63, 16)
(64, 16)
(72, 16)
(73, 16)
(74, 16)
(75, 16)
(88, 16)
(89, 16)
(90, 16)
(91, 16)
(92, 16)
(37, 17)
(38, 17)
(39, 17)
(40, 17)
(92, 17)
(93, 17)
(94, 17)
(95, 17)
(92, 18)
(93, 18)
(94, 18)
(95, 18)
(25, 19)
(26, 19)
(27, 19)
(28, 19)
(92, 19)
(93, 19)
(94, 19)
(95, 19)
(25, 20)
(26, 20)
(27, 20)
(28, 20)
(92, 20)
(93, 20)
(94, 20)
(95, 20)
(25, 21)
(26, 21)
(27, 21)
(28, 21)
(32, 21)
(33, 21)
(34, 21)
(35, 21)
(36, 21)
(92, 21)
(93, 21)
(94, 21)
(95, 21)
(25, 22)
(26, 22)
(27, 22)
(28, 22)
(32, 22)
(33, 22)
(34, 22)
(35, 22)
(36, 22)
(77, 22)
(78, 22)
(79, 22)
(80, 22)
(32, 23)
(33, 23)
(34, 23)
(35, 23)
(36, 23)
(39, 23)
(40, 23)
(41, 23)
(42, 23)
(43, 23)
(77, 23)
(78, 23)
(79, 23)
(80, 23)
(87, 23)
(88, 23)
(89, 23)
(39, 24)
(40, 24)
(41, 24)
(42, 24)
(43, 24)
(77, 24)
(78, 24)
(79, 24)
(80, 24)
(81, 24)
(82, 24)
(83, 24)
(84, 24)
(85, 24)
(87, 24)
(88, 24)
(89, 24)
(39, 25)
(40, 25)
(41, 25)
(42, 25)
(43, 25)
(77, 25)
(78, 25)
(79, 25)
(80, 25)
(81, 25)
(82, 25)
(83, 25)
(84, 25)
(85, 25)
(87, 25)
(88, 25)
(89, 25)
(32, 26)
(33, 26)
(34, 26)
(39, 26)
(40, 26)
(41, 26)
(42, 26)
(43, 26)
(77, 26)
(78, 26)
(79, 26)
(80, 26)
(81, 26)
(82, 26)
(83, 26)
(84, 26)
(85, 26)
(87, 26)
(88, 26)
(89, 26)
(32, 27)
(33, 27)
(34, 27)
(64, 27)
(65, 27)
(66, 27)
(67, 27)
(87, 27)
(88, 27)
(89, 27)
(32, 28)
(33, 28)
(34, 28)
(64, 28)
(65, 28)
(66, 28)
(67, 28)
(64, 29)
(65, 29)
(66, 29)
(67, 29)
(59, 31)
(60, 31)
(61, 31)
(62, 31)
(59, 32)
(60, 32)
(61, 32)
(62, 32)
(77, 32)
(78, 32)
(79, 32)
(80, 32)
(81, 32)
(41, 33)
(42, 33)
(43, 33)
(44, 33)
(45, 33)
(59, 33)
(60, 33)
(61, 33)
(62, 33)
(77, 33)
(78, 33)
(79, 33)
(80, 33)
(81, 33)
(15, 34)
(16, 34)
(17, 34)
(19, 34)
(20, 34)
(21, 34)
(22, 34)
(41, 34)
(42, 34)
(43, 34)
(44, 34)
(45, 34)
(59, 34)
(60, 34)
(61, 34)
(62, 34)
(77, 34)
(78, 34)
(79, 34)
(80, 34)
(81, 34)
(15, 35)
(16, 35)
(17, 35)
(19, 35)
(20, 35)
(21, 35)
(22, 35)
(41, 35)
(42, 35)
(43, 35)
(44, 35)
(45, 35)
(77, 35)
(78, 35)
(79, 35)
(80, 35)
(81, 35)
(15, 36)
(16, 36)
(17, 36)
(19, 36)
(20, 36)
(21, 36)
(22, 36)
(34, 36)
(35, 36)
(36, 36)
(37, 36)
(41, 36)
(42, 36)
(43, 36)
(44, 36)
(45, 36)
(50, 36)
(51, 36)
(52, 36)
(53, 36)
(54, 36)
(77, 36)
(78, 36)
(79, 36)
(80, 36)
(81, 36)
(3, 37)
(4, 37)
(5, 37)
(6, 37)
(7, 37)
(15, 37)
(16, 37)
(17, 37)
(19, 37)
(20, 37)
(21, 37)
(22, 37)
(34, 37)
(35, 37)
(36, 37)
(37, 37)
(41, 37)
(42, 37)
(43, 37)
(44, 37)
(45, 37)
(50, 37)
(51, 37)
(52, 37)
(53, 37)
(54, 37)
(77, 37)
(78, 37)
(79, 37)
(3, 38)
(4, 38)
(5, 38)
(6, 38)
(7, 38)
(34, 38)
(35, 38)
(36, 38)
(37, 38)
(45, 38)
(46, 38)
(47, 38)
(48, 38)
(50, 38)
(51, 38)
(52, 38)
(53, 38)
(54, 38)
(77, 38)
(78, 38)
(79, 38)
(82, 38)
(83, 38)
(84, 38)
(85, 38)
(86, 38)
(88, 38)
(89, 38)
(90, 38)
(91, 38)
(93, 38)
(94, 38)
(95, 38)
(96, 38)
(97, 38)
(3, 39)
(4, 39)
(5, 39)
(6, 39)
(7, 39)
(45, 39)
(46, 39)
(47, 39)
(48, 39)
(50, 39)
(51, 39)
(52, 39)
(53, 39)
(54, 39)
(57, 39)
(58, 39)
(59, 39)
(60, 39)
(77, 39)
(78, 39)
(79, 39)
(82, 39)
(83, 39)
(84, 39)
(85, 39)
(86, 39)
(88, 39)
(89, 39)
(90, 39)
(91, 39)
(93, 39)
(94, 39)
(95, 39)
(96, 39)
(97, 39)
(45, 40)
(46, 40)
(47, 40)
(48, 40)
(50, 40)
(51, 40)
(52, 40)
(53, 40)
(54, 40)
(57, 40)
(58, 40)
(59, 40)
(60, 40)
(82, 40)
(83, 40)
(84, 40)
(85, 40)
(86, 40)
(88, 40)
(89, 40)
(90, 40)
(91, 40)
(93, 40)
(94, 40)
(95, 40)
(96, 40)
(97, 40)
(18, 41)
(19, 41)
(20, 41)
(21, 41)
(45, 41)
(46, 41)
(47, 41)
(48, 41)
(57, 41)
(58, 41)
(59, 41)
(60, 41)
(82, 41)
(83, 41)
(84, 41)
(85, 41)
(86, 41)
(88, 41)
(89, 41)
(90, 41)
(91, 41)
(93, 41)
(94, 41)
(95, 41)
(96, 41)
(97, 41)
(18, 42)
(19, 42)
(20, 42)
(21, 42)
(45, 42)
(46, 42)
(47, 42)
(48, 42)
(88, 42)
(89, 42)
(90, 42)
(91, 42)
(18, 43)
(19, 43)
(20, 43)
(21, 43)
(59, 45)
(60, 45)
(61, 45)
(59, 46)
(60, 46)
(61, 46)
(96, 46)
(97, 46)
(98, 46)
(99, 46)
(59, 47)
(60, 47)
(61, 47)
(75, 47)
(76, 47)
(77, 47)
(96, 47)
(97, 47)
(98, 47)
(99, 47)
(59, 48)
(60, 48)
(61, 48)
(75, 48)
(76, 48)
(77, 48)
(96, 48)
(97, 48)
(98, 48)
(99, 48)
(62, 49)
(63, 49)
(64, 49)
(65, 49)
(66, 49)
(75, 49)
(76, 49)
(77, 49)
(96, 49)
(97, 49)
(98, 49)
(99, 49)
(62, 50)
(63, 50)
(64, 50)
(65, 50)
(66, 50)
(75, 50)
(76, 50)
(77, 50)
(62, 51)
(63, 51)
(64, 51)
(65, 51)
(66, 51)
(75, 51)
(76, 51)
(77, 51)
(62, 52)
(63, 52)
(64, 52)
(65, 52)
(66, 52)
(70, 52)
(71, 52)
(72, 52)
(73, 52)
(47, 53)
(48, 53)
(49, 53)
(50, 53)
(70, 53)
(71, 53)
(72, 53)
(73, 53)
(47, 54)
(48, 54)
(49, 54)
(50, 54)
(60, 54)
(61, 54)
(62, 54)
(63, 54)
(64, 54)
(70, 54)
(71, 54)
(72, 54)
(73, 54)
(47, 55)
(48, 55)
(49, 55)
(50, 55)
(60, 55)
(61, 55)
(62, 55)
(63, 55)
(64, 55)
(23, 56)
(24, 56)
(25, 56)
(47, 56)
(48, 56)
(49, 56)
(50, 56)
(60, 56)
(61, 56)
(62, 56)
(63, 56)
(64, 56)
(94, 56)
(95, 56)
(96, 56)
(97, 56)
(98, 56)
(23, 57)
(24, 57)
(25, 57)
(60, 57)
(61, 57)
(62, 57)
(63, 57)
(64, 57)
(94, 57)
(95, 57)
(96, 57)
(97, 57)
(98, 57)
(6, 58)
(7, 58)
(8, 58)
(9, 58)
(23, 58)
(24, 58)
(25, 58)
(94, 58)
(95, 58)
(96, 58)
(97, 58)
(98, 58)
(6, 59)
(7, 59)
(8, 59)
(9, 59)
(20, 59)
(21, 59)
(22, 59)
(23, 59)
(24, 59)
(25, 59)
(94, 59)
(95, 59)
(96, 59)
(97, 59)
(98, 59)
(6, 60)
(7, 60)
(8, 60)
(9, 60)
(20, 60)
(21, 60)
(22, 60)
(33, 60)
(34, 60)
(35, 60)
(94, 60)
(95, 60)
(96, 60)
(97, 60)
(98, 60)
(20, 61)
(21, 61)
(22, 61)
(24, 61)
(25, 61)
(26, 61)
(27, 61)
(33, 61)
(34, 61)
(35, 61)
(89, 61)
(90, 61)
(91, 61)
(20, 62)
(21, 62)
(22, 62)
(24, 62)
(25, 62)
(26, 62)
(27, 62)
(33, 62)
(34, 62)
(35, 62)
(78, 62)
(79, 62)
(80, 62)
(89, 62)
(90, 62)
(91, 62)
(9, 63)
(10, 63)
(11, 63)
(12, 63)
(13, 63)
(24, 63)
(25, 63)
(26, 63)
(27, 63)
(33, 63)
(34, 63)
(35, 63)
(63, 63)
(64, 63)
(65, 63)
(66, 63)
(67, 63)
(78, 63)
(79, 63)
(80, 63)
(89, 63)
(90, 63)
(91, 63)
(9, 64)
(10, 64)
(11, 64)
(12, 64)
(13, 64)
(24, 64)
(25, 64)
(26, 64)
(27, 64)
(63, 64)
(64, 64)
(65, 64)
(66, 64)
(67, 64)
(78, 64)
(79, 64)
(80, 64)
(89, 64)
(90, 64)
(91, 64)
(9, 65)
(10, 65)
(11, 65)
(12, 65)
(13, 65)
(63, 65)
(64, 65)
(65, 65)
(66, 65)
(67, 65)
(73, 65)
(74, 65)
(75, 65)
(76, 65)
(9, 66)
(10, 66)
(11, 66)
(12, 66)
(13, 66)
(63, 66)
(64, 66)
(65, 66)
(66, 66)
(67, 66)
(73, 66)
(74, 66)
(75, 66)
(76, 66)
(86, 66)
(87, 66)
(88, 66)
(89, 66)
(63, 67)
(64, 67)
(65, 67)
(66, 67)
(67, 67)
(73, 67)
(74, 67)
(75, 67)
(76, 67)
(86, 67)
(87, 67)
(88, 67)
(89, 67)
(53, 68)
(54, 68)
(55, 68)
(56, 68)
(86, 68)
(87, 68)
(88, 68)
(89, 68)
(53, 69)
(54, 69)
(55, 69)
(56, 69)
(24, 70)
(25, 70)
(26, 70)
(27, 70)
(28, 70)
(53, 70)
(54, 70)
(55, 70)
(56, 70)
(57, 70)
(58, 70)
(59, 70)
(24, 71)
(25, 71)
(26, 71)
(27, 71)
(28, 71)
(57, 71)
(58, 71)
(59, 71)
(24, 72)
(25, 72)
(26, 72)
(27, 72)
(28, 72)
(32, 72)
(33, 72)
(34, 72)
(35, 72)
(57, 72)
(58, 72)
(59, 72)
(32, 73)
(33, 73)
(34, 73)
(35, 73)
(57, 73)
(58, 73)
(59, 73)
(86, 73)
(87, 73)
(88, 73)
(18, 74)
(19, 74)
(20, 74)
(21, 74)
(22, 74)
(32, 74)
(33, 74)
(34, 74)
(35, 74)
(50, 74)
(51, 74)
(52, 74)
(57, 74)
(58, 74)
(59, 74)
(86, 74)
(87, 74)
(88, 74)
(18, 75)
(19, 75)
(20, 75)
(21, 75)
(22, 75)
(32, 75)
(33, 75)
(34, 75)
(35, 75)
(50, 75)
(51, 75)
(52, 75)
(86, 75)
(87, 75)
(88, 75)
(14, 76)
(15, 76)
(16, 76)
(18, 76)
(19, 76)
(20, 76)
(21, 76)
(22, 76)
(32, 76)
(33, 76)
(34, 76)
(35, 76)
(50, 76)
(51, 76)
(52, 76)
(14, 77)
(15, 77)
(16, 77)
(42, 77)
(43, 77)
(44, 77)
(45, 77)
(46, 77)
(50, 77)
(51, 77)
(52, 77)
(14, 78)
(15, 78)
(16, 78)
(42, 78)
(43, 78)
(44, 78)
(45, 78)
(46, 78)
(4, 79)
(5, 79)
(6, 79)
(7, 79)
(42, 79)
(43, 79)
(44, 79)
(45, 79)
(46, 79)
(4, 80)
(5, 80)
(6, 80)
(7, 80)
(42, 80)
(43, 80)
(44, 80)
(45, 80)
(46, 80)
(52, 80)
(53, 80)
(54, 80)
(74, 80)
(75, 80)
(76, 80)
(77, 80)
(4, 81)
(5, 81)
(6, 81)
(7, 81)
(13, 81)
(14, 81)
(15, 81)
(16, 81)
(42, 81)
(43, 81)
(44, 81)
(45, 81)
(46, 81)
(52, 81)
(53, 81)
(54, 81)
(74, 81)
(75, 81)
(76, 81)
(77, 81)
(92, 81)
(93, 81)
(94, 81)
(95, 81)
(4, 82)
(5, 82)
(6, 82)
(7, 82)
(13, 82)
(14, 82)
(15, 82)
(16, 82)
(52, 82)
(53, 82)
(54, 82)
(74, 82)
(75, 82)
(76, 82)
(77, 82)
(92, 82)
(93, 82)
(94, 82)
(95, 82)
(13, 83)
(14, 83)
(15, 83)
(16, 83)
(52, 83)
(53, 83)
(54, 83)
(74, 83)
(75, 83)
(76, 83)
(77, 83)
(92, 83)
(93, 83)
(94, 83)
(95, 83)
(74, 84)
(75, 84)
(76, 84)
(77, 84)
(92, 84)
(93, 84)
(94, 84)
(95, 84)
(9, 85)
(10, 85)
(11, 85)
(12, 85)
(9, 86)
(10, 86)
(11, 86)
(12, 86)
(44, 86)
(45, 86)
(46, 86)
(52, 86)
(53, 86)
(54, 86)
(55, 86)
(9, 87)
(10, 87)
(11, 87)
(12, 87)
(44, 87)
(45, 87)
(46, 87)
(52, 87)
(53, 87)
(54, 87)
(55, 87)
(73, 87)
(74, 87)
(75, 87)
(76, 87)
(77, 87)
(9, 88)
(10, 88)
(11, 88)
(12, 88)
(44, 88)
(45, 88)
(46, 88)
(52, 88)
(53, 88)
(54, 88)
(55, 88)
(73, 88)
(74, 88)
(75, 88)
(76, 88)
(77, 88)
(9, 89)
(10, 89)
(11, 89)
(12, 89)
(44, 89)
(45, 89)
(46, 89)
(52, 89)
(53, 89)
(54, 89)
(55, 89)
(73, 89)
(74, 89)
(75, 89)
(76, 89)
(77, 89)
(44, 90)
(45, 90)
(46, 90)
(55, 90)
(56, 90)
(57, 90)
(58, 90)
(73, 90)
(74, 90)
(75, 90)
(76, 90)
(77, 90)
(55, 91)
(56, 91)
(57, 91)
(58, 91)
(30, 92)
(31, 92)
(32, 92)
(45, 92)
(46, 92)
(47, 92)
(48, 92)
(49, 92)
(55, 92)
(56, 92)
(57, 92)
(58, 92)
(30, 93)
(31, 93)
(32, 93)
(45, 93)
(46, 93)
(47, 93)
(48, 93)
(49, 93)
(30, 94)
(31, 94)
(32, 94)
(45, 94)
(46, 94)
(47, 94)
(48, 94)
(49, 94)
(91, 94)
(92, 94)
(93, 94)
(38, 95)
(39, 95)
(40, 95)
(41, 95)
(42, 95)
(45, 95)
(46, 95)
(47, 95)
(48, 95)
(49, 95)
(66, 95)
(67, 95)
(68, 95)
(91, 95)
(92, 95)
(93, 95)
(8, 96)
(9, 96)
(10, 96)
(11, 96)
(12, 96)
(38, 96)
(39, 96)
(40, 96)
(41, 96)
(42, 96)
(66, 96)
(67, 96)
(68, 96)
(91, 96)
(92, 96)
(93, 96)
(8, 97)
(9, 97)
(10, 97)
(11, 97)
(12, 97)
(27, 97)
(28, 97)
(29, 97)
(30, 97)
(31, 97)
(38, 97)
(39, 97)
(40, 97)
(41, 97)
(42, 97)
(66, 97)
(67, 97)
(68, 97)
(91, 97)
(92, 97)
(93, 97)
(8, 98)
(9, 98)
(10, 98)
(11, 98)
(12, 98)
(27, 98)
(28, 98)
(29, 98)
(30, 98)
(31, 98)
(66, 98)
(67, 98)
(68, 98)
(91, 98)
(92, 98)
(93, 98)
(8, 99)
(9, 99)
(10, 99)
(11, 99)
(12, 99)
(27, 99)
(28, 99)
(29, 99)
(30, 99)
(31, 99)
-
(0, 1, 1.0, -1, 0.5)
(1, 3, 1.0, -1, 0.5)
(2, 2, 1.0, -1, 0.5)
(3, 5, 1.0, -1, 0.5)
(4, 4, 1.0, -1, 0.5)
(5, 1, 1.0, -1, 0.5)
(6, 5, 1.0, -1, 0.5)
(7, 2, 1.0, -1, 0.5)
(8, 4, 1.0, -1, 0.5)
(9, 3, 1.0, -1, 0.5)
-
(0, (6,24), (45,61))
(1, (82,52), (32,64))
(2, (6,49), (1,21))
(3, (55,8), (8,78))
(4, (75,69), (37,79))
(5, (75,64), (1,45))
(6, (44,24), (92,69))
(7, (16,79), (46,16))
(8, (50,22), (77,74))
(9, (9,41), (37,88))
