100
(89, 49)
(90, 49)
(91, 49)
(92, 49)
(93, 49)
(89, 50)
(90, 50)
(91, 50)
(92, 50)
(93, 50)
(89, 51)
(90, 51)
(91, 51)
(92, 51)
(93, 51)
(89, 52)
(90, 52)
(91, 52)
(92, 52)
(93, 52)
(88, 64)
(89, 64)
(90, 64)
(91, 64)
(67, 65)
(68, 65)
(69, 65)
(88, 65)
(89, 65)
(90, 65)
(91, 65)
(67, 66)
(68, 66)
(69, 66)
(88, 66)
(89, 66)
(90, 66)
(91, 66)
(67, 67)
(68, 67)
(69, 67)
(67, 68)
(68, 68)
(69, 68)
(67, 69)
(68, 69)
(69, 69)
(53, 78)
(54, 78)
(55, 78)
(56, 78)
(53, 79)
(54, 79)
(55, 79)
(56, 79)
(53, 80)
(54, 80)
(55, 80)
(56, 80)
(53, 81)
(54, 81)
(55, 81)
(56, 81)
(53, 82)
(54, 82)
(55, 82)
(56, 82)
(60, 86)
(61, 86)
(62, 86)
(60, 87)
(61, 87)
(62, 87)
(60, 88)
(61, 88)
(62, 88)
-
(0, 2, 1.0, -1, 0.5)
(1, 1, 1.0, -1, 0.5)
(2, 2, 1.0, -1, 0.5)
(3, 1, 1.0, -1, 0.5)
(4, 4, 1.0, -1, 0.5)
(5, 4, 1.0, -1, 0.5)
(6, 3, 1.0, -1, 0.5)
(7, 3, 1.0, -1, 0.5)
(8, 5, 1.0, -1, 0.5)
(9, 5, 1.0, -1, 0.5)
-
(0, (21,39), (48,64))
(1, (59,69), (63,12))
(2, (21,8), (82,68))
(3, (77,7), (5,16))
(4, (89,19), (31,82))
(5, (8,37), (77,36))
(6, (43,36), (61,61))
(7, (26,17), (72,59))
(8, (29,68), (77,75))
(9, (93,75), (21,44))
