100
(88, 18)
(89, 18)
(90, 18)
(88, 19)
(89, 19)
(90, 19)
(88, 20)
(89, 20)
(90, 20)
(88, 21)
(89, 21)
(90, 21)
(88, 22)
(89, 22)
(90, 22)
(34, 25)
(35, 25)
(36, 25)
(34, 26)
(35, 26)
(36, 26)
(34, 27)
(35, 27)
(36, 27)
(49, 27)
(50, 27)
(51, 27)
(52, 27)
(53, 27)
(34, 28)
(35, 28)
(36, 28)
(49, 28)
(50, 28)
(51, 28)
(52, 28)
(53, 28)
(49, 29)
(50, 29)
(51, 29)
(52, 29)
(53, 29)
(49, 30)
(50, 30)
(51, 30)
(52, 30)
(53, 30)
(49, 31)
(50, 31)
(51, 31)
(52, 31)
(53, 31)
(73, 32)
(74, 32)
(75, 32)
(86, 32)
(87, 32)
(88, 32)
(89, 32)
(90, 32)
(73, 33)
(74, 33)
(75, 33)
(86, 33)
(87, 33)
(88, 33)
(89, 33)
(90, 33)
(73, 34)
(74, 34)
(75, 34)
(86, 34)
(87, 34)
(88, 34)
(89, 34)
(90, 34)
(73, 35)
(74, 35)
(75, 35)
(73, 36)
(74, 36)
(75, 36)
(21, 46)
(22, 46)
(23, 46)
(24, 46)
(25, 46)
(21, 47)
(22, 47)
(23, 47)
(24, 47)
(25, 47)
(21, 48)
(22, 48)
(23, 48)
(24, 48)
(25, 48)
(30, 48)
(31, 48)
(32, 48)
(56, 48)
(57, 48)
(58, 48)
(59, 48)
(60, 48)
(21, 49)
(22, 49)
(23, 49)
(24, 49)
(25, 49)
(30, 49)
(31, 49)
(32, 49)
(56, 49)
(57, 49)
(58, 49)
(59, 49)
(60, 49)
(30, 50)
(31, 50)
(32, 50)
(56, 50)
(57, 50)
(58, 50)
(59, 50)
(60, 50)
(23, 53)
(24, 53)
(25, 53)
(26, 53)
(27, 53)
(47, 53)
(48, 53)
(49, 53)
(50, 53)
(23, 54)
(24, 54)
(25, 54)
(26, 54)
(27, 54)
(47, 54)
(48, 54)
(49, 54)
(50, 54)
(23, 55)
(24, 55)
(25, 55)
(26, 55)
(27, 55)
(47, 55)
(48, 55)
(49, 55)
(50, 55)
(5, 57)
(6, 57)
(7, 57)
(8, 57)
(5, 58)
(6, 58)
(7, 58)
(8, 58)
(5, 59)
(6, 59)
(7, 59)
(8, 59)
(5, 60)
(6, 60)
(7, 60)
(8, 60)
(69, 60)
(70, 60)
(71, 60)
(72, 60)
(73, 60)
(5, 61)
(6, 61)
(7, 61)
(8, 61)
(23, 61)
(24, 61)
(25, 61)
(26, 61)
(69, 61)
(70, 61)
(71, 61)
(72, 61)
(73, 61)
(23, 62)
(24, 62)
(25, 62)
(26, 62)
(69, 62)
(70, 62)
(71, 62)
(72, 62)
(73, 62)
(23, 63)
(24, 63)
(25, 63)
(26, 63)
(46, 64)
(47, 64)
(48, 64)
(46, 65)
(47, 65)
(48, 65)
(46, 66)
(47, 66)
(48, 66)
(46, 67)
(47, 67)
(48, 67)
(29, 68)
(30, 68)
(31, 68)
(29, 69)
(30, 69)
(31, 69)
(29, 70)
(30, 70)
(31, 70)
(73, 73)
(74, 73)
(75, 73)
(73, 74)
(74, 74)
(75, 74)
(73, 75)
(74, 75)
(75, 75)
(73, 76)
(74, 76)
(75, 76)
(79, 79)
(80, 79)
(81, 79)
(82, 79)
(83, 79)
(79, 80)
(80, 80)
(81, 80)
(82, 80)
(83, 80)
(79, 81)
(80, 81)
(81, 81)
(82, 81)
(83, 81)
(79, 82)
(80, 82)
(81, 82)
(82, 82)
(83, 82)
(82, 87)
(83, 87)
(84, 87)
(82, 88)
(83, 88)
(84, 88)
(82, 89)
(83, 89)
(84, 89)
(88, 91)
(89, 91)
(90, 91)
(91, 91)
(92, 91)
(61, 92)
(62, 92)
(63, 92)
(64, 92)
(65, 92)
(88, 92)
(89, 92)
(90, 92)
(91, 92)
(92, 92)
(61, 93)
(62, 93)
(63, 93)
(64, 93)
(65, 93)
(88, 93)
(89, 93)
(90, 93)
(91, 93)
(92, 93)
(61, 94)
(62, 94)
(63, 94)
(64, 94)
(65, 94)
(61, 95)
(62, 95)
(63, 95)
(64, 95)
(65, 95)
-
(0, 1, 1.0, -1, 0.5)
(1, 4, 1.0, -1, 0.5)
(2, 5, 1.0, -1, 0.5)
(3, 1, 1.0, -1, 0.5)
(4, 2, 1.0, -1, 0.5)
(5, 5, 1.0, -1, 0.5)
(6, 2, 1.0, -1, 0.5)
(7, 4, 1.0, -1, 0.5)
(8, 3, 1.0, -1, 0.5)
(9, 3, 1.0, -1, 0.5)
-
(0, (66,7), (18,45))
(1, (5,76), (51,6))
(2, (11,86), (8,19))
(3, (66,15), (77,88))
(4, (68,22), (68,72))
(5, (69,80), (32,38))
(6, (0,34), (72,6))
(7, (17,65), (58,72))
(8, (49,37), (1,1))
(9, (77,45), (91,80))
