100
(93, 10)
(94, 10)
(95, 10)
(96, 10)
(93, 11)
(94, 11)
(95, 11)
(96, 11)
(61, 12)
(62, 12)
(63, 12)
(93, 12)
(94, 12)
(95, 12)
(96, 12)
(61, 13)
(62, 13)
(63, 13)
(93, 13)
(94, 13)
(95, 13)
(96, 13)
(61, 14)
(62, 14)
(63, 14)
(19, 15)
(20, 15)
(21, 15)
(22, 15)
(36, 15)
(37, 15)
(38, 15)
(39, 15)
(61, 15)
(62, 15)
(63, 15)
(19, 16)
(20, 16)
(21, 16)
(22, 16)
(36, 16)
(37, 16)
(38, 16)
(39, 16)
(19, 17)
(20, 17)
(21, 17)
(22, 17)
(36, 17)
(37, 17)
(38, 17)
(39, 17)
(19, 18)
(20, 18)
(21, 18)
(22, 18)
(36, 18)
(37, 18)
(38, 18)
(39, 18)
(41, 18)
(42, 18)
(43, 18)
(19, 19)
(20, 19)
(21, 19)
(22, 19)
(41, 19)
(42, 19)
(43, 19)
(41, 20)
(42, 20)
(43, 20)
(41, 21)
(42, 21)
(43, 21)
(71, 21)
(72, 21)
(73, 21)
(71, 22)
(72, 22)
(73, 22)
(71, 23)
(72, 23)
(73, 23)
(63, 24)
(64, 24)
(65, 24)
(66, 24)
(67, 24)
(71, 24)
(72, 24)
(73, 24)
(63, 25)
(64, 25)
(65, 25)
(66, 25)
(67, 25)
(71, 25)
(72, 25)
(73, 25)
(63, 26)
(64, 26)
(65, 26)
(66, 26)
(67, 26)
(55, 36)
(56, 36)
(57, 36)
(55, 37)
(56, 37)
(57, 37)
(55, 38)
(56, 38)
(57, 38)
(49, 39)
(50, 39)
(51, 39)
(52, 39)
(55, 39)
(56, 39)
(57, 39)
(49, 40)
(50, 40)
(51, 40)
(52, 40)
(55, 40)
(56, 40)
(57, 40)
(83, 40)
(84, 40)
(85, 40)
(86, 40)
(49, 41)
(50, 41)
(51, 41)
(52, 41)
(83, 41)
(84, 41)
(85, 41)
(86, 41)
(83, 42)
(84, 42)
(85, 42)
(86, 42)
(7, 49)
(8, 49)
(9, 49)
(10, 49)
(87, 49)
(88, 49)
(89, 49)
(90, 49)
(91, 49)
(0, 50)
(1, 50)
(2, 50)
(3, 50)
(4, 50)
(7, 50)
(8, 50)
(9, 50)
(10, 50)
(87, 50)
(88, 50)
(89, 50)
(90, 50)
(91, 50)
(0, 51)
(1, 51)
(2, 51)
(3, 51)
(4, 51)
(7, 51)
(8, 51)
(9, 51)
(10, 51)
(87, 51)
(88, 51)
(89, 51)
(90, 51)
(91, 51)
(0, 52)
(1, 52)
(2, 52)
(3, 52)
(4, 52)
(87, 52)
(88, 52)
(89, 52)
(90, 52)
(91, 52)
(0, 53)
(1, 53)
(2, 53)
(3, 53)
(4, 53)
(87, 53)
(88, 53)
(89, 53)
(87, 54)
(88, 54)
(89, 54)
(87, 55)
(88, 55)
(89, 55)
(87, 56)
(88, 56)
(89, 56)
(87, 57)
(88, 57)
(89, 57)
(46, 67)
(47, 67)
(48, 67)
(49, 67)
(50, 67)
(46, 68)
(47, 68)
(48, 68)
(49, 68)
(50, 68)
(46, 69)
(47, 69)
(48, 69)
(49, 69)
(50, 69)
(67, 80)
(68, 80)
(69, 80)
(70, 80)
(67, 81)
(68, 81)
(69, 81)
(70, 81)
(67, 82)
(68, 82)
(69, 82)
(70, 82)
(67, 83)
(68, 83)
(69, 83)
(70, 83)
(67, 84)
(68, 84)
(69, 84)
(70, 84)
(79, 90)
(80, 90)
(81, 90)
(30, 91)
(31, 91)
(32, 91)
(33, 91)
(79, 91)
(80, 91)
(81, 91)
(30, 92)
(31, 92)
(32, 92)
(33, 92)
(79, 92)
(80, 92)
(81, 92)
(30, 93)
(31, 93)
(32, 93)
(33, 93)
(41, 93)
(42, 93)
(43, 93)
(44, 93)
(45, 93)
(30, 94)
(31, 94)
(32, 94)
(33, 94)
(41, 94)
(42, 94)
(43, 94)
(44, 94)
(45, 94)
(11, 95)
(12, 95)
(13, 95)
(14, 95)
(30, 95)
(31, 95)
(32, 95)
(33, 95)
(41, 95)
(42, 95)
(43, 95)
(44, 95)
(45, 95)
(11, 96)
(12, 96)
(13, 96)
(14, 96)
(41, 96)
(42, 96)
(43, 96)
(44, 96)
(45, 96)
(11, 97)
(12, 97)
(13, 97)
(14, 97)
(41, 97)
(42, 97)
(43, 97)
(44, 97)
(45, 97)
(11, 98)
(12, 98)
(13, 98)
(14, 98)
-
(0, 1, 1.0, -1, 0.5)
(1, 4, 1.0, -1, 0.5)
(2, 5, 1.0, -1, 0.5)
(3, 2, 1.0, -1, 0.5)
(4, 3, 1.0, -1, 0.5)
(5, 2, 1.0, -1, 0.5)
(6, 3, 1.0, -1, 0.5)
(7, 1, 1.0, -1, 0.5)
(8, 4, 1.0, -1, 0.5)
(9, 5, 1.0, -1, 0.5)
-
(0, (34,4), (65,77))
(1, (12,54), (83,70))
(2, (67,73), (86,24))
(3, (65,50), (29,63))
(4, (5,88), (4,29))
(5, (52,73), (33,29))
(6, (20,39), (69,87))
(7, (94,68), (70,86))
(8, (26,76), (65,90))
(9, (28,65), (48,22))
