100
(35, 2)
(36, 2)
(37, 2)
(38, 2)
(39, 2)
(35, 3)
(36, 3)
(37, 3)
(38, 3)
(39, 3)
(35, 4)
(36, 4)
(37, 4)
(38, 4)
(39, 4)
(89, 23)
(90, 23)
(91, 23)
(92, 23)
(93, 23)
(89, 24)
(90, 24)
(91, 24)
(92, 24)
(93, 24)
(89, 25)
(90, 25)
(91, 25)
(92, 25)
(93, 25)
(89, 26)
(90, 26)
(91, 26)
(92, 26)
(93, 26)
(89, 27)
(90, 27)
(91, 27)
(92, 27)
(93, 27)
(60, 47)
(61, 47)
(62, 47)
(63, 47)
(64, 47)
(60, 48)
(61, 48)
(62, 48)
(63, 48)
(64, 48)
(60, 49)
(61, 49)
(62, 49)
(63, 49)
(64, 49)
(60, 50)
(61, 50)
(62, 50)
(63, 50)
(64, 50)
(78, 64)
(79, 64)
(80, 64)
(81, 64)
(82, 64)
(78, 65)
(79, 65)
(80, 65)
(81, 65)
(82, 65)
(78, 66)
(79, 66)
(80, 66)
(81, 66)
(82, 66)
(78, 67)
(79, 67)
(80, 67)
(81, 67)
(82, 67)
(48, 72)
(49, 72)
(50, 72)
(51, 72)
(48, 73)
(49, 73)
(50, 73)
(51, 73)
(48, 74)
(49, 74)
(50, 74)
(51, 74)
(48, 75)
(49, 75)
(50, 75)
(51, 75)
(48, 76)
(49, 76)
(50, 76)
(51, 76)
-
(0, 2, 1.0, -1, 0.5)
(1, 2, 1.0, -1, 0.5)
(2, 4, 1.0, -1, 0.5)
(3, 5, 1.0, -1, 0.5)
(4, 1, 1.0, -1, 0.5)
(5, 1, 1.0, -1, 0.5)
(6, 5, 1.0, -1, 0.5)
(7, 3, 1.0, -1, 0.5)
(8, 4, 1.0, -1, 0.5)
(9, 3, 1.0, -1, 0.5)
-
(0, (15,37), (73,79))
(1, (5,30), (5,87))
(2, (1,15), (67,44))
(3, (82,7), (5,42))
(4, (56,96), (10,85))
(5, (36,18), (27,96))
(6, (74,2), (4,7))
(7, (8,0), (50,23))
(8, (92,13), (17,31))
(9, (19,50), (92,9))
