100
(8, 10)
(9, 10)
(10, 10)
(8, 11)
(9, 11)
(10, 11)
(8, 12)
(9, 12)
(10, 12)
(8, 13)
(9, 13)
(10, 13)
(8, 14)
(9, 14)
(10, 14)
(52, 23)
(53, 23)
(54, 23)
(55, 23)
(52, 24)
(53, 24)
(54, 24)
(55, 24)
(52, 25)
(53, 25)
(54, 25)
(55, 25)
(52, 26)
(53, 26)
(54, 26)
(55, 26)
(52, 27)
(53, 27)
(54, 27)
(55, 27)
(19, 52)
(20, 52)
(21, 52)
(22, 52)
(19, 53)
(20, 53)
(21, 53)
(22, 53)
(19, 54)
(20, 54)
(21, 54)
(22, 54)
(19, 55)
(20, 55)
(21, 55)
(22, 55)
(12, 63)
(13, 63)
(14, 63)
(12, 64)
(13, 64)
(14, 64)
(12, 65)
(13, 65)
(14, 65)
(12, 66)
(13, 66)
(14, 66)
(48, 81)
(49, 81)
(50, 81)
(51, 81)
(48, 82)
(49, 82)
(50, 82)
(51, 82)
(48, 83)
(49, 83)
(50, 83)
(51, 83)
-
(0, 1, 1.0, -1, 0.5)
(1, 4, 1.0, -1, 0.5)
(2, 4, 1.0, -1, 0.5)
(3, 2, 1.0, -1, 0.5)
(4, 1, 1.0, -1, 0.5)
(5, 3, 1.0, -1, 0.5)
(6, 5, 1.0, -1, 0.5)
(7, 5, 1.0, -1, 0.5)
(8, 3, 1.0, -1, 0.5)
(9, 2, 1.0, -1, 0.5)
-
(0, (34,85), (17,9))
(1, (71,19), (51,53))
(2, (38,55), (93,9))
(3, (63,76), (84,35))
(4, (11,89), (56,26))
(5, (10,0), (34,65))
(6, (26,88), (32,50))
(7, (28,59), (22,10))
(8, (48,76), (52,4))
(9, (92,45), (23,52))
