100
(24, 0)
(25, 0)
(26, 0)
(27, 0)
(28, 0)
(24, 1)
(25, 1)
(26, 1)
(27, 1)
(28, 1)
(24, 2)
(25, 2)
(26, 2)
(27, 2)
(28, 2)
(15, 3)
(16, 3)
(17, 3)
(24, 3)
(25, 3)
(26, 3)
(27, 3)
(28, 3)
(15, 4)
(16, 4)
(17, 4)
(24, 4)
(25, 4)
(26, 4)
(27, 4)
(28, 4)
(15, 5)
(16, 5)
(17, 5)
(15, 6)
(16, 6)
(17, 6)
(33, 6)
(34, 6)
(35, 6)
(36, 6)
(37, 6)
(15, 7)
(16, 7)
(17, 7)
(33, 7)
(34, 7)
(35, 7)
(36, 7)
(37, 7)
(33, 8)
(34, 8)
(35, 8)
(36, 8)
(37, 8)
(33, 9)
(34, 9)
(35, 9)
(36, 9)
(37, 9)
(33, 10)
(34, 10)
(35, 10)
(36, 10)
(37, 10)
(25, 13)
(26, 13)
(27, 13)
(28, 13)
(29, 13)
(92, 13)
(93, 13)
(94, 13)
(95, 13)
(25, 14)
(26, 14)
(27, 14)
(28, 14)
(29, 14)
(49, 14)
(50, 14)
(51, 14)
(52, 14)
(92, 14)
(93, 14)
(94, 14)
(95, 14)
(25, 15)
(26, 15)
(27, 15)
(28, 15)
(29, 15)
(49, 15)
(50, 15)
(51, 15)
(52, 15)
(92, 15)
(93, 15)
(94, 15)
(95, 15)
(25, 16)
(26, 16)
(27, 16)
(28, 16)
(29, 16)
(49, 16)
(50, 16)
(51, 16)
(52, 16)
(92, 16)
(93, 16)
(94, 16)
(95, 16)
(92, 17)
(93, 17)
(94, 17)
(95, 17)
(39, 18)
(40, 18)
(41, 18)
(42, 18)
(43, 18)
(39, 19)
(40, 19)
(41, 19)
(42, 19)
(43, 19)
(39, 20)
(40, 20)
(41, 20)
(42, 20)
(43, 20)
(0, 43)
(1, 43)
(2, 43)
(0, 44)
(1, 44)
(2, 44)
(0, 45)
(1, 45)
(2, 45)
(0, 46)
(1, 46)
(2, 46)
(0, 47)
(1, 47)
(2, 47)
(23, 47)
(24, 47)
(25, 47)
(26, 47)
(87, 47)
(88, 47)
(89, 47)
(23, 48)
(24, 48)
(25, 48)
(26, 48)
(87, 48)
(88, 48)
(89, 48)
(23, 49)
(24, 49)
(25, 49)
(26, 49)
(87, 49)
(88, 49)
(89, 49)
(23, 50)
(24, 50)
(25, 50)
(26, 50)
(87, 50)
(88, 50)
(89, 50)
(23, 51)
(24, 51)
(25, 51)
(26, 51)
(87, 51)
(88, 51)
(89, 51)
(93, 57)
(94, 57)
(95, 57)
(96, 57)
(97, 57)
(93, 58)
(94, 58)
(95, 58)
(96, 58)
(97, 58)
(93, 59)
(94, 59)
(95, 59)
(96, 59)
(97, 59)
(93, 60)
(94, 60)
(95, 60)
(96, 60)
(97, 60)
(93, 61)
(94, 61)
(95, 61)
(96, 61)
(97, 61)
(38, 62)
(39, 62)
(40, 62)
(41, 62)
(38, 63)
(39, 63)
(40, 63)
(41, 63)
(38, 64)
(39, 64)
(40, 64)
(41, 64)
(37, 66)
(38, 66)
(39, 66)
(40, 66)
(37, 67)
(38, 67)
(39, 67)
(40, 67)
(37, 68)
(38, 68)
(39, 68)
(40, 68)
(37, 69)
(38, 69)
(39, 69)
(40, 69)
(17, 71)
(18, 71)
(19, 71)
(17, 72)
(18, 72)
(19, 72)
(17, 73)
(18, 73)
(19, 73)
(17, 74)
(18, 74)
(19, 74)
(17, 75)
(18, 75)
(19, 75)
(17, 86)
(18, 86)
(19, 86)
(20, 86)
(39, 86)
(40, 86)
(41, 86)
(42, 86)
(93, 86)
(94, 86)
(95, 86)
(96, 86)
(17, 87)
(18, 87)
(19, 87)
(20, 87)
(39, 87)
(40, 87)
(41, 87)
(42, 87)
(93, 87)
(94, 87)
(95, 87)
(96, 87)
(17, 88)
(18, 88)
(19, 88)
(20, 88)
(39, 88)
(40, 88)
(41, 88)
(42, 88)
(93, 88)
(94, 88)
(95, 88)
(96, 88)
(17, 89)
(18, 89)
(19, 89)
(20, 89)
(39, 89)
(40, 89)
(41, 89)
(42, 89)
(93, 89)
(94, 89)
(95, 89)
(96, 89)
(17, 90)
(18, 90)
(19, 90)
(20, 90)
(76, 90)
(77, 90)
(78, 90)
(79, 90)
(80, 90)
(93, 90)
(94, 90)
(95, 90)
(96, 90)
(76, 91)
(77, 91)
(78, 91)
(79, 91)
(80, 91)
(76, 92)
(77, 92)
(78, 92)
(79, 92)
(80, 92)
(65, 95)
(66, 95)
(67, 95)
(68, 95)
(69, 95)
(16, 96)
(17, 96)
(18, 96)
(19, 96)
(20, 96)
(65, 96)
(66, 96)
(67, 96)
(68, 96)
(69, 96)
(16, 97)
(17, 97)
(18, 97)
(19, 97)
(20, 97)
(65, 97)
(66, 97)
(67, 97)
(68, 97)
(69, 97)
(16, 98)
(17, 98)
(18, 98)
(19, 98)
(20, 98)
(16, 99)
(17, 99)
(18, 99)
(19, 99)
(20, 99)
-
(0, 4, 1.0, -1, 0.5)
(1, 1, 1.0, -1, 0.5)
(2, 4, 1.0, -1, 0.5)
(3, 5, 1.0, -1, 0.5)
(4, 3, 1.0, -1, 0.5)
(5, 5, 1.0, -1, 0.5)
(6, 2, 1.0, -1, 0.5)
(7, 1, 1.0, -1, 0.5)
(8, 3, 1.0, -1, 0.5)
(9, 2, 1.0, -1, 0.5)
-
(0, (45,57), (91,27))
(1, (35,39), (11,11))
(2, (5,31), (62,15))
(3, (1,69), (60,62))
(4, (44,37), (89,14))
(5, (47,41), (41,9))
(6, (21,92), (38,52))
(7, (21,47), (72,59))
(8, (35,84), (27,46))
(9, (29,93), (49,26))
