100
(80, 4)
(81, 4)
(82, 4)
(83, 4)
(43, 5)
(44, 5)
(45, 5)
(80, 5)
(81, 5)
(82, 5)
(83, 5)
(43, 6)
(44, 6)
(45, 6)
(80, 6)
(81, 6)
(82, 6)
(83, 6)
(43, 7)
(44, 7)
(45, 7)
(80, 7)
(81, 7)
(82, 7)
(83, 7)
(33, 8)
(34, 8)
(35, 8)
(43, 8)
(44, 8)
(45, 8)
(33, 9)
(34, 9)
(35, 9)
(33, 10)
(34, 10)
(35, 10)
(33, 11)
(34, 11)
(35, 11)
(33, 12)
(34, 12)
(35, 12)
(42, 14)
(43, 14)
(44, 14)
(45, 14)
(46, 14)
(57, 14)
(58, 14)
(59, 14)
(71, 14)
(72, 14)
(73, 14)
(74, 14)
(75, 14)
(42, 15)
(43, 15)
(44, 15)
(45, 15)
(46, 15)
(57, 15)
(58, 15)
(59, 15)
(71, 15)
(72, 15)
(73, 15)
(74, 15)
(75, 15)
(42, 16)
(43, 16)
(44, 16)
(45, 16)
(46, 16)
(57, 16)
(58, 16)
(59, 16)
(71, 16)
(72, 16)
(73, 16)
(74, 16)
(75, 16)
(42, 17)
(43, 17)
(44, 17)
(45, 17)
(46, 17)
(57, 17)
(58, 17)
(59, 17)
(42, 18)
(43, 18)
(44, 18)
(45, 18)
(46, 18)
(64, 28)
(65, 28)
(66, 28)
(64, 29)
(65, 29)
(66, 29)
(64, 30)
(65, 30)
(66, 30)
(64, 31)
(65, 31)
(66, 31)
(72, 32)
(73, 32)
(74, 32)
(75, 32)
(56, 33)
(57, 33)
(58, 33)
(59, 33)
(72, 33)
(73, 33)
(74, 33)
(75, 33)
(94, 33)
(95, 33)
(96, 33)
(56, 34)
(57, 34)
(58, 34)
(59, 34)
(72, 34)
(73, 34)
(74, 34)
(75, 34)
(94, 34)
(95, 34)
(96, 34)
(56, 35)
(57, 35)
(58, 35)
(59, 35)
(94, 35)
(95, 35)
(96, 35)
(56, 36)
(57, 36)
(58, 36)
(59, 36)
(94, 36)
(95, 36)
(96, 36)
(56, 37)
(57, 37)
(58, 37)
(59, 37)
(94, 37)
(95, 37)
(96, 37)
(7, 38)
(8, 38)
(9, 38)
(18, 38)
(19, 38)
(20, 38)
(21, 38)
(22, 38)
(7, 39)
(8, 39)
(9, 39)
(18, 39)
(19, 39)
(20, 39)
(21, 39)
(22, 39)
(45, 39)
(46, 39)
(47, 39)
(48, 39)
(49, 39)
(7, 40)
(8, 40)
(9, 40)
(18, 40)
(19, 40)
(20, 40)
(21, 40)
(22, 40)
(45, 40)
(46, 40)
(47, 40)
(48, 40)
(49, 40)
(7, 41)
(8, 41)
(9, 41)
(18, 41)
(19, 41)
(20, 41)
(21, 41)
(22, 41)
(45, 41)
(46, 41)
(47, 41)
(48, 41)
(49, 41)
(18, 42)
(19, 42)
(20, 42)
(21, 42)
(22, 42)
(45, 44)
(46, 44)
(47, 44)
(48, 44)
(45, 45)
(46, 45)
(47, 45)
(48, 45)
(45, 46)
(46, 46)
(47, 46)
(48, 46)
(61, 54)
(62, 54)
(63, 54)
(64, 54)
(65, 54)
(61, 55)
(62, 55)
(63, 55)
(64, 55)
(65, 55)
(61, 56)
(62, 56)
(63, 56)
(64, 56)
(65, 56)
(21, 57)
(22, 57)
(23, 57)
(21, 58)
(22, 58)
(23, 58)
(31, 58)
(32, 58)
(33, 58)
(34, 58)
(35, 58)
(0, 59)
(1, 59)
(2, 59)
(3, 59)
(4, 59)
(21, 59)
(22, 59)
(23, 59)
(31, 59)
(32, 59)
(33, 59)
(34, 59)
(35, 59)
(0, 60)
(1, 60)
(2, 60)
(3, 60)
(4, 60)
(31, 60)
(32, 60)
(33, 60)
(34, 60)
(35, 60)
(0, 61)
(1, 61)
(2, 61)
(3, 61)
(4, 61)
(31, 61)
(32, 61)
(33, 61)
(34, 61)
(35, 61)
(42, 61)
(43, 61)
(44, 61)
(45, 61)
(42, 62)
(43, 62)
(44, 62)
(45, 62)
(42, 63)
(43, 63)
(44, 63)
(45, 63)
(91, 63)
(92, 63)
(93, 63)
(94, 63)
(42, 64)
(43, 64)
(44, 64)
(45, 64)
(91, 64)
(92, 64)
(93, 64)
(94, 64)
(91, 65)
(92, 65)
(93, 65)
(94, 65)
(91, 66)
(92, 66)
(93, 66)
(94, 66)
(91, 67)
(92, 67)
(93, 67)
(94, 67)
(82, 70)
(83, 70)
(84, 70)
(85, 70)
(86, 70)
(82, 71)
(83, 71)
(84, 71)
(85, 71)
(86, 71)
(82, 72)
(83, 72)
(84, 72)
(85, 72)
(86, 72)
(82, 73)
(83, 73)
(84, 73)
(85, 73)
(86, 73)
(27, 74)
(28, 74)
(29, 74)
(30, 74)
(31, 74)
(82, 74)
(83, 74)
(84, 74)
(85, 74)
(86, 74)
(27, 75)
(28, 75)
(29, 75)
(30, 75)
(31, 75)
(27, 76)
(28, 76)
(29, 76)
(30, 76)
(31, 76)
(41, 76)
(42, 76)
(43, 76)
(41, 77)
(42, 77)
(43, 77)
(41, 78)
(42, 78)
(43, 78)
(41, 79)
(42, 79)
(43, 79)
(73, 79)
(74, 79)
(75, 79)
(76, 79)
(41, 80)
(42, 80)
(43, 80)
(73, 80)
(74, 80)
(75, 80)
(76, 80)
(73, 81)
(74, 81)
(75, 81)
(76, 81)
(52, 84)
(53, 84)
(54, 84)
(55, 84)
(56, 84)
(52, 85)
(53, 85)
(54, 85)
(55, 85)
(56, 85)
(17, 86)
(18, 86)
(19, 86)
(47, 86)
(48, 86)
(49, 86)
(50, 86)
(52, 86)
(53, 86)
(54, 86)
(55, 86)
(56, 86)
(17, 87)
(18, 87)
(19, 87)
(47, 87)
(48, 87)
(49, 87)
(50, 87)
(86, 87)
(87, 87)
(88, 87)
(17, 88)
(18, 88)
(19, 88)
(47, 88)
(48, 88)
(49, 88)
(50, 88)
(86, 88)
(87, 88)
(88, 88)
(17, 89)
(18, 89)
(19, 89)
(86, 89)
(87, 89)
(88, 89)
(0, 90)
(1, 90)
(2, 90)
(3, 90)
(86, 90)
(87, 90)
(88, 90)
(0, 91)
(1, 91)
(2, 91)
(3, 91)
(86, 91)
(87, 91)
(88, 91)
(89, 91)
(90, 91)
(91, 91)
(92, 91)
(93, 91)
(0, 92)
(1, 92)
(2, 92)
(3, 92)
(89, 92)
(90, 92)
(91, 92)
(92, 92)
(93, 92)
(0, 93)
(1, 93)
(2, 93)
(3, 93)
(89, 93)
(90, 93)
(91, 93)
(92, 93)
(93, 93)
(0, 94)
(1, 94)
(2, 94)
(3, 94)
(89, 94)
(90, 94)
(91, 94)
(92, 94)
(93, 94)
-
(0, 4, 1.0, -1, 0.5)
(1, 3, 1.0, -1, 0.5)
(2, 5, 1.0, -1, 0.5)
(3, 1, 1.0, -1, 0.5)
(4, 5, 1.0, -1, 0.5)
(5, 4, 1.0, -1, 0.5)
(6, 1, 1.0, -1, 0.5)
(7, 3, 1.0, -1, 0.5)
(8, 2, 1.0, -1, 0.5)
(9, 2, 1.0, -1, 0.5)
-
(0, (95,77), (48,70))
(1, (7,56), (80,80))
(2, (77,63), (4,45))
(3, (54,80), (11,11))
(4, (53,71), (1,78))
(5, (52,28), (83,52))
(6, (20,26), (37,53))
(7, (97,33), (46,74))
(8, (22,89), (22,43))
(9, (90,37), (22,35))
