100
(1, 0)
(2, 0)
(3, 0)
(4, 0)
(5, 0)
(1, 1)
(2, 1)
(3, 1)
(4, 1)
(5, 1)
(1, 2)
(2, 2)
(3, 2)
(4, 2)
(5, 2)
(11, 2)
(12, 2)
(13, 2)
(14, 2)
(15, 2)
(1, 3)
(2, 3)
(3, 3)
(4, 3)
(5, 3)
(11, 3)
(12, 3)
(13, 3)
(14, 3)
(15, 3)
(7, 4)
(8, 4)
(9, 4)
(10, 4)
(11, 4)
(12, 4)
(13, 4)
(14, 4)
(15, 4)
(7, 5)
(8, 5)
(9, 5)
(10, 5)
(40, 5)
(41, 5)
(42, 5)
(7, 6)
(8, 6)
(9, 6)
(10, 6)
(23, 6)
(24, 6)
(25, 6)
(26, 6)
(40, 6)
(41, 6)
(42, 6)
(23, 7)
(24, 7)
(25, 7)
(26, 7)
(40, 7)
(41, 7)
(42, 7)
(70, 7)
(71, 7)
(72, 7)
(23, 8)
(24, 8)
(25, 8)
(26, 8)
(36, 8)
(37, 8)
(38, 8)
(39, 8)
(40, 8)
(41, 8)
(42, 8)
(70, 8)
(71, 8)
(72, 8)
(23, 9)
(24, 9)
(25, 9)
(26, 9)
(36, 9)
(37, 9)
(38, 9)
(39, 9)
(40, 9)
(41, 9)
(42, 9)
(70, 9)
(71, 9)
(72, 9)
(4, 10)
(5, 10)
(6, 10)
(7, 10)
(8, 10)
(36, 10)
(37, 10)
(38, 10)
(39, 10)
(70, 10)
(71, 10)
(72, 10)
(4, 11)
(5, 11)
(6, 11)
(7, 11)
(8, 11)
(36, 11)
(37, 11)
(38, 11)
(39, 11)
(70, 11)
(71, 11)
(72, 11)
(4, 12)
(5, 12)
(6, 12)
(7, 12)
(8, 12)
(36, 12)
(37, 12)
(38, 12)
(39, 12)
(74, 12)
(75, 12)
(76, 12)
(77, 12)
(78, 12)
(1, 13)
(2, 13)
(3, 13)
(35, 13)
(36, 13)
(37, 13)
(40, 13)
(41, 13)
(42, 13)
(43, 13)
(44, 13)
(74, 13)
(75, 13)
(76, 13)
(77, 13)
(78, 13)
(1, 14)
(2, 14)
(3, 14)
(29, 14)
(30, 14)
(31, 14)
(35, 14)
(36, 14)
(37, 14)
(40, 14)
(41, 14)
(42, 14)
(43, 14)
(44, 14)
(50, 14)
(51, 14)
(52, 14)
(53, 14)
(74, 14)
(75, 14)
(76, 14)
(77, 14)
(78, 14)
(1, 15)
(2, 15)
(3, 15)
(29, 15)
(30, 15)
(31, 15)
(35, 15)
(36, 15)
(37, 15)
(40, 15)
(41, 15)
(42, 15)
(43, 15)
(44, 15)
(50, 15)
(51, 15)
(52, 15)
(53, 15)
(74, 15)
(75, 15)
(76, 15)
(77, 15)
(78, 15)
(1, 16)
(2, 16)
(3, 16)
(29, 16)
(30, 16)
(31, 16)
(40, 16)
(41, 16)
(42, 16)
(43, 16)
(44, 16)
(50, 16)
(51, 16)
(52, 16)
(53, 16)
(82, 16)
(83, 16)
(84, 16)
(85, 16)
(86, 16)
(96, 16)
(97, 16)
(98, 16)
(1, 17)
(2, 17)
(3, 17)
(29, 17)
(30, 17)
(31, 17)
(40, 17)
(41, 17)
(42, 17)
(43, 17)
(44, 17)
(50, 17)
(51, 17)
(52, 17)
(53, 17)
(78, 17)
(79, 17)
(80, 17)
(82, 17)
(83, 17)
(84, 17)
(85, 17)
(86, 17)
(96, 17)
(97, 17)
(98, 17)
(50, 18)
(51, 18)
(52, 18)
(53, 18)
(78, 18)
(79, 18)
(80, 18)
(82, 18)
(83, 18)
(84, 18)
(85, 18)
(86, 18)
(96, 18)
(97, 18)
(98, 18)
(14, 19)
(15, 19)
(16, 19)
(17, 19)
(18, 19)
(75, 19)
(76, 19)
(77, 19)
(78, 19)
(79, 19)
(80, 19)
(82, 19)
(83, 19)
(84, 19)
(85, 19)
(86, 19)
(96, 19)
(97, 19)
(98, 19)
(14, 20)
(15, 20)
(16, 20)
(17, 20)
(18, 20)
(75, 20)
(76, 20)
(77, 20)
(78, 20)
(79, 20)
(80, 20)
(82, 20)
(83, 20)
(84, 20)
(85, 20)
(86, 20)
(96, 20)
(97, 20)
(98, 20)
(14, 21)
(15, 21)
(16, 21)
(17, 21)
(18, 21)
(75, 21)
(76, 21)
(77, 21)
(78, 21)
(79, 21)
(80, 21)
(37, 22)
(38, 22)
(39, 22)
(40, 22)
(41, 22)
(29, 23)
(30, 23)
(31, 23)
(32, 23)
(37, 23)
(38, 23)
(39, 23)
(40, 23)
(41, 23)
(29, 24)
(30, 24)
(31, 24)
(32, 24)
(37, 24)
(38, 24)
(39, 24)
(40, 24)
(41, 24)
(29, 25)
(30, 25)
(31, 25)
(32, 25)
(29, 26)
(30, 26)
(31, 26)
(32, 26)
(59, 27)
(60, 27)
(61, 27)
(59, 28)
(60, 28)
(61, 28)
(59, 29)
(60, 29)
(61, 29)
(59, 30)
(60, 30)
(61, 30)
(59, 31)
(60, 31)
(61, 31)
(90, 31)
(91, 31)
(92, 31)
(93, 31)
(94, 31)
(90, 32)
(91, 32)
(92, 32)
(93, 32)
(94, 32)
(24, 33)
(25, 33)
(26, 33)
(27, 33)
(28, 33)
(90, 33)
(91, 33)
(92, 33)
(93, 33)
(94, 33)
(24, 34)
(25, 34)
(26, 34)
(27, 34)
(28, 34)
(90, 34)
(91, 34)
(92, 34)
(93, 34)
(94, 34)
(24, 35)
(25, 35)
(26, 35)
(27, 35)
(28, 35)
(90, 35)
(91, 35)
(92, 35)
(93, 35)
(94, 35)
(45, 36)
(46, 36)
(47, 36)
(10, 37)
(11, 37)
(12, 37)
(13, 37)
(14, 37)
(21, 37)
(22, 37)
(23, 37)
(24, 37)
(45, 37)
(46, 37)
(47, 37)
(57, 37)
(58, 37)
(59, 37)
(60, 37)
(61, 37)
(1, 38)
(2, 38)
(3, 38)
(10, 38)
(11, 38)
(12, 38)
(13, 38)
(14, 38)
(21, 38)
(22, 38)
(23, 38)
(24, 38)
(45, 38)
(46, 38)
(47, 38)
(57, 38)
(58, 38)
(59, 38)
(60, 38)
(61, 38)
(1, 39)
(2, 39)
(3, 39)
(10, 39)
(11, 39)
(12, 39)
(13, 39)
(14, 39)
(21, 39)
(22, 39)
(23, 39)
(24, 39)
(45, 39)
(46, 39)
(47, 39)
(57, 39)
(58, 39)
(59, 39)
(60, 39)
(61, 39)
(1, 40)
(2, 40)
(3, 40)
(10, 40)
(11, 40)
(12, 40)
(13, 40)
(14, 40)
(21, 40)
(22, 40)
(23, 40)
(24, 40)
(45, 40)
(46, 40)
(47, 40)
(48, 40)
(49, 40)
(50, 40)
(1, 41)
(2, 41)
(3, 41)
(10, 41)
(11, 41)
(12, 41)
(13, 41)
(14, 41)
(21, 41)
(22, 41)
(23, 41)
(24, 41)
(41, 41)
(42, 41)
(43, 41)
(44, 41)
(48, 41)
(49, 41)
(50, 41)
(1, 42)
(2, 42)
(3, 42)
(41, 42)
(42, 42)
(43, 42)
(44, 42)
(48, 42)
(49, 42)
(50, 42)
(41, 43)
(42, 43)
(43, 43)
(44, 43)
(48, 43)
(49, 43)
(50, 43)
(13, 44)
(14, 44)
(15, 44)
(41, 44)
(42, 44)
(43, 44)
(44, 44)
(71, 44)
(72, 44)
(73, 44)
(13, 45)
(14, 45)
(15, 45)
(41, 45)
(42, 45)
(43, 45)
(44, 45)
(71, 45)
(72, 45)
(73, 45)
(13, 46)
(14, 46)
(15, 46)
(58, 46)
(59, 46)
(60, 46)
(71, 46)
(72, 46)
(73, 46)
(58, 47)
(59, 47)
(60, 47)
(58, 48)
(59, 48)
(60, 48)
(91, 48)
(92, 48)
(93, 48)
(94, 48)
(58, 49)
(59, 49)
(60, 49)
(91, 49)
(92, 49)
(93, 49)
(94, 49)
(91, 50)
(92, 50)
(93, 50)
(94, 50)
(44, 51)
(45, 51)
(46, 51)
(47, 51)
(48, 51)
(44, 52)
(45, 52)
(46, 52)
(47, 52)
(48, 52)
(44, 53)
(45, 53)
(46, 53)
(47, 53)
(48, 53)
(44, 54)
(45, 54)
(46, 54)
(47, 54)
(48, 54)
(4, 58)
(5, 58)
(6, 58)
(4, 59)
(5, 59)
(6, 59)
(90, 59)
(91, 59)
(92, 59)
(93, 59)
(4, 60)
(5, 60)
(6, 60)
(90, 60)
(91, 60)
(92, 60)
(93, 60)
(4, 61)
(5, 61)
(6, 61)
(90, 61)
(91, 61)
(92, 61)
(93, 61)
(81, 63)
(82, 63)
(83, 63)
(84, 63)
(30, 64)
(31, 64)
(32, 64)
(76, 64)
(77, 64)
(78, 64)
(79, 64)
(81, 64)
(82, 64)
(83, 64)
(84, 64)
(30, 65)
(31, 65)
(32, 65)
(76, 65)
(77, 65)
(78, 65)
(79, 65)
(81, 65)
(82, 65)
(83, 65)
(84, 65)
(19, 66)
(20, 66)
(21, 66)
(30, 66)
(31, 66)
(32, 66)
(76, 66)
(77, 66)
(78, 66)
(79, 66)
(81, 66)
(82, 66)
(83, 66)
(84, 66)
(19, 67)
(20, 67)
(21, 67)
(30, 67)
(31, 67)
(32, 67)
(19, 68)
(20, 68)
(21, 68)
(24, 68)
(25, 68)
(26, 68)
(27, 68)
(28, 68)
(41, 68)
(42, 68)
(43, 68)
(44, 68)
(45, 68)
(19, 69)
(20, 69)
(21, 69)
(24, 69)
(25, 69)
(26, 69)
(27, 69)
(28, 69)
(41, 69)
(42, 69)
(43, 69)
(44, 69)
(45, 69)
(6, 70)
(7, 70)
(8, 70)
(24, 70)
(25, 70)
(26, 70)
(27, 70)
(28, 70)
(41, 70)
(42, 70)
(43, 70)
(44, 70)
(45, 70)
(6, 71)
(7, 71)
(8, 71)
(24, 71)
(25, 71)
(26, 71)
(27, 71)
(28, 71)
(29, 71)
(30, 71)
(31, 71)
(32, 71)
(33, 71)
(41, 71)
(42, 71)
(43, 71)
(44, 71)
(45, 71)
(6, 72)
(7, 72)
(8, 72)
(24, 72)
(25, 72)
(26, 72)
(27, 72)
(28, 72)
(29, 72)
(30, 72)
(31, 72)
(32, 72)
(33, 72)
(41, 72)
(42, 72)
(43, 72)
(44, 72)
(45, 72)
(50, 72)
(51, 72)
(52, 72)
(53, 72)
(54, 72)
(6, 73)
(7, 73)
(8, 73)
(20, 73)
(21, 73)
(22, 73)
(29, 73)
(30, 73)
(31, 73)
(32, 73)
(33, 73)
(50, 73)
(51, 73)
(52, 73)
(53, 73)
(54, 73)
(6, 74)
(7, 74)
(8, 74)
(15, 74)
(16, 74)
(17, 74)
(18, 74)
(20, 74)
(21, 74)
(22, 74)
(29, 74)
(30, 74)
(31, 74)
(32, 74)
(33, 74)
(39, 74)
(40, 74)
(41, 74)
(42, 74)
(50, 74)
(51, 74)
(52, 74)
(53, 74)
(54, 74)
(15, 75)
(16, 75)
(17, 75)
(18, 75)
(20, 75)
(21, 75)
(22, 75)
(39, 75)
(40, 75)
(41, 75)
(42, 75)
(15, 76)
(16, 76)
(17, 76)
(18, 76)
(20, 76)
(21, 76)
(22, 76)
(39, 76)
(40, 76)
(41, 76)
(42, 76)
(15, 77)
(16, 77)
(17, 77)
(18, 77)
(39, 77)
(40, 77)
(41, 77)
(42, 77)
(50, 77)
(51, 77)
(52, 77)
(53, 77)
(32, 78)
(33, 78)
(34, 78)
(50, 78)
(51, 78)
(52, 78)
(53, 78)
(32, 79)
(33, 79)
(34, 79)
(50, 79)
(51, 79)
(52, 79)
(53, 79)
(66, 79)
(67, 79)
(68, 79)
(69, 79)
(88, 79)
(89, 79)
(90, 79)
(91, 79)
(32, 80)
(33, 80)
(34, 80)
(50, 80)
(51, 80)
(52, 80)
(53, 80)
(66, 80)
(67, 80)
(68, 80)
(69, 80)
(88, 80)
(89, 80)
(90, 80)
(91, 80)
(32, 81)
(33, 81)
(34, 81)
(66, 81)
(67, 81)
(68, 81)
(69, 81)
(88, 81)
(89, 81)
(90, 81)
(91, 81)
(20, 82)
(21, 82)
(22, 82)
(23, 82)
(24, 82)
(32, 82)
(33, 82)
(34, 82)
(20, 83)
(21, 83)
(22, 83)
(23, 83)
(24, 83)
(20, 84)
(21, 84)
(22, 84)
(23, 84)
(24, 84)
(44, 84)
(45, 84)
(46, 84)
(76, 84)
(77, 84)
(78, 84)
(79, 84)
(80, 84)
(44, 85)
(45, 85)
(46, 85)
(76, 85)
(77, 85)
(78, 85)
(79, 85)
(80, 85)
(81, 85)
(82, 85)
(83, 85)
(84, 85)
(95, 85)
(96, 85)
(97, 85)
(98, 85)
(99, 85)
(44, 86)
(45, 86)
(46, 86)
(76, 86)
(77, 86)
(78, 86)
(79, 86)
(80, 86)
(81, 86)
(82, 86)
(83, 86)
(84, 86)
(95, 86)
(96, 86)
(97, 86)
(98, 86)
(99, 86)
(76, 87)
(77, 87)
(78, 87)
(79, 87)
(80, 87)
(81, 87)
(82, 87)
(83, 87)
(84, 87)
(95, 87)
(96, 87)
(97, 87)
(98, 87)
(99, 87)
(61, 88)
(62, 88)
(63, 88)
(95, 88)
(96, 88)
(97, 88)
(98, 88)
(99, 88)
(5, 89)
(6, 89)
(7, 89)
(15, 89)
(16, 89)
(17, 89)
(18, 89)
(31, 89)
(32, 89)
(33, 89)
(61, 89)
(62, 89)
(63, 89)
(5, 90)
(6, 90)
(7, 90)
(15, 90)
(16, 90)
(17, 90)
(18, 90)
(20, 90)
(21, 90)
(22, 90)
(23, 90)
(31, 90)
(32, 90)
(33, 90)
(61, 90)
(62, 90)
(63, 90)
(86, 90)
(87, 90)
(88, 90)
(5, 91)
(6, 91)
(7, 91)
(15, 91)
(16, 91)
(17, 91)
(18, 91)
(20, 91)
(21, 91)
(22, 91)
(23, 91)
(31, 91)
(32, 91)
(33, 91)
(61, 91)
(62, 91)
(63, 91)
(86, 91)
(87, 91)
(88, 91)
(5, 92)
(6, 92)
(7, 92)
(20, 92)
(21, 92)
(22, 92)
(23, 92)
(31, 92)
(32, 92)
(33, 92)
(61, 92)
(62, 92)
(63, 92)
(86, 92)
(87, 92)
(88, 92)
(89, 92)
(90, 92)
(91, 92)
(92, 92)
(20, 93)
(21, 93)
(22, 93)
(23, 93)
(31, 93)
(32, 93)
(33, 93)
(74, 93)
(75, 93)
(76, 93)
(77, 93)
(86, 93)
(87, 93)
(88, 93)
(89, 93)
(90, 93)
(91, 93)
(92, 93)
(20, 94)
(21, 94)
(22, 94)
(23, 94)
(58, 94)
(59, 94)
(60, 94)
(61, 94)
(74, 94)
(75, 94)
(76, 94)
(77, 94)
(85, 94)
(86, 94)
(87, 94)
(89, 94)
(90, 94)
(91, 94)
(92, 94)
(58, 95)
(59, 95)
(60, 95)
(61, 95)
(74, 95)
(75, 95)
(76, 95)
(77, 95)
(85, 95)
(86, 95)
(87, 95)
(89, 95)
(90, 95)
(91, 95)
(92, 95)
(58, 96)
(59, 96)
(60, 96)
(61, 96)
(85, 96)
(86, 96)
(87, 96)
(89, 96)
(90, 96)
(91, 96)
(92, 96)
(12, 97)
(13, 97)
(14, 97)
(15, 97)
(12, 98)
(13, 98)
(14, 98)
(15, 98)
(12, 99)
(13, 99)
(14, 99)
(15, 99)
-
(0, 2, 1.0, -1, 0.5)
(1, 4, 1.0, -1, 0.5)
(2, 4, 1.0, -1, 0.5)
(3, 5, 1.0, -1, 0.5)
(4, 3, 1.0, -1, 0.5)
(5, 1, 1.0, -1, 0.5)
(6, 1, 1.0, -1, 0.5)
(7, 3, 1.0, -1, 0.5)
(8, 5, 1.0, -1, 0.5)
(9, 2, 1.0, -1, 0.5)
-
(0, (94,21), (48,4))
(1, (35,65), (7,49))
(2, (57,18), (57,60))
(3, (86,23), (30,47))
(4, (7,46), (18,12))
(5, (29,34), (96,74))
(6, (43,21), (85,98))
(7, (88,50), (14,71))
(8, (17,57), (67,23))
(9, (36,94), (21,12))
