100
(80, 4)
(81, 4)
(82, 4)
(83, 4)
(80, 5)
(81, 5)
(82, 5)
(83, 5)
(80, 6)
(81, 6)
(82, 6)
(83, 6)
(80, 7)
(81, 7)
(82, 7)
(83, 7)
(33, 8)
(34, 8)
(35, 8)
(33, 9)
(34, 9)
(35, 9)
(33, 10)
(34, 10)
(35, 10)
(33, 11)
(34, 11)
(35, 11)
(33, 12)
(34, 12)
(35, 12)
(73, 79)
(74, 79)
(75, 79)
(76, 79)
(73, 80)
(74, 80)
(75, 80)
(76, 80)
(73, 81)
(74, 81)
(75, 81)
(76, 81)
(52, 84)
(53, 84)
(54, 84)
(55, 84)
(56, 84)
(52, 85)
(53, 85)
(54, 85)
(55, 85)
(56, 85)
(52, 86)
(53, 86)
(54, 86)
(55, 86)
(56, 86)
(86, 87)
(87, 87)
(88, 87)
(86, 88)
(87, 88)
(88, 88)
(86, 89)
(87, 89)
(88, 89)
(86, 90)
(87, 90)
(88, 90)
(86, 91)
(87, 91)
(88, 91)
-
(0, 4, 1.0, -1, 0.5)
(1, 3, 1.0, -1, 0.5)
(2, 5, 1.0, -1, 0.5)
(3, 1, 1.0, -1, 0.5)
(4, 5, 1.0, -1, 0.5)
(5, 4, 1.0, -1, 0.5)
(6, 1, 1.0, -1, 0.5)
(7, 3, 1.0, -1, 0.5)
(8, 2, 1.0, -1, 0.5)
(9, 2, 1.0, -1, 0.5)
-
(0, (95,77), (48,70))
(1, (7,56), (80,80))
(2, (77,63), (4,45))
(3, (54,80), (11,11))
(4, (53,71), (1,78))
(5, (52,28), (83,52))
(6, (20,26), (37,53))
(7, (97,33), (46,74))
(8, (22,89), (22,43))
(9, (90,37), (22,35))
