100
(94, 9)
(95, 9)
(96, 9)
(97, 9)
(94, 10)
(95, 10)
(96, 10)
(97, 10)
(94, 11)
(95, 11)
(96, 11)
(97, 11)
(94, 12)
(95, 12)
(96, 12)
(97, 12)
(74, 52)
(75, 52)
(76, 52)
(74, 53)
(75, 53)
(76, 53)
(74, 54)
(75, 54)
(76, 54)
(74, 55)
(75, 55)
(76, 55)
(74, 56)
(75, 56)
(76, 56)
(67, 92)
(68, 92)
(69, 92)
(96, 92)
(97, 92)
(98, 92)
(99, 92)
(67, 93)
(68, 93)
(69, 93)
(96, 93)
(97, 93)
(98, 93)
(99, 93)
(67, 94)
(68, 94)
(69, 94)
(96, 94)
(97, 94)
(98, 94)
(99, 94)
(54, 95)
(55, 95)
(56, 95)
(57, 95)
(58, 95)
(67, 95)
(68, 95)
(69, 95)
(96, 95)
(97, 95)
(98, 95)
(99, 95)
(54, 96)
(55, 96)
(56, 96)
(57, 96)
(58, 96)
(67, 96)
(68, 96)
(69, 96)
(96, 96)
(97, 96)
(98, 96)
(99, 96)
(54, 97)
(55, 97)
(56, 97)
(57, 97)
(58, 97)
(54, 98)
(55, 98)
(56, 98)
(57, 98)
(58, 98)
(54, 99)
(55, 99)
(56, 99)
(57, 99)
(58, 99)
-
(0, 4, 1.0, -1, 0.5)
(1, 5, 1.0, -1, 0.5)
(2, 3, 1.0, -1, 0.5)
(3, 4, 1.0, -1, 0.5)
(4, 5, 1.0, -1, 0.5)
(5, 1, 1.0, -1, 0.5)
(6, 3, 1.0, -1, 0.5)
(7, 2, 1.0, -1, 0.5)
(8, 2, 1.0, -1, 0.5)
(9, 1, 1.0, -1, 0.5)
-
(0, (13,41), (53,7))
(1, (69,85), (79,28))
(2, (97,77), (27,11))
(3, (79,16), (5,59))
(4, (76,79), (70,15))
(5, (52,68), (19,0))
(6, (60,22), (81,92))
(7, (48,70), (10,18))
(8, (8,27), (52,33))
(9, (96,70), (28,52))
