100
(44, 3)
(45, 3)
(46, 3)
(47, 3)
(44, 4)
(45, 4)
(46, 4)
(47, 4)
(44, 5)
(45, 5)
(46, 5)
(47, 5)
(42, 9)
(43, 9)
(44, 9)
(42, 10)
(43, 10)
(44, 10)
(42, 11)
(43, 11)
(44, 11)
(29, 12)
(30, 12)
(31, 12)
(32, 12)
(29, 13)
(30, 13)
(31, 13)
(32, 13)
(29, 14)
(30, 14)
(31, 14)
(32, 14)
(29, 15)
(30, 15)
(31, 15)
(32, 15)
(33, 18)
(34, 18)
(35, 18)
(33, 19)
(34, 19)
(35, 19)
(33, 20)
(34, 20)
(35, 20)
(33, 21)
(34, 21)
(35, 21)
(90, 28)
(91, 28)
(92, 28)
(90, 29)
(91, 29)
(92, 29)
(90, 30)
(91, 30)
(92, 30)
(90, 31)
(91, 31)
(92, 31)
(90, 32)
(91, 32)
(92, 32)
(43, 62)
(44, 62)
(45, 62)
(43, 63)
(44, 63)
(45, 63)
(43, 64)
(44, 64)
(45, 64)
(43, 65)
(44, 65)
(45, 65)
(43, 66)
(44, 66)
(45, 66)
(22, 68)
(23, 68)
(24, 68)
(22, 69)
(23, 69)
(24, 69)
(22, 70)
(23, 70)
(24, 70)
(22, 71)
(23, 71)
(24, 71)
(22, 72)
(23, 72)
(24, 72)
(34, 86)
(35, 86)
(36, 86)
(34, 87)
(35, 87)
(36, 87)
(34, 88)
(35, 88)
(36, 88)
(18, 91)
(19, 91)
(20, 91)
(21, 91)
(18, 92)
(19, 92)
(20, 92)
(21, 92)
(50, 92)
(51, 92)
(52, 92)
(53, 92)
(18, 93)
(19, 93)
(20, 93)
(21, 93)
(50, 93)
(51, 93)
(52, 93)
(53, 93)
(50, 94)
(51, 94)
(52, 94)
(53, 94)
-
(0, 3, 1.0, -1, 0.5)
(1, 4, 1.0, -1, 0.5)
(2, 4, 1.0, -1, 0.5)
(3, 5, 1.0, -1, 0.5)
(4, 2, 1.0, -1, 0.5)
(5, 5, 1.0, -1, 0.5)
(6, 1, 1.0, -1, 0.5)
(7, 2, 1.0, -1, 0.5)
(8, 3, 1.0, -1, 0.5)
(9, 1, 1.0, -1, 0.5)
-
(0, (80,92), (58,33))
(1, (74,38), (78,85))
(2, (59,67), (3,73))
(3, (2,17), (81,26))
(4, (62,28), (48,75))
(5, (44,80), (74,23))
(6, (10,26), (12,65))
(7, (29,67), (74,93))
(8, (26,20), (94,38))
(9, (11,12), (50,95))
