100
(73, 1)
(74, 1)
(75, 1)
(73, 2)
(74, 2)
(75, 2)
(73, 3)
(74, 3)
(75, 3)
(73, 4)
(74, 4)
(75, 4)
(12, 5)
(13, 5)
(14, 5)
(15, 5)
(12, 6)
(13, 6)
(14, 6)
(15, 6)
(12, 7)
(13, 7)
(14, 7)
(15, 7)
(12, 8)
(13, 8)
(14, 8)
(15, 8)
(12, 9)
(13, 9)
(14, 9)
(15, 9)
(59, 9)
(60, 9)
(61, 9)
(17, 10)
(18, 10)
(19, 10)
(59, 10)
(60, 10)
(61, 10)
(17, 11)
(18, 11)
(19, 11)
(59, 11)
(60, 11)
(61, 11)
(17, 12)
(18, 12)
(19, 12)
(59, 12)
(60, 12)
(61, 12)
(17, 13)
(18, 13)
(19, 13)
(73, 19)
(74, 19)
(75, 19)
(5, 20)
(6, 20)
(7, 20)
(8, 20)
(9, 20)
(37, 20)
(38, 20)
(39, 20)
(40, 20)
(73, 20)
(74, 20)
(75, 20)
(5, 21)
(6, 21)
(7, 21)
(8, 21)
(9, 21)
(37, 21)
(38, 21)
(39, 21)
(40, 21)
(73, 21)
(74, 21)
(75, 21)
(5, 22)
(6, 22)
(7, 22)
(8, 22)
(9, 22)
(37, 22)
(38, 22)
(39, 22)
(40, 22)
(5, 23)
(6, 23)
(7, 23)
(8, 23)
(9, 23)
(37, 23)
(38, 23)
(39, 23)
(40, 23)
(5, 24)
(6, 24)
(7, 24)
(8, 24)
(9, 24)
(37, 24)
(38, 24)
(39, 24)
(40, 24)
(60, 24)
(61, 24)
(62, 24)
(60, 25)
(61, 25)
(62, 25)
(60, 26)
(61, 26)
(62, 26)
(23, 40)
(24, 40)
(25, 40)
(26, 40)
(27, 40)
(56, 40)
(57, 40)
(58, 40)
(59, 40)
(60, 40)
(23, 41)
(24, 41)
(25, 41)
(26, 41)
(27, 41)
(56, 41)
(57, 41)
(58, 41)
(59, 41)
(60, 41)
(23, 42)
(24, 42)
(25, 42)
(26, 42)
(27, 42)
(56, 42)
(57, 42)
(58, 42)
(59, 42)
(60, 42)
(18, 44)
(19, 44)
(20, 44)
(21, 44)
(18, 45)
(19, 45)
(20, 45)
(21, 45)
(18, 46)
(19, 46)
(20, 46)
(21, 46)
(57, 47)
(58, 47)
(59, 47)
(57, 48)
(58, 48)
(59, 48)
(57, 49)
(58, 49)
(59, 49)
(57, 50)
(58, 50)
(59, 50)
(18, 51)
(19, 51)
(20, 51)
(21, 51)
(22, 51)
(57, 51)
(58, 51)
(59, 51)
(18, 52)
(19, 52)
(20, 52)
(21, 52)
(22, 52)
(24, 52)
(25, 52)
(26, 52)
(27, 52)
(28, 52)
(18, 53)
(19, 53)
(20, 53)
(21, 53)
(22, 53)
(24, 53)
(25, 53)
(26, 53)
(27, 53)
(28, 53)
(18, 54)
(19, 54)
(20, 54)
(21, 54)
(22, 54)
(24, 54)
(25, 54)
(26, 54)
(27, 54)
(28, 54)
(18, 55)
(19, 55)
(20, 55)
(21, 55)
(22, 55)
(24, 55)
(25, 55)
(26, 55)
(27, 55)
(28, 55)
(29, 59)
(30, 59)
(31, 59)
(32, 59)
(29, 60)
(30, 60)
(31, 60)
(32, 60)
(39, 60)
(40, 60)
(41, 60)
(29, 61)
(30, 61)
(31, 61)
(32, 61)
(39, 61)
(40, 61)
(41, 61)
(29, 62)
(30, 62)
(31, 62)
(32, 62)
(39, 62)
(40, 62)
(41, 62)
(29, 63)
(30, 63)
(31, 63)
(32, 63)
(39, 63)
(40, 63)
(41, 63)
(39, 64)
(40, 64)
(41, 64)
(95, 66)
(96, 66)
(97, 66)
(98, 66)
(95, 67)
(96, 67)
(97, 67)
(98, 67)
(11, 68)
(12, 68)
(13, 68)
(14, 68)
(15, 68)
(32, 68)
(33, 68)
(34, 68)
(35, 68)
(95, 68)
(96, 68)
(97, 68)
(98, 68)
(11, 69)
(12, 69)
(13, 69)
(14, 69)
(15, 69)
(32, 69)
(33, 69)
(34, 69)
(35, 69)
(95, 69)
(96, 69)
(97, 69)
(98, 69)
(11, 70)
(12, 70)
(13, 70)
(14, 70)
(15, 70)
(32, 70)
(33, 70)
(34, 70)
(35, 70)
(44, 70)
(45, 70)
(46, 70)
(47, 70)
(48, 70)
(95, 70)
(96, 70)
(97, 70)
(98, 70)
(11, 71)
(12, 71)
(13, 71)
(14, 71)
(15, 71)
(44, 71)
(45, 71)
(46, 71)
(47, 71)
(48, 71)
(11, 72)
(12, 72)
(13, 72)
(14, 72)
(15, 72)
(44, 72)
(45, 72)
(46, 72)
(47, 72)
(48, 72)
(25, 73)
(26, 73)
(27, 73)
(44, 73)
(45, 73)
(46, 73)
(47, 73)
(48, 73)
(25, 74)
(26, 74)
(27, 74)
(25, 75)
(26, 75)
(27, 75)
(25, 76)
(26, 76)
(27, 76)
(25, 77)
(26, 77)
(27, 77)
(38, 78)
(39, 78)
(40, 78)
(38, 79)
(39, 79)
(40, 79)
(38, 80)
(39, 80)
(40, 80)
(38, 81)
(39, 81)
(40, 81)
(38, 82)
(39, 82)
(40, 82)
(68, 86)
(69, 86)
(70, 86)
(71, 86)
(72, 86)
(68, 87)
(69, 87)
(70, 87)
(71, 87)
(72, 87)
(68, 88)
(69, 88)
(70, 88)
(71, 88)
(72, 88)
(68, 89)
(69, 89)
(70, 89)
(71, 89)
(72, 89)
(68, 90)
(69, 90)
(70, 90)
(71, 90)
(72, 90)
(35, 95)
(36, 95)
(37, 95)
(38, 95)
(61, 95)
(62, 95)
(63, 95)
(64, 95)
(65, 95)
(35, 96)
(36, 96)
(37, 96)
(38, 96)
(61, 96)
(62, 96)
(63, 96)
(64, 96)
(65, 96)
(35, 97)
(36, 97)
(37, 97)
(38, 97)
(61, 97)
(62, 97)
(63, 97)
(64, 97)
(65, 97)
(61, 98)
(62, 98)
(63, 98)
(64, 98)
(65, 98)
-
(0, 2, 1.0, -1, 0.5)
(1, 3, 1.0, -1, 0.5)
(2, 3, 1.0, -1, 0.5)
(3, 5, 1.0, -1, 0.5)
(4, 4, 1.0, -1, 0.5)
(5, 2, 1.0, -1, 0.5)
(6, 4, 1.0, -1, 0.5)
(7, 5, 1.0, -1, 0.5)
(8, 1, 1.0, -1, 0.5)
(9, 1, 1.0, -1, 0.5)
-
(0, (97,60), (18,75))
(1, (43,93), (51,35))
(2, (20,32), (65,69))
(3, (0,9), (76,36))
(4, (56,90), (42,61))
(5, (52,60), (87,56))
(6, (26,45), (83,49))
(7, (95,37), (82,82))
(8, (37,16), (92,59))
(9, (7,18), (5,62))
