100
(68, 0)
(69, 0)
(70, 0)
(71, 0)
(72, 0)
(32, 1)
(33, 1)
(34, 1)
(35, 1)
(68, 1)
(69, 1)
(70, 1)
(71, 1)
(72, 1)
(83, 1)
(84, 1)
(85, 1)
(86, 1)
(87, 1)
(32, 2)
(33, 2)
(34, 2)
(35, 2)
(61, 2)
(62, 2)
(63, 2)
(68, 2)
(69, 2)
(70, 2)
(71, 2)
(72, 2)
(83, 2)
(84, 2)
(85, 2)
(86, 2)
(87, 2)
(3, 3)
(4, 3)
(5, 3)
(6, 3)
(32, 3)
(33, 3)
(34, 3)
(35, 3)
(61, 3)
(62, 3)
(63, 3)
(83, 3)
(84, 3)
(85, 3)
(86, 3)
(87, 3)
(3, 4)
(4, 4)
(5, 4)
(6, 4)
(61, 4)
(62, 4)
(63, 4)
(83, 4)
(84, 4)
(85, 4)
(86, 4)
(87, 4)
(3, 5)
(4, 5)
(5, 5)
(6, 5)
(40, 5)
(41, 5)
(42, 5)
(43, 5)
(44, 5)
(61, 5)
(62, 5)
(63, 5)
(73, 5)
(74, 5)
(75, 5)
(83, 5)
(84, 5)
(85, 5)
(86, 5)
(87, 5)
(90, 5)
(91, 5)
(92, 5)
(93, 5)
(94, 5)
(3, 6)
(4, 6)
(5, 6)
(6, 6)
(40, 6)
(41, 6)
(42, 6)
(43, 6)
(44, 6)
(66, 6)
(67, 6)
(68, 6)
(69, 6)
(73, 6)
(74, 6)
(75, 6)
(90, 6)
(91, 6)
(92, 6)
(93, 6)
(94, 6)
(40, 7)
(41, 7)
(42, 7)
(43, 7)
(44, 7)
(66, 7)
(67, 7)
(68, 7)
(69, 7)
(73, 7)
(74, 7)
(75, 7)
(90, 7)
(91, 7)
(92, 7)
(93, 7)
(94, 7)
(6, 8)
(7, 8)
(8, 8)
(9, 8)
(10, 8)
(40, 8)
(41, 8)
(42, 8)
(43, 8)
(44, 8)
(66, 8)
(67, 8)
(68, 8)
(69, 8)
(2, 9)
(3, 9)
(4, 9)
(6, 9)
(7, 9)
(8, 9)
(9, 9)
(10, 9)
(40, 9)
(41, 9)
(42, 9)
(43, 9)
(44, 9)
(2, 10)
(3, 10)
(4, 10)
(6, 10)
(7, 10)
(8, 10)
(9, 10)
(10, 10)
(20, 10)
(21, 10)
(22, 10)
(23, 10)
(24, 10)
(65, 10)
(66, 10)
(67, 10)
(68, 10)
(85, 10)
(86, 10)
(87, 10)
(2, 11)
(3, 11)
(4, 11)
(6, 11)
(7, 11)
(8, 11)
(9, 11)
(10, 11)
(20, 11)
(21, 11)
(22, 11)
(23, 11)
(24, 11)
(65, 11)
(66, 11)
(67, 11)
(68, 11)
(85, 11)
(86, 11)
(87, 11)
(2, 12)
(3, 12)
(4, 12)
(6, 12)
(7, 12)
(8, 12)
(9, 12)
(10, 12)
(20, 12)
(21, 12)
(22, 12)
(23, 12)
(24, 12)
(65, 12)
(66, 12)
(67, 12)
(68, 12)
(85, 12)
(86, 12)
(87, 12)
(20, 13)
(21, 13)
(22, 13)
(23, 13)
(24, 13)
(65, 13)
(66, 13)
(67, 13)
(68, 13)
(95, 13)
(96, 13)
(97, 13)
(98, 13)
(42, 14)
(43, 14)
(44, 14)
(45, 14)
(46, 14)
(65, 14)
(66, 14)
(67, 14)
(68, 14)
(95, 14)
(96, 14)
(97, 14)
(98, 14)
(42, 15)
(43, 15)
(44, 15)
(45, 15)
(46, 15)
(95, 15)
(96, 15)
(97, 15)
(98, 15)
(42, 16)
(43, 16)
(44, 16)
(45, 16)
(46, 16)
(38, 17)
(39, 17)
(40, 17)
(42, 17)
(43, 17)
(44, 17)
(45, 17)
(46, 17)
(38, 18)
(39, 18)
(40, 18)
(42, 18)
(43, 18)
(44, 18)
(45, 18)
(46, 18)
(38, 19)
(39, 19)
(40, 19)
(85, 19)
(86, 19)
(87, 19)
(38, 20)
(39, 20)
(40, 20)
(85, 20)
(86, 20)
(87, 20)
(85, 21)
(86, 21)
(87, 21)
(85, 22)
(86, 22)
(87, 22)
(68, 23)
(69, 23)
(70, 23)
(71, 23)
(72, 23)
(85, 23)
(86, 23)
(87, 23)
(59, 24)
(60, 24)
(61, 24)
(62, 24)
(63, 24)
(68, 24)
(69, 24)
(70, 24)
(71, 24)
(72, 24)
(52, 25)
(53, 25)
(54, 25)
(55, 25)
(59, 25)
(60, 25)
(61, 25)
(62, 25)
(63, 25)
(68, 25)
(69, 25)
(70, 25)
(71, 25)
(72, 25)
(92, 25)
(93, 25)
(94, 25)
(95, 25)
(18, 26)
(19, 26)
(20, 26)
(21, 26)
(45, 26)
(46, 26)
(47, 26)
(52, 26)
(53, 26)
(54, 26)
(55, 26)
(59, 26)
(60, 26)
(61, 26)
(62, 26)
(63, 26)
(68, 26)
(69, 26)
(70, 26)
(71, 26)
(72, 26)
(79, 26)
(80, 26)
(81, 26)
(82, 26)
(92, 26)
(93, 26)
(94, 26)
(95, 26)
(18, 27)
(19, 27)
(20, 27)
(21, 27)
(45, 27)
(46, 27)
(47, 27)
(52, 27)
(53, 27)
(54, 27)
(55, 27)
(59, 27)
(60, 27)
(61, 27)
(62, 27)
(63, 27)
(79, 27)
(80, 27)
(81, 27)
(82, 27)
(92, 27)
(93, 27)
(94, 27)
(95, 27)
(18, 28)
(19, 28)
(20, 28)
(21, 28)
(45, 28)
(46, 28)
(47, 28)
(59, 28)
(60, 28)
(61, 28)
(62, 28)
(63, 28)
(79, 28)
(80, 28)
(81, 28)
(82, 28)
(92, 28)
(93, 28)
(94, 28)
(95, 28)
(18, 29)
(19, 29)
(20, 29)
(21, 29)
(45, 29)
(46, 29)
(47, 29)
(79, 29)
(80, 29)
(81, 29)
(82, 29)
(79, 30)
(80, 30)
(81, 30)
(82, 30)
(66, 31)
(67, 31)
(68, 31)
(92, 31)
(93, 31)
(94, 31)
(7, 32)
(8, 32)
(9, 32)
(10, 32)
(14, 32)
(15, 32)
(16, 32)
(17, 32)
(60, 32)
(61, 32)
(62, 32)
(66, 32)
(67, 32)
(68, 32)
(92, 32)
(93, 32)
(94, 32)
(7, 33)
(8, 33)
(9, 33)
(10, 33)
(14, 33)
(15, 33)
(16, 33)
(17, 33)
(60, 33)
(61, 33)
(62, 33)
(66, 33)
(67, 33)
(68, 33)
(69, 33)
(70, 33)
(71, 33)
(72, 33)
(92, 33)
(93, 33)
(94, 33)
(7, 34)
(8, 34)
(9, 34)
(10, 34)
(14, 34)
(15, 34)
(16, 34)
(17, 34)
(60, 34)
(61, 34)
(62, 34)
(69, 34)
(70, 34)
(71, 34)
(72, 34)
(73, 34)
(74, 34)
(75, 34)
(76, 34)
(77, 34)
(92, 34)
(93, 34)
(94, 34)
(14, 35)
(15, 35)
(16, 35)
(17, 35)
(18, 35)
(19, 35)
(20, 35)
(21, 35)
(22, 35)
(33, 35)
(34, 35)
(35, 35)
(36, 35)
(60, 35)
(61, 35)
(62, 35)
(69, 35)
(70, 35)
(71, 35)
(72, 35)
(73, 35)
(74, 35)
(75, 35)
(76, 35)
(77, 35)
(92, 35)
(93, 35)
(94, 35)
(18, 36)
(19, 36)
(20, 36)
(21, 36)
(22, 36)
(23, 36)
(24, 36)
(25, 36)
(26, 36)
(33, 36)
(34, 36)
(35, 36)
(36, 36)
(60, 36)
(61, 36)
(62, 36)
(69, 36)
(70, 36)
(71, 36)
(72, 36)
(73, 36)
(74, 36)
(75, 36)
(76, 36)
(77, 36)
(18, 37)
(19, 37)
(20, 37)
(21, 37)
(22, 37)
(23, 37)
(24, 37)
(25, 37)
(26, 37)
(33, 37)
(34, 37)
(35, 37)
(36, 37)
(38, 37)
(39, 37)
(40, 37)
(18, 38)
(19, 38)
(20, 38)
(21, 38)
(22, 38)
(23, 38)
(24, 38)
(25, 38)
(26, 38)
(33, 38)
(34, 38)
(35, 38)
(36, 38)
(38, 38)
(39, 38)
(40, 38)
(18, 39)
(19, 39)
(20, 39)
(21, 39)
(22, 39)
(23, 39)
(24, 39)
(25, 39)
(26, 39)
(33, 39)
(34, 39)
(35, 39)
(36, 39)
(38, 39)
(39, 39)
(40, 39)
(23, 40)
(24, 40)
(25, 40)
(26, 40)
(38, 40)
(39, 40)
(40, 40)
(86, 40)
(87, 40)
(88, 40)
(89, 40)
(38, 41)
(39, 41)
(40, 41)
(69, 41)
(70, 41)
(71, 41)
(72, 41)
(86, 41)
(87, 41)
(88, 41)
(89, 41)
(96, 41)
(97, 41)
(98, 41)
(99, 41)
(27, 42)
(28, 42)
(29, 42)
(42, 42)
(43, 42)
(44, 42)
(45, 42)
(69, 42)
(70, 42)
(71, 42)
(72, 42)
(74, 42)
(75, 42)
(76, 42)
(77, 42)
(78, 42)
(86, 42)
(87, 42)
(88, 42)
(89, 42)
(96, 42)
(97, 42)
(98, 42)
(99, 42)
(27, 43)
(28, 43)
(29, 43)
(42, 43)
(43, 43)
(44, 43)
(45, 43)
(69, 43)
(70, 43)
(71, 43)
(72, 43)
(74, 43)
(75, 43)
(76, 43)
(77, 43)
(78, 43)
(96, 43)
(97, 43)
(98, 43)
(99, 43)
(27, 44)
(28, 44)
(29, 44)
(42, 44)
(43, 44)
(44, 44)
(45, 44)
(74, 44)
(75, 44)
(76, 44)
(77, 44)
(78, 44)
(96, 44)
(97, 44)
(98, 44)
(99, 44)
(6, 45)
(7, 45)
(8, 45)
(42, 45)
(43, 45)
(44, 45)
(45, 45)
(74, 45)
(75, 45)
(76, 45)
(77, 45)
(78, 45)
(6, 46)
(7, 46)
(8, 46)
(36, 46)
(37, 46)
(38, 46)
(42, 46)
(43, 46)
(44, 46)
(45, 46)
(74, 46)
(75, 46)
(76, 46)
(77, 46)
(78, 46)
(6, 47)
(7, 47)
(8, 47)
(36, 47)
(37, 47)
(38, 47)
(6, 48)
(7, 48)
(8, 48)
(36, 48)
(37, 48)
(38, 48)
(6, 49)
(7, 49)
(8, 49)
(67, 51)
(68, 51)
(69, 51)
(70, 51)
(74, 51)
(75, 51)
(76, 51)
(77, 51)
(78, 51)
(67, 52)
(68, 52)
(69, 52)
(70, 52)
(74, 52)
(75, 52)
(76, 52)
(77, 52)
(78, 52)
(67, 53)
(68, 53)
(69, 53)
(70, 53)
(74, 53)
(75, 53)
(76, 53)
(77, 53)
(78, 53)
(80, 53)
(81, 53)
(82, 53)
(34, 54)
(35, 54)
(36, 54)
(37, 54)
(38, 54)
(67, 54)
(68, 54)
(69, 54)
(70, 54)
(74, 54)
(75, 54)
(76, 54)
(77, 54)
(78, 54)
(80, 54)
(81, 54)
(82, 54)
(34, 55)
(35, 55)
(36, 55)
(37, 55)
(38, 55)
(39, 55)
(40, 55)
(41, 55)
(42, 55)
(43, 55)
(80, 55)
(81, 55)
(82, 55)
(91, 55)
(92, 55)
(93, 55)
(94, 55)
(34, 56)
(35, 56)
(36, 56)
(37, 56)
(38, 56)
(39, 56)
(40, 56)
(41, 56)
(42, 56)
(43, 56)
(49, 56)
(50, 56)
(51, 56)
(52, 56)
(53, 56)
(80, 56)
(81, 56)
(82, 56)
(91, 56)
(92, 56)
(93, 56)
(94, 56)
(34, 57)
(35, 57)
(36, 57)
(37, 57)
(38, 57)
(39, 57)
(40, 57)
(41, 57)
(42, 57)
(43, 57)
(49, 57)
(50, 57)
(51, 57)
(52, 57)
(53, 57)
(60, 57)
(61, 57)
(62, 57)
(63, 57)
(91, 57)
(92, 57)
(93, 57)
(94, 57)
(34, 58)
(35, 58)
(36, 58)
(37, 58)
(38, 58)
(39, 58)
(40, 58)
(41, 58)
(42, 58)
(43, 58)
(49, 58)
(50, 58)
(51, 58)
(52, 58)
(53, 58)
(60, 58)
(61, 58)
(62, 58)
(63, 58)
(91, 58)
(92, 58)
(93, 58)
(94, 58)
(49, 59)
(50, 59)
(51, 59)
(52, 59)
(53, 59)
(60, 59)
(61, 59)
(62, 59)
(63, 59)
(49, 60)
(50, 60)
(51, 60)
(52, 60)
(53, 60)
(90, 60)
(91, 60)
(92, 60)
(93, 60)
(94, 60)
(35, 61)
(36, 61)
(37, 61)
(90, 61)
(91, 61)
(92, 61)
(93, 61)
(94, 61)
(35, 62)
(36, 62)
(37, 62)
(38, 62)
(39, 62)
(40, 62)
(81, 62)
(82, 62)
(83, 62)
(84, 62)
(85, 62)
(90, 62)
(91, 62)
(92, 62)
(93, 62)
(94, 62)
(35, 63)
(36, 63)
(37, 63)
(38, 63)
(39, 63)
(40, 63)
(81, 63)
(82, 63)
(83, 63)
(84, 63)
(85, 63)
(90, 63)
(91, 63)
(92, 63)
(93, 63)
(94, 63)
(35, 64)
(36, 64)
(37, 64)
(38, 64)
(39, 64)
(40, 64)
(81, 64)
(82, 64)
(83, 64)
(84, 64)
(85, 64)
(90, 64)
(91, 64)
(92, 64)
(93, 64)
(94, 64)
(35, 65)
(36, 65)
(37, 65)
(81, 65)
(82, 65)
(83, 65)
(84, 65)
(85, 65)
(81, 66)
(82, 66)
(83, 66)
(84, 66)
(85, 66)
(86, 66)
(87, 66)
(88, 66)
(89, 66)
(4, 67)
(5, 67)
(6, 67)
(7, 67)
(40, 67)
(41, 67)
(42, 67)
(43, 67)
(44, 67)
(86, 67)
(87, 67)
(88, 67)
(89, 67)
(4, 68)
(5, 68)
(6, 68)
(7, 68)
(10, 68)
(11, 68)
(12, 68)
(13, 68)
(40, 68)
(41, 68)
(42, 68)
(43, 68)
(44, 68)
(66, 68)
(67, 68)
(68, 68)
(69, 68)
(86, 68)
(87, 68)
(88, 68)
(89, 68)
(4, 69)
(5, 69)
(6, 69)
(7, 69)
(10, 69)
(11, 69)
(12, 69)
(13, 69)
(14, 69)
(15, 69)
(16, 69)
(17, 69)
(18, 69)
(40, 69)
(41, 69)
(42, 69)
(43, 69)
(44, 69)
(66, 69)
(67, 69)
(68, 69)
(69, 69)
(86, 69)
(87, 69)
(88, 69)
(89, 69)
(10, 70)
(11, 70)
(12, 70)
(13, 70)
(14, 70)
(15, 70)
(16, 70)
(17, 70)
(18, 70)
(40, 70)
(41, 70)
(42, 70)
(43, 70)
(44, 70)
(52, 70)
(53, 70)
(54, 70)
(55, 70)
(56, 70)
(66, 70)
(67, 70)
(68, 70)
(69, 70)
(71, 70)
(72, 70)
(73, 70)
(81, 70)
(82, 70)
(83, 70)
(86, 70)
(87, 70)
(88, 70)
(89, 70)
(14, 71)
(15, 71)
(16, 71)
(17, 71)
(18, 71)
(40, 71)
(41, 71)
(42, 71)
(43, 71)
(44, 71)
(52, 71)
(53, 71)
(54, 71)
(55, 71)
(56, 71)
(71, 71)
(72, 71)
(73, 71)
(81, 71)
(82, 71)
(83, 71)
(14, 72)
(15, 72)
(16, 72)
(17, 72)
(18, 72)
(52, 72)
(53, 72)
(54, 72)
(55, 72)
(56, 72)
(71, 72)
(72, 72)
(73, 72)
(81, 72)
(82, 72)
(83, 72)
(14, 73)
(15, 73)
(16, 73)
(17, 73)
(18, 73)
(52, 73)
(53, 73)
(54, 73)
(55, 73)
(56, 73)
(66, 73)
(67, 73)
(68, 73)
(71, 73)
(72, 73)
(73, 73)
(81, 73)
(82, 73)
(83, 73)
(11, 74)
(12, 74)
(13, 74)
(14, 74)
(52, 74)
(53, 74)
(54, 74)
(55, 74)
(56, 74)
(66, 74)
(67, 74)
(68, 74)
(71, 74)
(72, 74)
(73, 74)
(81, 74)
(82, 74)
(83, 74)
(11, 75)
(12, 75)
(13, 75)
(14, 75)
(33, 75)
(34, 75)
(35, 75)
(36, 75)
(37, 75)
(66, 75)
(67, 75)
(68, 75)
(89, 75)
(90, 75)
(91, 75)
(92, 75)
(11, 76)
(12, 76)
(13, 76)
(14, 76)
(33, 76)
(34, 76)
(35, 76)
(36, 76)
(37, 76)
(51, 76)
(52, 76)
(53, 76)
(54, 76)
(89, 76)
(90, 76)
(91, 76)
(92, 76)
(33, 77)
(34, 77)
(35, 77)
(36, 77)
(37, 77)
(51, 77)
(52, 77)
(53, 77)
(54, 77)
(89, 77)
(90, 77)
(91, 77)
(92, 77)
(33, 78)
(34, 78)
(35, 78)
(36, 78)
(37, 78)
(40, 78)
(41, 78)
(42, 78)
(51, 78)
(52, 78)
(53, 78)
(54, 78)
(81, 78)
(82, 78)
(83, 78)
(84, 78)
(85, 78)
(40, 79)
(41, 79)
(42, 79)
(51, 79)
(52, 79)
(53, 79)
(54, 79)
(81, 79)
(82, 79)
(83, 79)
(84, 79)
(85, 79)
(40, 80)
(41, 80)
(42, 80)
(51, 80)
(52, 80)
(53, 80)
(54, 80)
(81, 80)
(82, 80)
(83, 80)
(84, 80)
(85, 80)
(16, 81)
(17, 81)
(18, 81)
(19, 81)
(20, 81)
(21, 81)
(22, 81)
(23, 81)
(24, 81)
(40, 81)
(41, 81)
(42, 81)
(81, 81)
(82, 81)
(83, 81)
(84, 81)
(85, 81)
(86, 81)
(87, 81)
(88, 81)
(89, 81)
(90, 81)
(16, 82)
(17, 82)
(18, 82)
(19, 82)
(20, 82)
(21, 82)
(22, 82)
(23, 82)
(24, 82)
(27, 82)
(28, 82)
(29, 82)
(40, 82)
(41, 82)
(42, 82)
(86, 82)
(87, 82)
(88, 82)
(89, 82)
(90, 82)
(2, 83)
(3, 83)
(4, 83)
(16, 83)
(17, 83)
(18, 83)
(19, 83)
(20, 83)
(21, 83)
(22, 83)
(23, 83)
(24, 83)
(27, 83)
(28, 83)
(29, 83)
(86, 83)
(87, 83)
(88, 83)
(89, 83)
(90, 83)
(2, 84)
(3, 84)
(4, 84)
(16, 84)
(17, 84)
(18, 84)
(19, 84)
(20, 84)
(27, 84)
(28, 84)
(29, 84)
(75, 84)
(76, 84)
(77, 84)
(78, 84)
(79, 84)
(2, 85)
(3, 85)
(4, 85)
(6, 85)
(7, 85)
(8, 85)
(9, 85)
(16, 85)
(17, 85)
(18, 85)
(19, 85)
(20, 85)
(27, 85)
(28, 85)
(29, 85)
(53, 85)
(54, 85)
(55, 85)
(56, 85)
(57, 85)
(75, 85)
(76, 85)
(77, 85)
(78, 85)
(79, 85)
(2, 86)
(3, 86)
(4, 86)
(6, 86)
(7, 86)
(8, 86)
(9, 86)
(53, 86)
(54, 86)
(55, 86)
(56, 86)
(57, 86)
(75, 86)
(76, 86)
(77, 86)
(78, 86)
(79, 86)
(95, 86)
(96, 86)
(97, 86)
(98, 86)
(2, 87)
(3, 87)
(4, 87)
(6, 87)
(7, 87)
(8, 87)
(9, 87)
(53, 87)
(54, 87)
(55, 87)
(56, 87)
(57, 87)
(75, 87)
(76, 87)
(77, 87)
(78, 87)
(79, 87)
(95, 87)
(96, 87)
(97, 87)
(98, 87)
(6, 88)
(7, 88)
(8, 88)
(9, 88)
(53, 88)
(54, 88)
(55, 88)
(56, 88)
(57, 88)
(95, 88)
(96, 88)
(97, 88)
(98, 88)
(0, 89)
(1, 89)
(2, 89)
(3, 89)
(6, 89)
(7, 89)
(8, 89)
(9, 89)
(14, 89)
(15, 89)
(16, 89)
(53, 89)
(54, 89)
(55, 89)
(56, 89)
(57, 89)
(88, 89)
(89, 89)
(90, 89)
(91, 89)
(92, 89)
(0, 90)
(1, 90)
(2, 90)
(3, 90)
(14, 90)
(15, 90)
(16, 90)
(88, 90)
(89, 90)
(90, 90)
(91, 90)
(92, 90)
(95, 90)
(96, 90)
(97, 90)
(0, 91)
(1, 91)
(2, 91)
(3, 91)
(14, 91)
(15, 91)
(16, 91)
(88, 91)
(89, 91)
(90, 91)
(91, 91)
(92, 91)
(95, 91)
(96, 91)
(97, 91)
(3, 92)
(4, 92)
(5, 92)
(6, 92)
(7, 92)
(14, 92)
(15, 92)
(16, 92)
(65, 92)
(66, 92)
(67, 92)
(68, 92)
(69, 92)
(88, 92)
(89, 92)
(90, 92)
(91, 92)
(92, 92)
(95, 92)
(96, 92)
(97, 92)
(3, 93)
(4, 93)
(5, 93)
(6, 93)
(7, 93)
(65, 93)
(66, 93)
(67, 93)
(68, 93)
(69, 93)
(88, 93)
(89, 93)
(90, 93)
(91, 93)
(92, 93)
(95, 93)
(96, 93)
(97, 93)
(3, 94)
(4, 94)
(5, 94)
(6, 94)
(7, 94)
(10, 94)
(11, 94)
(12, 94)
(65, 94)
(66, 94)
(67, 94)
(68, 94)
(69, 94)
(95, 94)
(96, 94)
(97, 94)
(10, 95)
(11, 95)
(12, 95)
(32, 95)
(33, 95)
(34, 95)
(10, 96)
(11, 96)
(12, 96)
(32, 96)
(33, 96)
(34, 96)
(10, 97)
(11, 97)
(12, 97)
(32, 97)
(33, 97)
(34, 97)
(64, 97)
(65, 97)
(66, 97)
(67, 97)
(10, 98)
(11, 98)
(12, 98)
(32, 98)
(33, 98)
(34, 98)
(64, 98)
(65, 98)
(66, 98)
(67, 98)
(32, 99)
(33, 99)
(34, 99)
(64, 99)
(65, 99)
(66, 99)
(67, 99)
-
(0, 3, 1.0, -1, 0.5)
(1, 2, 1.0, -1, 0.5)
(2, 2, 1.0, -1, 0.5)
(3, 1, 1.0, -1, 0.5)
(4, 1, 1.0, -1, 0.5)
(5, 3, 1.0, -1, 0.5)
(6, 4, 1.0, -1, 0.5)
(7, 4, 1.0, -1, 0.5)
(8, 5, 1.0, -1, 0.5)
(9, 5, 1.0, -1, 0.5)
-
(0, (19,50), (25,89))
(1, (86,33), (52,1))
(2, (47,65), (75,26))
(3, (93,74), (42,72))
(4, (81,4), (19,48))
(5, (18,86), (79,12))
(6, (43,76), (60,51))
(7, (33,4), (76,37))
(8, (73,88), (17,62))
(9, (26,67), (81,33))
