100
(71, 5)
(72, 5)
(73, 5)
(74, 5)
(75, 5)
(71, 6)
(72, 6)
(73, 6)
(74, 6)
(75, 6)
(71, 7)
(72, 7)
(73, 7)
(74, 7)
(75, 7)
(71, 8)
(72, 8)
(73, 8)
(74, 8)
(75, 8)
(59, 18)
(60, 18)
(61, 18)
(62, 18)
(63, 18)
(59, 19)
(60, 19)
(61, 19)
(62, 19)
(63, 19)
(59, 20)
(60, 20)
(61, 20)
(62, 20)
(63, 20)
(59, 21)
(60, 21)
(61, 21)
(62, 21)
(63, 21)
(59, 22)
(60, 22)
(61, 22)
(62, 22)
(63, 22)
(15, 27)
(16, 27)
(17, 27)
(18, 27)
(15, 28)
(16, 28)
(17, 28)
(18, 28)
(51, 28)
(52, 28)
(53, 28)
(15, 29)
(16, 29)
(17, 29)
(18, 29)
(51, 29)
(52, 29)
(53, 29)
(51, 30)
(52, 30)
(53, 30)
(51, 31)
(52, 31)
(53, 31)
(51, 32)
(52, 32)
(53, 32)
(62, 32)
(63, 32)
(64, 32)
(65, 32)
(66, 32)
(62, 33)
(63, 33)
(64, 33)
(65, 33)
(66, 33)
(62, 34)
(63, 34)
(64, 34)
(65, 34)
(66, 34)
(62, 35)
(63, 35)
(64, 35)
(65, 35)
(66, 35)
(91, 35)
(92, 35)
(93, 35)
(12, 36)
(13, 36)
(14, 36)
(15, 36)
(16, 36)
(91, 36)
(92, 36)
(93, 36)
(12, 37)
(13, 37)
(14, 37)
(15, 37)
(16, 37)
(91, 37)
(92, 37)
(93, 37)
(12, 38)
(13, 38)
(14, 38)
(15, 38)
(16, 38)
(91, 38)
(92, 38)
(93, 38)
(12, 39)
(13, 39)
(14, 39)
(15, 39)
(16, 39)
(10, 81)
(11, 81)
(12, 81)
(10, 82)
(11, 82)
(12, 82)
(10, 83)
(11, 83)
(12, 83)
(10, 84)
(11, 84)
(12, 84)
(35, 85)
(36, 85)
(37, 85)
(38, 85)
(35, 86)
(36, 86)
(37, 86)
(38, 86)
(20, 87)
(21, 87)
(22, 87)
(23, 87)
(35, 87)
(36, 87)
(37, 87)
(38, 87)
(20, 88)
(21, 88)
(22, 88)
(23, 88)
(20, 89)
(21, 89)
(22, 89)
(23, 89)
(20, 90)
(21, 90)
(22, 90)
(23, 90)
-
(0, 4, 1.0, -1, 0.5)
(1, 1, 1.0, -1, 0.5)
(2, 5, 1.0, -1, 0.5)
(3, 2, 1.0, -1, 0.5)
(4, 2, 1.0, -1, 0.5)
(5, 1, 1.0, -1, 0.5)
(6, 3, 1.0, -1, 0.5)
(7, 4, 1.0, -1, 0.5)
(8, 5, 1.0, -1, 0.5)
(9, 3, 1.0, -1, 0.5)
-
(0, (32,56), (85,16))
(1, (36,15), (77,52))
(2, (92,80), (12,56))
(3, (61,89), (53,41))
(4, (24,15), (67,96))
(5, (76,54), (71,83))
(6, (80,42), (14,12))
(7, (7,33), (49,64))
(8, (23,79), (27,14))
(9, (29,94), (20,36))
