100
(74, 1)
(75, 1)
(76, 1)
(77, 1)
(78, 1)
(56, 2)
(57, 2)
(58, 2)
(59, 2)
(60, 2)
(74, 2)
(75, 2)
(76, 2)
(77, 2)
(78, 2)
(56, 3)
(57, 3)
(58, 3)
(59, 3)
(60, 3)
(74, 3)
(75, 3)
(76, 3)
(77, 3)
(78, 3)
(89, 3)
(90, 3)
(91, 3)
(56, 4)
(57, 4)
(58, 4)
(59, 4)
(60, 4)
(74, 4)
(75, 4)
(76, 4)
(77, 4)
(78, 4)
(89, 4)
(90, 4)
(91, 4)
(56, 5)
(57, 5)
(58, 5)
(59, 5)
(60, 5)
(89, 5)
(90, 5)
(91, 5)
(56, 6)
(57, 6)
(58, 6)
(59, 6)
(60, 6)
(89, 6)
(90, 6)
(91, 6)
(89, 7)
(90, 7)
(91, 7)
(44, 8)
(45, 8)
(46, 8)
(25, 9)
(26, 9)
(27, 9)
(44, 9)
(45, 9)
(46, 9)
(25, 10)
(26, 10)
(27, 10)
(44, 10)
(45, 10)
(46, 10)
(25, 11)
(26, 11)
(27, 11)
(44, 11)
(45, 11)
(46, 11)
(25, 12)
(26, 12)
(27, 12)
(29, 12)
(30, 12)
(31, 12)
(32, 12)
(33, 12)
(13, 13)
(14, 13)
(15, 13)
(16, 13)
(29, 13)
(30, 13)
(31, 13)
(32, 13)
(33, 13)
(79, 13)
(80, 13)
(81, 13)
(84, 13)
(85, 13)
(86, 13)
(87, 13)
(3, 14)
(4, 14)
(5, 14)
(13, 14)
(14, 14)
(15, 14)
(16, 14)
(29, 14)
(30, 14)
(31, 14)
(32, 14)
(33, 14)
(79, 14)
(80, 14)
(81, 14)
(84, 14)
(85, 14)
(86, 14)
(87, 14)
(3, 15)
(4, 15)
(5, 15)
(9, 15)
(10, 15)
(11, 15)
(12, 15)
(13, 15)
(14, 15)
(15, 15)
(16, 15)
(25, 15)
(26, 15)
(27, 15)
(28, 15)
(29, 15)
(30, 15)
(31, 15)
(32, 15)
(33, 15)
(79, 15)
(80, 15)
(81, 15)
(84, 15)
(85, 15)
(86, 15)
(87, 15)
(3, 16)
(4, 16)
(5, 16)
(9, 16)
(10, 16)
(11, 16)
(12, 16)
(13, 16)
(14, 16)
(15, 16)
(16, 16)
(25, 16)
(26, 16)
(27, 16)
(28, 16)
(29, 16)
(30, 16)
(31, 16)
(32, 16)
(33, 16)
(41, 16)
(42, 16)
(43, 16)
(79, 16)
(80, 16)
(81, 16)
(85, 16)
(86, 16)
(87, 16)
(88, 16)
(89, 16)
(0, 17)
(1, 17)
(2, 17)
(3, 17)
(4, 17)
(9, 17)
(10, 17)
(11, 17)
(12, 17)
(13, 17)
(14, 17)
(15, 17)
(16, 17)
(25, 17)
(26, 17)
(27, 17)
(28, 17)
(41, 17)
(42, 17)
(43, 17)
(68, 17)
(69, 17)
(70, 17)
(71, 17)
(72, 17)
(85, 17)
(86, 17)
(87, 17)
(88, 17)
(89, 17)
(95, 17)
(96, 17)
(97, 17)
(0, 18)
(1, 18)
(2, 18)
(3, 18)
(4, 18)
(25, 18)
(26, 18)
(27, 18)
(28, 18)
(41, 18)
(42, 18)
(43, 18)
(68, 18)
(69, 18)
(70, 18)
(71, 18)
(72, 18)
(74, 18)
(75, 18)
(76, 18)
(77, 18)
(78, 18)
(85, 18)
(86, 18)
(87, 18)
(88, 18)
(89, 18)
(95, 18)
(96, 18)
(97, 18)
(0, 19)
(1, 19)
(2, 19)
(3, 19)
(4, 19)
(68, 19)
(69, 19)
(70, 19)
(71, 19)
(72, 19)
(74, 19)
(75, 19)
(76, 19)
(77, 19)
(78, 19)
(80, 19)
(81, 19)
(82, 19)
(85, 19)
(86, 19)
(87, 19)
(88, 19)
(89, 19)
(95, 19)
(96, 19)
(97, 19)
(27, 20)
(28, 20)
(29, 20)
(74, 20)
(75, 20)
(76, 20)
(77, 20)
(78, 20)
(80, 20)
(81, 20)
(82, 20)
(85, 20)
(86, 20)
(87, 20)
(88, 20)
(89, 20)
(95, 20)
(96, 20)
(97, 20)
(27, 21)
(28, 21)
(29, 21)
(74, 21)
(75, 21)
(76, 21)
(77, 21)
(78, 21)
(80, 21)
(81, 21)
(82, 21)
(95, 21)
(96, 21)
(97, 21)
(27, 22)
(28, 22)
(29, 22)
(46, 22)
(47, 22)
(48, 22)
(65, 22)
(66, 22)
(67, 22)
(68, 22)
(74, 22)
(75, 22)
(76, 22)
(77, 22)
(78, 22)
(80, 22)
(81, 22)
(82, 22)
(27, 23)
(28, 23)
(29, 23)
(46, 23)
(47, 23)
(48, 23)
(65, 23)
(66, 23)
(67, 23)
(68, 23)
(46, 24)
(47, 24)
(48, 24)
(65, 24)
(66, 24)
(67, 24)
(68, 24)
(46, 25)
(47, 25)
(48, 25)
(60, 25)
(61, 25)
(62, 25)
(63, 25)
(64, 25)
(65, 25)
(66, 25)
(67, 25)
(68, 25)
(89, 25)
(90, 25)
(91, 25)
(92, 25)
(60, 26)
(61, 26)
(62, 26)
(63, 26)
(64, 26)
(89, 26)
(90, 26)
(91, 26)
(92, 26)
(60, 27)
(61, 27)
(62, 27)
(63, 27)
(64, 27)
(81, 27)
(82, 27)
(83, 27)
(84, 27)
(85, 27)
(89, 27)
(90, 27)
(91, 27)
(92, 27)
(48, 28)
(49, 28)
(50, 28)
(51, 28)
(52, 28)
(60, 28)
(61, 28)
(62, 28)
(63, 28)
(64, 28)
(81, 28)
(82, 28)
(83, 28)
(84, 28)
(85, 28)
(89, 28)
(90, 28)
(91, 28)
(92, 28)
(48, 29)
(49, 29)
(50, 29)
(51, 29)
(52, 29)
(81, 29)
(82, 29)
(83, 29)
(84, 29)
(85, 29)
(89, 29)
(90, 29)
(91, 29)
(92, 29)
(48, 30)
(49, 30)
(50, 30)
(51, 30)
(52, 30)
(66, 30)
(67, 30)
(68, 30)
(69, 30)
(81, 30)
(82, 30)
(83, 30)
(84, 30)
(85, 30)
(2, 31)
(3, 31)
(4, 31)
(5, 31)
(48, 31)
(49, 31)
(50, 31)
(51, 31)
(52, 31)
(66, 31)
(67, 31)
(68, 31)
(69, 31)
(81, 31)
(82, 31)
(83, 31)
(84, 31)
(85, 31)
(2, 32)
(3, 32)
(4, 32)
(5, 32)
(7, 32)
(8, 32)
(9, 32)
(10, 32)
(11, 32)
(48, 32)
(49, 32)
(50, 32)
(51, 32)
(52, 32)
(66, 32)
(67, 32)
(68, 32)
(69, 32)
(2, 33)
(3, 33)
(4, 33)
(5, 33)
(7, 33)
(8, 33)
(9, 33)
(10, 33)
(11, 33)
(58, 33)
(59, 33)
(60, 33)
(61, 33)
(62, 33)
(66, 33)
(67, 33)
(68, 33)
(69, 33)
(2, 34)
(3, 34)
(4, 34)
(5, 34)
(7, 34)
(8, 34)
(9, 34)
(10, 34)
(11, 34)
(58, 34)
(59, 34)
(60, 34)
(61, 34)
(62, 34)
(2, 35)
(3, 35)
(4, 35)
(5, 35)
(7, 35)
(8, 35)
(9, 35)
(10, 35)
(11, 35)
(58, 35)
(59, 35)
(60, 35)
(61, 35)
(62, 35)
(7, 36)
(8, 36)
(9, 36)
(10, 36)
(11, 36)
(25, 36)
(26, 36)
(27, 36)
(28, 36)
(29, 36)
(58, 36)
(59, 36)
(60, 36)
(61, 36)
(62, 36)
(70, 36)
(71, 36)
(72, 36)
(25, 37)
(26, 37)
(27, 37)
(28, 37)
(29, 37)
(60, 37)
(61, 37)
(62, 37)
(63, 37)
(70, 37)
(71, 37)
(72, 37)
(89, 37)
(90, 37)
(91, 37)
(92, 37)
(25, 38)
(26, 38)
(27, 38)
(28, 38)
(29, 38)
(60, 38)
(61, 38)
(62, 38)
(63, 38)
(70, 38)
(71, 38)
(72, 38)
(89, 38)
(90, 38)
(91, 38)
(92, 38)
(60, 39)
(61, 39)
(62, 39)
(63, 39)
(70, 39)
(71, 39)
(72, 39)
(86, 39)
(87, 39)
(88, 39)
(89, 39)
(90, 39)
(91, 39)
(92, 39)
(86, 40)
(87, 40)
(88, 40)
(89, 40)
(90, 40)
(91, 40)
(92, 40)
(45, 41)
(46, 41)
(47, 41)
(86, 41)
(87, 41)
(88, 41)
(89, 41)
(90, 41)
(91, 41)
(92, 41)
(8, 42)
(9, 42)
(10, 42)
(45, 42)
(46, 42)
(47, 42)
(8, 43)
(9, 43)
(10, 43)
(45, 43)
(46, 43)
(47, 43)
(85, 43)
(86, 43)
(87, 43)
(8, 44)
(9, 44)
(10, 44)
(45, 44)
(46, 44)
(47, 44)
(85, 44)
(86, 44)
(87, 44)
(45, 45)
(46, 45)
(47, 45)
(85, 45)
(86, 45)
(87, 45)
(36, 46)
(37, 46)
(38, 46)
(39, 46)
(61, 46)
(62, 46)
(63, 46)
(64, 46)
(65, 46)
(67, 46)
(68, 46)
(69, 46)
(70, 46)
(71, 46)
(10, 47)
(11, 47)
(12, 47)
(13, 47)
(14, 47)
(22, 47)
(23, 47)
(24, 47)
(25, 47)
(26, 47)
(36, 47)
(37, 47)
(38, 47)
(39, 47)
(61, 47)
(62, 47)
(63, 47)
(64, 47)
(65, 47)
(67, 47)
(68, 47)
(69, 47)
(70, 47)
(71, 47)
(10, 48)
(11, 48)
(12, 48)
(13, 48)
(14, 48)
(22, 48)
(23, 48)
(24, 48)
(25, 48)
(26, 48)
(36, 48)
(37, 48)
(38, 48)
(39, 48)
(61, 48)
(62, 48)
(63, 48)
(64, 48)
(65, 48)
(67, 48)
(68, 48)
(69, 48)
(70, 48)
(71, 48)
(7, 49)
(8, 49)
(9, 49)
(10, 49)
(11, 49)
(12, 49)
(13, 49)
(14, 49)
(22, 49)
(23, 49)
(24, 49)
(25, 49)
(26, 49)
(60, 49)
(61, 49)
(62, 49)
(67, 49)
(68, 49)
(69, 49)
(70, 49)
(71, 49)
(7, 50)
(8, 50)
(9, 50)
(10, 50)
(11, 50)
(12, 50)
(13, 50)
(14, 50)
(49, 50)
(50, 50)
(51, 50)
(60, 50)
(61, 50)
(62, 50)
(67, 50)
(68, 50)
(69, 50)
(70, 50)
(71, 50)
(7, 51)
(8, 51)
(9, 51)
(49, 51)
(50, 51)
(51, 51)
(60, 51)
(61, 51)
(62, 51)
(49, 52)
(50, 52)
(51, 52)
(60, 52)
(61, 52)
(62, 52)
(90, 52)
(91, 52)
(92, 52)
(93, 52)
(49, 53)
(50, 53)
(51, 53)
(60, 53)
(61, 53)
(62, 53)
(80, 53)
(81, 53)
(82, 53)
(90, 53)
(91, 53)
(92, 53)
(93, 53)
(49, 54)
(50, 54)
(51, 54)
(75, 54)
(76, 54)
(77, 54)
(78, 54)
(79, 54)
(80, 54)
(81, 54)
(82, 54)
(90, 54)
(91, 54)
(92, 54)
(93, 54)
(75, 55)
(76, 55)
(77, 55)
(78, 55)
(79, 55)
(80, 55)
(81, 55)
(82, 55)
(75, 56)
(76, 56)
(77, 56)
(78, 56)
(79, 56)
(80, 56)
(81, 56)
(82, 56)
(75, 57)
(76, 57)
(77, 57)
(78, 57)
(79, 57)
(80, 57)
(81, 57)
(82, 57)
(95, 57)
(96, 57)
(97, 57)
(95, 58)
(96, 58)
(97, 58)
(37, 59)
(38, 59)
(39, 59)
(40, 59)
(95, 59)
(96, 59)
(97, 59)
(37, 60)
(38, 60)
(39, 60)
(40, 60)
(66, 60)
(67, 60)
(68, 60)
(69, 60)
(95, 60)
(96, 60)
(97, 60)
(10, 61)
(11, 61)
(12, 61)
(13, 61)
(14, 61)
(37, 61)
(38, 61)
(39, 61)
(40, 61)
(66, 61)
(67, 61)
(68, 61)
(69, 61)
(84, 61)
(85, 61)
(86, 61)
(87, 61)
(10, 62)
(11, 62)
(12, 62)
(13, 62)
(14, 62)
(30, 62)
(31, 62)
(32, 62)
(66, 62)
(67, 62)
(68, 62)
(69, 62)
(84, 62)
(85, 62)
(86, 62)
(87, 62)
(10, 63)
(11, 63)
(12, 63)
(13, 63)
(14, 63)
(30, 63)
(31, 63)
(32, 63)
(66, 63)
(67, 63)
(68, 63)
(69, 63)
(84, 63)
(85, 63)
(86, 63)
(87, 63)
(24, 64)
(25, 64)
(26, 64)
(27, 64)
(30, 64)
(31, 64)
(32, 64)
(45, 64)
(46, 64)
(47, 64)
(48, 64)
(49, 64)
(66, 64)
(67, 64)
(68, 64)
(69, 64)
(84, 64)
(85, 64)
(86, 64)
(87, 64)
(24, 65)
(25, 65)
(26, 65)
(27, 65)
(41, 65)
(42, 65)
(43, 65)
(44, 65)
(45, 65)
(46, 65)
(47, 65)
(48, 65)
(49, 65)
(24, 66)
(25, 66)
(26, 66)
(27, 66)
(41, 66)
(42, 66)
(43, 66)
(44, 66)
(45, 66)
(46, 66)
(47, 66)
(48, 66)
(49, 66)
(68, 66)
(69, 66)
(70, 66)
(71, 66)
(41, 67)
(42, 67)
(43, 67)
(44, 67)
(45, 67)
(46, 67)
(47, 67)
(48, 67)
(49, 67)
(68, 67)
(69, 67)
(70, 67)
(71, 67)
(41, 68)
(42, 68)
(43, 68)
(44, 68)
(68, 68)
(69, 68)
(70, 68)
(71, 68)
(72, 68)
(73, 68)
(74, 68)
(41, 69)
(42, 69)
(43, 69)
(44, 69)
(72, 69)
(73, 69)
(74, 69)
(0, 70)
(1, 70)
(2, 70)
(3, 70)
(4, 70)
(72, 70)
(73, 70)
(74, 70)
(0, 71)
(1, 71)
(2, 71)
(3, 71)
(4, 71)
(72, 71)
(73, 71)
(74, 71)
(0, 72)
(1, 72)
(2, 72)
(3, 72)
(4, 72)
(72, 72)
(73, 72)
(74, 72)
(28, 73)
(29, 73)
(30, 73)
(31, 73)
(28, 74)
(29, 74)
(30, 74)
(31, 74)
(68, 74)
(69, 74)
(70, 74)
(71, 74)
(28, 75)
(29, 75)
(30, 75)
(31, 75)
(37, 75)
(38, 75)
(39, 75)
(40, 75)
(41, 75)
(44, 75)
(45, 75)
(46, 75)
(47, 75)
(68, 75)
(69, 75)
(70, 75)
(71, 75)
(28, 76)
(29, 76)
(30, 76)
(31, 76)
(37, 76)
(38, 76)
(39, 76)
(40, 76)
(41, 76)
(44, 76)
(45, 76)
(46, 76)
(47, 76)
(68, 76)
(69, 76)
(70, 76)
(71, 76)
(28, 77)
(29, 77)
(30, 77)
(31, 77)
(37, 77)
(38, 77)
(39, 77)
(40, 77)
(41, 77)
(44, 77)
(45, 77)
(46, 77)
(47, 77)
(68, 77)
(69, 77)
(70, 77)
(71, 77)
(53, 78)
(54, 78)
(55, 78)
(56, 78)
(94, 78)
(95, 78)
(96, 78)
(53, 79)
(54, 79)
(55, 79)
(56, 79)
(94, 79)
(95, 79)
(96, 79)
(53, 80)
(54, 80)
(55, 80)
(56, 80)
(94, 80)
(95, 80)
(96, 80)
(94, 81)
(95, 81)
(96, 81)
(93, 82)
(94, 82)
(95, 82)
(72, 83)
(73, 83)
(74, 83)
(75, 83)
(76, 83)
(93, 83)
(94, 83)
(95, 83)
(26, 84)
(27, 84)
(28, 84)
(29, 84)
(72, 84)
(73, 84)
(74, 84)
(75, 84)
(76, 84)
(93, 84)
(94, 84)
(95, 84)
(26, 85)
(27, 85)
(28, 85)
(29, 85)
(72, 85)
(73, 85)
(74, 85)
(75, 85)
(76, 85)
(19, 86)
(20, 86)
(21, 86)
(22, 86)
(26, 86)
(27, 86)
(28, 86)
(29, 86)
(95, 86)
(96, 86)
(97, 86)
(98, 86)
(19, 87)
(20, 87)
(21, 87)
(22, 87)
(40, 87)
(41, 87)
(42, 87)
(43, 87)
(44, 87)
(52, 87)
(53, 87)
(54, 87)
(55, 87)
(95, 87)
(96, 87)
(97, 87)
(98, 87)
(19, 88)
(20, 88)
(21, 88)
(22, 88)
(40, 88)
(41, 88)
(42, 88)
(43, 88)
(44, 88)
(52, 88)
(53, 88)
(54, 88)
(55, 88)
(95, 88)
(96, 88)
(97, 88)
(98, 88)
(40, 89)
(41, 89)
(42, 89)
(43, 89)
(44, 89)
(52, 89)
(53, 89)
(54, 89)
(55, 89)
(52, 90)
(53, 90)
(54, 90)
(55, 90)
(82, 90)
(83, 90)
(84, 90)
(85, 90)
(86, 90)
(52, 91)
(53, 91)
(54, 91)
(55, 91)
(82, 91)
(83, 91)
(84, 91)
(85, 91)
(86, 91)
(82, 92)
(83, 92)
(84, 92)
(85, 92)
(86, 92)
(38, 93)
(39, 93)
(40, 93)
(41, 93)
(42, 93)
(38, 94)
(39, 94)
(40, 94)
(41, 94)
(42, 94)
(20, 95)
(21, 95)
(22, 95)
(23, 95)
(38, 95)
(39, 95)
(40, 95)
(41, 95)
(42, 95)
(63, 95)
(64, 95)
(65, 95)
(78, 95)
(79, 95)
(80, 95)
(81, 95)
(82, 95)
(93, 95)
(94, 95)
(95, 95)
(20, 96)
(21, 96)
(22, 96)
(23, 96)
(38, 96)
(39, 96)
(40, 96)
(41, 96)
(42, 96)
(63, 96)
(64, 96)
(65, 96)
(78, 96)
(79, 96)
(80, 96)
(81, 96)
(82, 96)
(93, 96)
(94, 96)
(95, 96)
(20, 97)
(21, 97)
(22, 97)
(23, 97)
(38, 97)
(39, 97)
(40, 97)
(41, 97)
(42, 97)
(63, 97)
(64, 97)
(65, 97)
(78, 97)
(79, 97)
(80, 97)
(81, 97)
(82, 97)
(93, 97)
(94, 97)
(95, 97)
(20, 98)
(21, 98)
(22, 98)
(23, 98)
(78, 98)
(79, 98)
(80, 98)
(81, 98)
(82, 98)
(78, 99)
(79, 99)
(80, 99)
(81, 99)
(82, 99)
-
(0, 2, 1.0, -1, 0.5)
(1, 5, 1.0, -1, 0.5)
(2, 3, 1.0, -1, 0.5)
(3, 4, 1.0, -1, 0.5)
(4, 1, 1.0, -1, 0.5)
(5, 2, 1.0, -1, 0.5)
(6, 5, 1.0, -1, 0.5)
(7, 1, 1.0, -1, 0.5)
(8, 4, 1.0, -1, 0.5)
(9, 3, 1.0, -1, 0.5)
-
(0, (35,8), (11,52))
(1, (57,78), (11,70))
(2, (40,46), (97,42))
(3, (28,89), (73,39))
(4, (92,24), (15,67))
(5, (81,74), (6,52))
(6, (84,0), (20,10))
(7, (66,73), (93,86))
(8, (76,33), (52,1))
(9, (50,5), (31,29))
