100
(8, 34)
(9, 34)
(10, 34)
(11, 34)
(8, 35)
(9, 35)
(10, 35)
(11, 35)
(8, 36)
(9, 36)
(10, 36)
(11, 36)
(8, 37)
(9, 37)
(10, 37)
(11, 37)
(8, 38)
(9, 38)
(10, 38)
(11, 38)
(2, 51)
(3, 51)
(4, 51)
(5, 51)
(6, 51)
(2, 52)
(3, 52)
(4, 52)
(5, 52)
(6, 52)
(2, 53)
(3, 53)
(4, 53)
(5, 53)
(6, 53)
(2, 54)
(3, 54)
(4, 54)
(5, 54)
(6, 54)
(64, 58)
(65, 58)
(66, 58)
(67, 58)
(68, 58)
(64, 59)
(65, 59)
(66, 59)
(67, 59)
(68, 59)
(64, 60)
(65, 60)
(66, 60)
(67, 60)
(68, 60)
(64, 61)
(65, 61)
(66, 61)
(67, 61)
(68, 61)
(52, 74)
(53, 74)
(54, 74)
(52, 75)
(53, 75)
(54, 75)
(52, 76)
(53, 76)
(54, 76)
(87, 90)
(88, 90)
(89, 90)
(90, 90)
(87, 91)
(88, 91)
(89, 91)
(90, 91)
(87, 92)
(88, 92)
(89, 92)
(90, 92)
(87, 93)
(88, 93)
(89, 93)
(90, 93)
(87, 94)
(88, 94)
(89, 94)
(90, 94)
-
(0, 2, 1.0, -1, 0.5)
(1, 3, 1.0, -1, 0.5)
(2, 2, 1.0, -1, 0.5)
(3, 3, 1.0, -1, 0.5)
(4, 1, 1.0, -1, 0.5)
(5, 4, 1.0, -1, 0.5)
(6, 5, 1.0, -1, 0.5)
(7, 1, 1.0, -1, 0.5)
(8, 4, 1.0, -1, 0.5)
(9, 5, 1.0, -1, 0.5)
-
(0, (69,88), (12,67))
(1, (51,88), (3,10))
(2, (30,41), (80,7))
(3, (84,36), (19,63))
(4, (57,98), (78,12))
(5, (16,71), (21,3))
(6, (71,84), (74,34))
(7, (2,70), (84,75))
(8, (55,12), (21,43))
(9, (50,66), (12,83))
