100
(34, 0)
(35, 0)
(36, 0)
(37, 0)
(38, 0)
(34, 1)
(35, 1)
(36, 1)
(37, 1)
(38, 1)
(34, 2)
(35, 2)
(36, 2)
(37, 2)
(38, 2)
(54, 10)
(55, 10)
(56, 10)
(54, 11)
(55, 11)
(56, 11)
(72, 11)
(73, 11)
(74, 11)
(75, 11)
(54, 12)
(55, 12)
(56, 12)
(72, 12)
(73, 12)
(74, 12)
(75, 12)
(54, 13)
(55, 13)
(56, 13)
(72, 13)
(73, 13)
(74, 13)
(75, 13)
(66, 20)
(67, 20)
(68, 20)
(69, 20)
(70, 20)
(66, 21)
(67, 21)
(68, 21)
(69, 21)
(70, 21)
(66, 22)
(67, 22)
(68, 22)
(69, 22)
(70, 22)
(75, 22)
(76, 22)
(77, 22)
(78, 22)
(79, 22)
(75, 23)
(76, 23)
(77, 23)
(78, 23)
(79, 23)
(75, 24)
(76, 24)
(77, 24)
(78, 24)
(79, 24)
(1, 25)
(2, 25)
(3, 25)
(75, 25)
(76, 25)
(77, 25)
(78, 25)
(79, 25)
(1, 26)
(2, 26)
(3, 26)
(43, 26)
(44, 26)
(45, 26)
(1, 27)
(2, 27)
(3, 27)
(43, 27)
(44, 27)
(45, 27)
(43, 28)
(44, 28)
(45, 28)
(70, 31)
(71, 31)
(72, 31)
(73, 31)
(70, 32)
(71, 32)
(72, 32)
(73, 32)
(70, 33)
(71, 33)
(72, 33)
(73, 33)
(10, 34)
(11, 34)
(12, 34)
(70, 34)
(71, 34)
(72, 34)
(73, 34)
(10, 35)
(11, 35)
(12, 35)
(10, 36)
(11, 36)
(12, 36)
(92, 36)
(93, 36)
(94, 36)
(95, 36)
(92, 37)
(93, 37)
(94, 37)
(95, 37)
(92, 38)
(93, 38)
(94, 38)
(95, 38)
(92, 39)
(93, 39)
(94, 39)
(95, 39)
(88, 41)
(89, 41)
(90, 41)
(91, 41)
(88, 42)
(89, 42)
(90, 42)
(91, 42)
(88, 43)
(89, 43)
(90, 43)
(91, 43)
(88, 44)
(89, 44)
(90, 44)
(91, 44)
(61, 54)
(62, 54)
(63, 54)
(61, 55)
(62, 55)
(63, 55)
(61, 56)
(62, 56)
(63, 56)
(61, 57)
(62, 57)
(63, 57)
(41, 61)
(42, 61)
(43, 61)
(41, 62)
(42, 62)
(43, 62)
(41, 63)
(42, 63)
(43, 63)
(41, 64)
(42, 64)
(43, 64)
(77, 68)
(78, 68)
(79, 68)
(77, 69)
(78, 69)
(79, 69)
(77, 70)
(78, 70)
(79, 70)
(9, 73)
(10, 73)
(11, 73)
(12, 73)
(13, 73)
(9, 74)
(10, 74)
(11, 74)
(12, 74)
(13, 74)
(9, 75)
(10, 75)
(11, 75)
(12, 75)
(13, 75)
(16, 79)
(17, 79)
(18, 79)
(19, 79)
(20, 79)
(16, 80)
(17, 80)
(18, 80)
(19, 80)
(20, 80)
(52, 80)
(53, 80)
(54, 80)
(55, 80)
(16, 81)
(17, 81)
(18, 81)
(19, 81)
(20, 81)
(37, 81)
(38, 81)
(39, 81)
(40, 81)
(52, 81)
(53, 81)
(54, 81)
(55, 81)
(37, 82)
(38, 82)
(39, 82)
(40, 82)
(52, 82)
(53, 82)
(54, 82)
(55, 82)
(37, 83)
(38, 83)
(39, 83)
(40, 83)
(37, 84)
(38, 84)
(39, 84)
(40, 84)
(37, 85)
(38, 85)
(39, 85)
(40, 85)
(64, 95)
(65, 95)
(66, 95)
(64, 96)
(65, 96)
(66, 96)
(87, 96)
(88, 96)
(89, 96)
(64, 97)
(65, 97)
(66, 97)
(87, 97)
(88, 97)
(89, 97)
(87, 98)
(88, 98)
(89, 98)
(87, 99)
(88, 99)
(89, 99)
-
(0, 5, 1.0, -1, 0.5)
(1, 4, 1.0, -1, 0.5)
(2, 1, 1.0, -1, 0.5)
(3, 2, 1.0, -1, 0.5)
(4, 5, 1.0, -1, 0.5)
(5, 1, 1.0, -1, 0.5)
(6, 2, 1.0, -1, 0.5)
(7, 3, 1.0, -1, 0.5)
(8, 4, 1.0, -1, 0.5)
(9, 3, 1.0, -1, 0.5)
-
(0, (11,15), (86,76))
(1, (11,49), (93,23))
(2, (7,92), (57,96))
(3, (82,81), (45,75))
(4, (63,42), (93,85))
(5, (79,75), (49,52))
(6, (26,75), (79,39))
(7, (84,2), (68,44))
(8, (30,41), (28,94))
(9, (21,28), (70,14))
