100
(8, 0)
(9, 0)
(10, 0)
(11, 0)
(12, 0)
(19, 0)
(20, 0)
(21, 0)
(58, 0)
(59, 0)
(60, 0)
(61, 0)
(8, 1)
(9, 1)
(10, 1)
(11, 1)
(12, 1)
(19, 1)
(20, 1)
(21, 1)
(58, 1)
(59, 1)
(60, 1)
(61, 1)
(8, 2)
(9, 2)
(10, 2)
(11, 2)
(12, 2)
(19, 2)
(20, 2)
(21, 2)
(48, 2)
(49, 2)
(50, 2)
(51, 2)
(52, 2)
(58, 2)
(59, 2)
(60, 2)
(61, 2)
(92, 2)
(93, 2)
(94, 2)
(1, 3)
(2, 3)
(3, 3)
(8, 3)
(9, 3)
(10, 3)
(11, 3)
(12, 3)
(48, 3)
(49, 3)
(50, 3)
(51, 3)
(52, 3)
(58, 3)
(59, 3)
(60, 3)
(61, 3)
(84, 3)
(85, 3)
(86, 3)
(89, 3)
(90, 3)
(91, 3)
(92, 3)
(93, 3)
(94, 3)
(1, 4)
(2, 4)
(3, 4)
(48, 4)
(49, 4)
(50, 4)
(51, 4)
(52, 4)
(58, 4)
(59, 4)
(60, 4)
(61, 4)
(84, 4)
(85, 4)
(86, 4)
(89, 4)
(90, 4)
(91, 4)
(92, 4)
(93, 4)
(94, 4)
(1, 5)
(2, 5)
(3, 5)
(48, 5)
(49, 5)
(50, 5)
(51, 5)
(52, 5)
(65, 5)
(66, 5)
(67, 5)
(84, 5)
(85, 5)
(86, 5)
(89, 5)
(90, 5)
(91, 5)
(92, 5)
(93, 5)
(94, 5)
(1, 6)
(2, 6)
(3, 6)
(48, 6)
(49, 6)
(50, 6)
(51, 6)
(52, 6)
(65, 6)
(66, 6)
(67, 6)
(84, 6)
(85, 6)
(86, 6)
(89, 6)
(90, 6)
(91, 6)
(3, 7)
(4, 7)
(5, 7)
(6, 7)
(7, 7)
(65, 7)
(66, 7)
(67, 7)
(84, 7)
(85, 7)
(86, 7)
(89, 7)
(90, 7)
(91, 7)
(3, 8)
(4, 8)
(5, 8)
(6, 8)
(7, 8)
(65, 8)
(66, 8)
(67, 8)
(3, 9)
(4, 9)
(5, 9)
(6, 9)
(7, 9)
(65, 9)
(66, 9)
(67, 9)
(3, 10)
(4, 10)
(5, 10)
(6, 10)
(7, 10)
(6, 11)
(7, 11)
(8, 11)
(6, 12)
(7, 12)
(8, 12)
(53, 12)
(54, 12)
(55, 12)
(56, 12)
(57, 12)
(6, 13)
(7, 13)
(8, 13)
(53, 13)
(54, 13)
(55, 13)
(56, 13)
(57, 13)
(77, 13)
(78, 13)
(79, 13)
(80, 13)
(81, 13)
(6, 14)
(7, 14)
(8, 14)
(53, 14)
(54, 14)
(55, 14)
(56, 14)
(57, 14)
(77, 14)
(78, 14)
(79, 14)
(80, 14)
(81, 14)
(9, 15)
(10, 15)
(11, 15)
(12, 15)
(13, 15)
(77, 15)
(78, 15)
(79, 15)
(80, 15)
(81, 15)
(9, 16)
(10, 16)
(11, 16)
(12, 16)
(13, 16)
(77, 16)
(78, 16)
(79, 16)
(80, 16)
(81, 16)
(90, 16)
(91, 16)
(92, 16)
(9, 17)
(10, 17)
(11, 17)
(12, 17)
(13, 17)
(59, 17)
(60, 17)
(61, 17)
(62, 17)
(63, 17)
(90, 17)
(91, 17)
(92, 17)
(12, 18)
(13, 18)
(14, 18)
(45, 18)
(46, 18)
(47, 18)
(48, 18)
(49, 18)
(59, 18)
(60, 18)
(61, 18)
(62, 18)
(63, 18)
(90, 18)
(91, 18)
(92, 18)
(12, 19)
(13, 19)
(14, 19)
(45, 19)
(46, 19)
(47, 19)
(48, 19)
(49, 19)
(59, 19)
(60, 19)
(61, 19)
(62, 19)
(63, 19)
(90, 19)
(91, 19)
(92, 19)
(12, 20)
(13, 20)
(14, 20)
(45, 20)
(46, 20)
(47, 20)
(48, 20)
(49, 20)
(59, 20)
(60, 20)
(61, 20)
(62, 20)
(63, 20)
(90, 20)
(91, 20)
(92, 20)
(45, 21)
(46, 21)
(47, 21)
(48, 21)
(49, 21)
(59, 21)
(60, 21)
(61, 21)
(62, 21)
(63, 21)
(25, 24)
(26, 24)
(27, 24)
(28, 24)
(29, 24)
(56, 24)
(57, 24)
(58, 24)
(25, 25)
(26, 25)
(27, 25)
(28, 25)
(29, 25)
(56, 25)
(57, 25)
(58, 25)
(25, 26)
(26, 26)
(27, 26)
(28, 26)
(29, 26)
(56, 26)
(57, 26)
(58, 26)
(85, 26)
(86, 26)
(87, 26)
(16, 27)
(17, 27)
(18, 27)
(19, 27)
(20, 27)
(25, 27)
(26, 27)
(27, 27)
(28, 27)
(29, 27)
(56, 27)
(57, 27)
(58, 27)
(85, 27)
(86, 27)
(87, 27)
(89, 27)
(90, 27)
(91, 27)
(92, 27)
(93, 27)
(16, 28)
(17, 28)
(18, 28)
(19, 28)
(20, 28)
(85, 28)
(86, 28)
(87, 28)
(89, 28)
(90, 28)
(91, 28)
(92, 28)
(93, 28)
(10, 29)
(11, 29)
(12, 29)
(13, 29)
(16, 29)
(17, 29)
(18, 29)
(19, 29)
(20, 29)
(57, 29)
(58, 29)
(59, 29)
(60, 29)
(89, 29)
(90, 29)
(91, 29)
(92, 29)
(93, 29)
(10, 30)
(11, 30)
(12, 30)
(13, 30)
(16, 30)
(17, 30)
(18, 30)
(19, 30)
(20, 30)
(57, 30)
(58, 30)
(59, 30)
(60, 30)
(89, 30)
(90, 30)
(91, 30)
(92, 30)
(93, 30)
(10, 31)
(11, 31)
(12, 31)
(13, 31)
(57, 31)
(58, 31)
(59, 31)
(60, 31)
(76, 31)
(77, 31)
(78, 31)
(89, 31)
(90, 31)
(91, 31)
(92, 31)
(93, 31)
(45, 32)
(46, 32)
(47, 32)
(57, 32)
(58, 32)
(59, 32)
(60, 32)
(76, 32)
(77, 32)
(78, 32)
(23, 33)
(24, 33)
(25, 33)
(26, 33)
(45, 33)
(46, 33)
(47, 33)
(57, 33)
(58, 33)
(59, 33)
(60, 33)
(76, 33)
(77, 33)
(78, 33)
(23, 34)
(24, 34)
(25, 34)
(26, 34)
(38, 34)
(39, 34)
(40, 34)
(45, 34)
(46, 34)
(47, 34)
(23, 35)
(24, 35)
(25, 35)
(26, 35)
(38, 35)
(39, 35)
(40, 35)
(45, 35)
(46, 35)
(47, 35)
(50, 35)
(51, 35)
(52, 35)
(53, 35)
(77, 35)
(78, 35)
(79, 35)
(80, 35)
(81, 35)
(23, 36)
(24, 36)
(25, 36)
(26, 36)
(38, 36)
(39, 36)
(40, 36)
(50, 36)
(51, 36)
(52, 36)
(53, 36)
(77, 36)
(78, 36)
(79, 36)
(80, 36)
(81, 36)
(23, 37)
(24, 37)
(25, 37)
(26, 37)
(38, 37)
(39, 37)
(40, 37)
(50, 37)
(51, 37)
(52, 37)
(53, 37)
(77, 37)
(78, 37)
(79, 37)
(80, 37)
(81, 37)
(13, 40)
(14, 40)
(15, 40)
(16, 40)
(17, 40)
(13, 41)
(14, 41)
(15, 41)
(16, 41)
(17, 41)
(23, 41)
(24, 41)
(25, 41)
(30, 41)
(31, 41)
(32, 41)
(13, 42)
(14, 42)
(15, 42)
(16, 42)
(17, 42)
(23, 42)
(24, 42)
(25, 42)
(30, 42)
(31, 42)
(32, 42)
(13, 43)
(14, 43)
(15, 43)
(16, 43)
(17, 43)
(23, 43)
(24, 43)
(25, 43)
(30, 43)
(31, 43)
(32, 43)
(13, 44)
(14, 44)
(15, 44)
(16, 44)
(17, 44)
(23, 44)
(24, 44)
(25, 44)
(77, 44)
(78, 44)
(79, 44)
(80, 44)
(81, 44)
(23, 45)
(24, 45)
(25, 45)
(62, 45)
(63, 45)
(64, 45)
(65, 45)
(66, 45)
(77, 45)
(78, 45)
(79, 45)
(80, 45)
(81, 45)
(62, 46)
(63, 46)
(64, 46)
(65, 46)
(66, 46)
(77, 46)
(78, 46)
(79, 46)
(80, 46)
(81, 46)
(62, 47)
(63, 47)
(64, 47)
(65, 47)
(66, 47)
(77, 47)
(78, 47)
(79, 47)
(80, 47)
(81, 47)
(92, 47)
(93, 47)
(94, 47)
(30, 48)
(31, 48)
(32, 48)
(62, 48)
(63, 48)
(64, 48)
(65, 48)
(66, 48)
(77, 48)
(78, 48)
(79, 48)
(80, 48)
(81, 48)
(92, 48)
(93, 48)
(94, 48)
(2, 49)
(3, 49)
(4, 49)
(5, 49)
(30, 49)
(31, 49)
(32, 49)
(62, 49)
(63, 49)
(64, 49)
(65, 49)
(66, 49)
(92, 49)
(93, 49)
(94, 49)
(2, 50)
(3, 50)
(4, 50)
(5, 50)
(26, 50)
(27, 50)
(28, 50)
(30, 50)
(31, 50)
(32, 50)
(92, 50)
(93, 50)
(94, 50)
(2, 51)
(3, 51)
(4, 51)
(5, 51)
(26, 51)
(27, 51)
(28, 51)
(30, 51)
(31, 51)
(32, 51)
(92, 51)
(93, 51)
(94, 51)
(2, 52)
(3, 52)
(4, 52)
(5, 52)
(26, 52)
(27, 52)
(28, 52)
(2, 53)
(3, 53)
(4, 53)
(5, 53)
(26, 53)
(27, 53)
(28, 53)
(43, 54)
(44, 54)
(45, 54)
(46, 54)
(52, 54)
(53, 54)
(54, 54)
(55, 54)
(56, 54)
(23, 55)
(24, 55)
(25, 55)
(26, 55)
(27, 55)
(43, 55)
(44, 55)
(45, 55)
(46, 55)
(52, 55)
(53, 55)
(54, 55)
(55, 55)
(56, 55)
(23, 56)
(24, 56)
(25, 56)
(26, 56)
(27, 56)
(43, 56)
(44, 56)
(45, 56)
(46, 56)
(52, 56)
(53, 56)
(54, 56)
(55, 56)
(56, 56)
(23, 57)
(24, 57)
(25, 57)
(26, 57)
(27, 57)
(43, 57)
(44, 57)
(45, 57)
(46, 57)
(52, 57)
(53, 57)
(54, 57)
(55, 57)
(56, 57)
(18, 58)
(19, 58)
(20, 58)
(21, 58)
(23, 58)
(24, 58)
(25, 58)
(26, 58)
(27, 58)
(36, 58)
(37, 58)
(38, 58)
(39, 58)
(40, 58)
(52, 58)
(53, 58)
(54, 58)
(55, 58)
(56, 58)
(13, 59)
(14, 59)
(15, 59)
(16, 59)
(18, 59)
(19, 59)
(20, 59)
(21, 59)
(36, 59)
(37, 59)
(38, 59)
(39, 59)
(40, 59)
(13, 60)
(14, 60)
(15, 60)
(16, 60)
(18, 60)
(19, 60)
(20, 60)
(21, 60)
(36, 60)
(37, 60)
(38, 60)
(39, 60)
(40, 60)
(13, 61)
(14, 61)
(15, 61)
(16, 61)
(36, 61)
(37, 61)
(38, 61)
(39, 61)
(40, 61)
(86, 61)
(87, 61)
(88, 61)
(93, 61)
(94, 61)
(95, 61)
(13, 62)
(14, 62)
(15, 62)
(16, 62)
(36, 62)
(37, 62)
(38, 62)
(39, 62)
(40, 62)
(86, 62)
(87, 62)
(88, 62)
(93, 62)
(94, 62)
(95, 62)
(86, 63)
(87, 63)
(88, 63)
(93, 63)
(94, 63)
(95, 63)
(93, 64)
(94, 64)
(95, 64)
(3, 65)
(4, 65)
(5, 65)
(6, 65)
(7, 65)
(43, 65)
(44, 65)
(45, 65)
(46, 65)
(47, 65)
(68, 65)
(69, 65)
(70, 65)
(71, 65)
(72, 65)
(93, 65)
(94, 65)
(95, 65)
(3, 66)
(4, 66)
(5, 66)
(6, 66)
(7, 66)
(43, 66)
(44, 66)
(45, 66)
(46, 66)
(47, 66)
(63, 66)
(64, 66)
(65, 66)
(66, 66)
(67, 66)
(68, 66)
(69, 66)
(70, 66)
(71, 66)
(72, 66)
(3, 67)
(4, 67)
(5, 67)
(6, 67)
(7, 67)
(43, 67)
(44, 67)
(45, 67)
(46, 67)
(47, 67)
(63, 67)
(64, 67)
(65, 67)
(66, 67)
(67, 67)
(68, 67)
(69, 67)
(70, 67)
(71, 67)
(72, 67)
(3, 68)
(4, 68)
(5, 68)
(6, 68)
(7, 68)
(43, 68)
(44, 68)
(45, 68)
(46, 68)
(47, 68)
(63, 68)
(64, 68)
(65, 68)
(66, 68)
(67, 68)
(68, 68)
(69, 68)
(70, 68)
(71, 68)
(72, 68)
(43, 69)
(44, 69)
(45, 69)
(46, 69)
(47, 69)
(54, 71)
(55, 71)
(56, 71)
(19, 72)
(20, 72)
(21, 72)
(54, 72)
(55, 72)
(56, 72)
(19, 73)
(20, 73)
(21, 73)
(22, 73)
(23, 73)
(24, 73)
(25, 73)
(26, 73)
(32, 73)
(33, 73)
(34, 73)
(54, 73)
(55, 73)
(56, 73)
(19, 74)
(20, 74)
(21, 74)
(22, 74)
(23, 74)
(24, 74)
(25, 74)
(26, 74)
(32, 74)
(33, 74)
(34, 74)
(54, 74)
(55, 74)
(56, 74)
(59, 74)
(60, 74)
(61, 74)
(62, 74)
(19, 75)
(20, 75)
(21, 75)
(22, 75)
(23, 75)
(24, 75)
(25, 75)
(26, 75)
(32, 75)
(33, 75)
(34, 75)
(59, 75)
(60, 75)
(61, 75)
(62, 75)
(22, 76)
(23, 76)
(24, 76)
(25, 76)
(26, 76)
(59, 76)
(60, 76)
(61, 76)
(62, 76)
(89, 76)
(90, 76)
(91, 76)
(92, 76)
(11, 77)
(12, 77)
(13, 77)
(22, 77)
(23, 77)
(24, 77)
(25, 77)
(26, 77)
(59, 77)
(60, 77)
(61, 77)
(62, 77)
(89, 77)
(90, 77)
(91, 77)
(92, 77)
(11, 78)
(12, 78)
(13, 78)
(89, 78)
(90, 78)
(91, 78)
(92, 78)
(11, 79)
(12, 79)
(13, 79)
(89, 79)
(90, 79)
(91, 79)
(92, 79)
(28, 82)
(29, 82)
(30, 82)
(31, 82)
(0, 83)
(1, 83)
(2, 83)
(8, 83)
(9, 83)
(10, 83)
(28, 83)
(29, 83)
(30, 83)
(31, 83)
(92, 83)
(93, 83)
(94, 83)
(95, 83)
(0, 84)
(1, 84)
(2, 84)
(8, 84)
(9, 84)
(10, 84)
(28, 84)
(29, 84)
(30, 84)
(31, 84)
(51, 84)
(52, 84)
(53, 84)
(92, 84)
(93, 84)
(94, 84)
(95, 84)
(0, 85)
(1, 85)
(2, 85)
(8, 85)
(9, 85)
(10, 85)
(28, 85)
(29, 85)
(30, 85)
(31, 85)
(51, 85)
(52, 85)
(53, 85)
(92, 85)
(93, 85)
(94, 85)
(95, 85)
(0, 86)
(1, 86)
(2, 86)
(4, 86)
(5, 86)
(6, 86)
(7, 86)
(9, 86)
(10, 86)
(11, 86)
(51, 86)
(52, 86)
(53, 86)
(4, 87)
(5, 87)
(6, 87)
(7, 87)
(9, 87)
(10, 87)
(11, 87)
(51, 87)
(52, 87)
(53, 87)
(55, 87)
(56, 87)
(57, 87)
(58, 87)
(59, 87)
(60, 87)
(61, 87)
(62, 87)
(4, 88)
(5, 88)
(6, 88)
(7, 88)
(9, 88)
(10, 88)
(11, 88)
(19, 88)
(20, 88)
(21, 88)
(22, 88)
(23, 88)
(39, 88)
(40, 88)
(41, 88)
(42, 88)
(55, 88)
(56, 88)
(57, 88)
(58, 88)
(59, 88)
(60, 88)
(61, 88)
(62, 88)
(19, 89)
(20, 89)
(21, 89)
(22, 89)
(23, 89)
(29, 89)
(30, 89)
(31, 89)
(32, 89)
(39, 89)
(40, 89)
(41, 89)
(42, 89)
(55, 89)
(56, 89)
(57, 89)
(58, 89)
(59, 89)
(60, 89)
(61, 89)
(62, 89)
(85, 89)
(86, 89)
(87, 89)
(95, 89)
(96, 89)
(97, 89)
(98, 89)
(99, 89)
(10, 90)
(11, 90)
(12, 90)
(13, 90)
(19, 90)
(20, 90)
(21, 90)
(22, 90)
(23, 90)
(29, 90)
(30, 90)
(31, 90)
(32, 90)
(39, 90)
(40, 90)
(41, 90)
(42, 90)
(55, 90)
(56, 90)
(57, 90)
(58, 90)
(85, 90)
(86, 90)
(87, 90)
(95, 90)
(96, 90)
(97, 90)
(98, 90)
(99, 90)
(10, 91)
(11, 91)
(12, 91)
(13, 91)
(19, 91)
(20, 91)
(21, 91)
(22, 91)
(23, 91)
(29, 91)
(30, 91)
(31, 91)
(32, 91)
(36, 91)
(37, 91)
(38, 91)
(39, 91)
(55, 91)
(56, 91)
(57, 91)
(58, 91)
(85, 91)
(86, 91)
(87, 91)
(95, 91)
(96, 91)
(97, 91)
(98, 91)
(99, 91)
(10, 92)
(11, 92)
(12, 92)
(13, 92)
(29, 92)
(30, 92)
(31, 92)
(32, 92)
(36, 92)
(37, 92)
(38, 92)
(39, 92)
(75, 92)
(76, 92)
(77, 92)
(78, 92)
(85, 92)
(86, 92)
(87, 92)
(95, 92)
(96, 92)
(97, 92)
(98, 92)
(99, 92)
(10, 93)
(11, 93)
(12, 93)
(13, 93)
(36, 93)
(37, 93)
(38, 93)
(39, 93)
(75, 93)
(76, 93)
(77, 93)
(78, 93)
(85, 93)
(86, 93)
(87, 93)
(89, 93)
(90, 93)
(91, 93)
(92, 93)
(10, 94)
(11, 94)
(12, 94)
(13, 94)
(75, 94)
(76, 94)
(77, 94)
(78, 94)
(89, 94)
(90, 94)
(91, 94)
(92, 94)
(65, 95)
(66, 95)
(67, 95)
(75, 95)
(76, 95)
(77, 95)
(78, 95)
(81, 95)
(82, 95)
(83, 95)
(89, 95)
(90, 95)
(91, 95)
(92, 95)
(31, 96)
(32, 96)
(33, 96)
(34, 96)
(35, 96)
(65, 96)
(66, 96)
(67, 96)
(75, 96)
(76, 96)
(77, 96)
(78, 96)
(81, 96)
(82, 96)
(83, 96)
(89, 96)
(90, 96)
(91, 96)
(92, 96)
(31, 97)
(32, 97)
(33, 97)
(34, 97)
(35, 97)
(65, 97)
(66, 97)
(67, 97)
(81, 97)
(82, 97)
(83, 97)
(31, 98)
(32, 98)
(33, 98)
(34, 98)
(35, 98)
(81, 98)
(82, 98)
(83, 98)
-
(0, 1, 1.0, -1, 0.5)
(1, 3, 1.0, -1, 0.5)
(2, 5, 1.0, -1, 0.5)
(3, 2, 1.0, -1, 0.5)
(4, 4, 1.0, -1, 0.5)
(5, 2, 1.0, -1, 0.5)
(6, 1, 1.0, -1, 0.5)
(7, 3, 1.0, -1, 0.5)
(8, 5, 1.0, -1, 0.5)
(9, 4, 1.0, -1, 0.5)
-
(0, (58,95), (95,59))
(1, (14,0), (29,34))
(2, (25,4), (39,80))
(3, (82,11), (53,45))
(4, (22,51), (20,10))
(5, (89,53), (3,56))
(6, (1,57), (83,43))
(7, (86,16), (56,79))
(8, (57,68), (3,36))
(9, (18,80), (8,48))
