100
(90, 1)
(91, 1)
(92, 1)
(93, 1)
(94, 1)
(90, 2)
(91, 2)
(92, 2)
(93, 2)
(94, 2)
(90, 3)
(91, 3)
(92, 3)
(93, 3)
(94, 3)
(90, 4)
(91, 4)
(92, 4)
(93, 4)
(94, 4)
(56, 9)
(57, 9)
(58, 9)
(59, 9)
(56, 10)
(57, 10)
(58, 10)
(59, 10)
(56, 11)
(57, 11)
(58, 11)
(59, 11)
(37, 20)
(38, 20)
(39, 20)
(37, 21)
(38, 21)
(39, 21)
(37, 22)
(38, 22)
(39, 22)
(37, 23)
(38, 23)
(39, 23)
(65, 26)
(66, 26)
(67, 26)
(68, 26)
(65, 27)
(66, 27)
(67, 27)
(68, 27)
(65, 28)
(66, 28)
(67, 28)
(68, 28)
(65, 29)
(66, 29)
(67, 29)
(68, 29)
(59, 32)
(60, 32)
(61, 32)
(62, 32)
(63, 32)
(59, 33)
(60, 33)
(61, 33)
(62, 33)
(63, 33)
(59, 34)
(60, 34)
(61, 34)
(62, 34)
(63, 34)
(24, 35)
(25, 35)
(26, 35)
(27, 35)
(28, 35)
(59, 35)
(60, 35)
(61, 35)
(62, 35)
(63, 35)
(24, 36)
(25, 36)
(26, 36)
(27, 36)
(28, 36)
(59, 36)
(60, 36)
(61, 36)
(62, 36)
(63, 36)
(24, 37)
(25, 37)
(26, 37)
(27, 37)
(28, 37)
(57, 41)
(58, 41)
(59, 41)
(57, 42)
(58, 42)
(59, 42)
(63, 42)
(64, 42)
(65, 42)
(66, 42)
(67, 42)
(57, 43)
(58, 43)
(59, 43)
(63, 43)
(64, 43)
(65, 43)
(66, 43)
(67, 43)
(59, 44)
(60, 44)
(61, 44)
(62, 44)
(63, 44)
(64, 44)
(65, 44)
(66, 44)
(67, 44)
(59, 45)
(60, 45)
(61, 45)
(62, 45)
(59, 46)
(60, 46)
(61, 46)
(62, 46)
(89, 46)
(90, 46)
(91, 46)
(92, 46)
(93, 46)
(0, 47)
(1, 47)
(2, 47)
(3, 47)
(59, 47)
(60, 47)
(61, 47)
(62, 47)
(89, 47)
(90, 47)
(91, 47)
(92, 47)
(93, 47)
(0, 48)
(1, 48)
(2, 48)
(3, 48)
(89, 48)
(90, 48)
(91, 48)
(92, 48)
(93, 48)
(0, 49)
(1, 49)
(2, 49)
(3, 49)
(10, 49)
(11, 49)
(12, 49)
(89, 49)
(90, 49)
(91, 49)
(92, 49)
(93, 49)
(10, 50)
(11, 50)
(12, 50)
(89, 50)
(90, 50)
(91, 50)
(92, 50)
(93, 50)
(10, 51)
(11, 51)
(12, 51)
(87, 71)
(88, 71)
(89, 71)
(27, 72)
(28, 72)
(29, 72)
(30, 72)
(31, 72)
(54, 72)
(55, 72)
(56, 72)
(87, 72)
(88, 72)
(89, 72)
(27, 73)
(28, 73)
(29, 73)
(30, 73)
(31, 73)
(54, 73)
(55, 73)
(56, 73)
(87, 73)
(88, 73)
(89, 73)
(95, 73)
(96, 73)
(97, 73)
(98, 73)
(27, 74)
(28, 74)
(29, 74)
(30, 74)
(31, 74)
(54, 74)
(55, 74)
(56, 74)
(87, 74)
(88, 74)
(89, 74)
(95, 74)
(96, 74)
(97, 74)
(98, 74)
(27, 75)
(28, 75)
(29, 75)
(30, 75)
(31, 75)
(54, 75)
(55, 75)
(56, 75)
(87, 75)
(88, 75)
(89, 75)
(95, 75)
(96, 75)
(97, 75)
(98, 75)
(27, 76)
(28, 76)
(29, 76)
(30, 76)
(31, 76)
(95, 76)
(96, 76)
(97, 76)
(98, 76)
(95, 77)
(96, 77)
(97, 77)
(98, 77)
(33, 78)
(34, 78)
(35, 78)
(33, 79)
(34, 79)
(35, 79)
(33, 80)
(34, 80)
(35, 80)
(90, 80)
(91, 80)
(92, 80)
(93, 80)
(94, 80)
(33, 81)
(34, 81)
(35, 81)
(90, 81)
(91, 81)
(92, 81)
(93, 81)
(94, 81)
(18, 82)
(19, 82)
(20, 82)
(21, 82)
(33, 82)
(34, 82)
(35, 82)
(90, 82)
(91, 82)
(92, 82)
(93, 82)
(94, 82)
(18, 83)
(19, 83)
(20, 83)
(21, 83)
(85, 83)
(86, 83)
(87, 83)
(18, 84)
(19, 84)
(20, 84)
(21, 84)
(70, 84)
(71, 84)
(72, 84)
(73, 84)
(74, 84)
(85, 84)
(86, 84)
(87, 84)
(70, 85)
(71, 85)
(72, 85)
(73, 85)
(74, 85)
(85, 85)
(86, 85)
(87, 85)
(70, 86)
(71, 86)
(72, 86)
(73, 86)
(74, 86)
(85, 86)
(86, 86)
(87, 86)
(70, 87)
(71, 87)
(72, 87)
(73, 87)
(74, 87)
(85, 87)
(86, 87)
(87, 87)
(84, 89)
(85, 89)
(86, 89)
(87, 89)
(10, 90)
(11, 90)
(12, 90)
(13, 90)
(84, 90)
(85, 90)
(86, 90)
(87, 90)
(10, 91)
(11, 91)
(12, 91)
(13, 91)
(84, 91)
(85, 91)
(86, 91)
(87, 91)
(10, 92)
(11, 92)
(12, 92)
(13, 92)
(84, 92)
(85, 92)
(86, 92)
(87, 92)
(77, 93)
(78, 93)
(79, 93)
(80, 93)
(81, 93)
(77, 94)
(78, 94)
(79, 94)
(80, 94)
(81, 94)
(25, 95)
(26, 95)
(27, 95)
(77, 95)
(78, 95)
(79, 95)
(80, 95)
(81, 95)
(25, 96)
(26, 96)
(27, 96)
(77, 96)
(78, 96)
(79, 96)
(80, 96)
(81, 96)
(25, 97)
(26, 97)
(27, 97)
(77, 97)
(78, 97)
(79, 97)
(80, 97)
(81, 97)
-
(0, 5, 1.0, -1, 0.5)
(1, 2, 1.0, -1, 0.5)
(2, 4, 1.0, -1, 0.5)
(3, 1, 1.0, -1, 0.5)
(4, 5, 1.0, -1, 0.5)
(5, 1, 1.0, -1, 0.5)
(6, 3, 1.0, -1, 0.5)
(7, 3, 1.0, -1, 0.5)
(8, 2, 1.0, -1, 0.5)
(9, 4, 1.0, -1, 0.5)
-
(0, (45,33), (9,85))
(1, (40,33), (28,85))
(2, (31,4), (70,17))
(3, (93,31), (24,27))
(4, (4,17), (9,72))
(5, (66,17), (5,78))
(6, (29,82), (19,6))
(7, (41,89), (1,83))
(8, (10,23), (9,68))
(9, (52,28), (3,2))
