100
(8, 11)
(9, 11)
(10, 11)
(8, 12)
(9, 12)
(10, 12)
(8, 13)
(9, 13)
(10, 13)
(40, 47)
(41, 47)
(42, 47)
(43, 47)
(44, 47)
(40, 48)
(41, 48)
(42, 48)
(43, 48)
(44, 48)
(40, 49)
(41, 49)
(42, 49)
(43, 49)
(44, 49)
(40, 50)
(41, 50)
(42, 50)
(43, 50)
(44, 50)
(40, 51)
(41, 51)
(42, 51)
(43, 51)
(44, 51)
(37, 60)
(38, 60)
(39, 60)
(37, 61)
(38, 61)
(39, 61)
(37, 62)
(38, 62)
(39, 62)
(37, 63)
(38, 63)
(39, 63)
(37, 64)
(38, 64)
(39, 64)
(6, 71)
(7, 71)
(8, 71)
(6, 72)
(7, 72)
(8, 72)
(6, 73)
(7, 73)
(8, 73)
(38, 73)
(39, 73)
(40, 73)
(41, 73)
(42, 73)
(6, 74)
(7, 74)
(8, 74)
(38, 74)
(39, 74)
(40, 74)
(41, 74)
(42, 74)
(38, 75)
(39, 75)
(40, 75)
(41, 75)
(42, 75)
(38, 76)
(39, 76)
(40, 76)
(41, 76)
(42, 76)
(38, 77)
(39, 77)
(40, 77)
(41, 77)
(42, 77)
-
(0, 5, 1.0, -1, 0.5)
(1, 1, 1.0, -1, 0.5)
(2, 2, 1.0, -1, 0.5)
(3, 3, 1.0, -1, 0.5)
(4, 4, 1.0, -1, 0.5)
(5, 5, 1.0, -1, 0.5)
(6, 3, 1.0, -1, 0.5)
(7, 1, 1.0, -1, 0.5)
(8, 4, 1.0, -1, 0.5)
(9, 2, 1.0, -1, 0.5)
-
(0, (91,36), (61,58))
(1, (65,94), (11,47))
(2, (77,34), (43,30))
(3, (77,53), (12,16))
(4, (68,29), (60,76))
(5, (82,28), (60,66))
(6, (89,23), (34,78))
(7, (26,70), (56,72))
(8, (84,74), (32,7))
(9, (56,44), (80,11))
