100
(56, 66)
(57, 66)
(58, 66)
(59, 66)
(60, 66)
(56, 67)
(57, 67)
(58, 67)
(59, 67)
(60, 67)
(56, 68)
(57, 68)
(58, 68)
(59, 68)
(60, 68)
(56, 69)
(57, 69)
(58, 69)
(59, 69)
(60, 69)
(56, 70)
(57, 70)
(58, 70)
(59, 70)
(60, 70)
(27, 75)
(28, 75)
(29, 75)
(30, 75)
(31, 75)
(27, 76)
(28, 76)
(29, 76)
(30, 76)
(31, 76)
(27, 77)
(28, 77)
(29, 77)
(30, 77)
(31, 77)
(1, 80)
(2, 80)
(3, 80)
(1, 81)
(2, 81)
(3, 81)
(1, 82)
(2, 82)
(3, 82)
(1, 83)
(2, 83)
(3, 83)
(82, 83)
(83, 83)
(84, 83)
(85, 83)
(1, 84)
(2, 84)
(3, 84)
(82, 84)
(83, 84)
(84, 84)
(85, 84)
(47, 85)
(48, 85)
(49, 85)
(50, 85)
(82, 85)
(83, 85)
(84, 85)
(85, 85)
(47, 86)
(48, 86)
(49, 86)
(50, 86)
(82, 86)
(83, 86)
(84, 86)
(85, 86)
(47, 87)
(48, 87)
(49, 87)
(50, 87)
(82, 87)
(83, 87)
(84, 87)
(85, 87)
(47, 88)
(48, 88)
(49, 88)
(50, 88)
-
(0, 2, 1.0, -1, 0.5)
(1, 4, 1.0, -1, 0.5)
(2, 4, 1.0, -1, 0.5)
(3, 1, 1.0, -1, 0.5)
(4, 5, 1.0, -1, 0.5)
(5, 5, 1.0, -1, 0.5)
(6, 3, 1.0, -1, 0.5)
(7, 2, 1.0, -1, 0.5)
(8, 3, 1.0, -1, 0.5)
(9, 1, 1.0, -1, 0.5)
-
(0, (77,76), (95,23))
(1, (33,6), (49,66))
(2, (70,11), (18,27))
(3, (65,79), (24,61))
(4, (67,94), (91,71))
(5, (22,48), (68,88))
(6, (52,85), (23,90))
(7, (49,70), (14,43))
(8, (60,8), (94,56))
(9, (93,79), (55,86))
