100
(40, 2)
(41, 2)
(42, 2)
(43, 2)
(40, 3)
(41, 3)
(42, 3)
(43, 3)
(40, 4)
(41, 4)
(42, 4)
(43, 4)
(40, 5)
(41, 5)
(42, 5)
(43, 5)
(40, 6)
(41, 6)
(42, 6)
(43, 6)
(70, 7)
(71, 7)
(72, 7)
(73, 7)
(70, 8)
(71, 8)
(72, 8)
(73, 8)
(70, 9)
(71, 9)
(72, 9)
(73, 9)
(70, 10)
(71, 10)
(72, 10)
(73, 10)
(70, 11)
(71, 11)
(72, 11)
(73, 11)
(73, 15)
(74, 15)
(75, 15)
(73, 16)
(74, 16)
(75, 16)
(73, 17)
(74, 17)
(75, 17)
(51, 18)
(52, 18)
(53, 18)
(54, 18)
(51, 19)
(52, 19)
(53, 19)
(54, 19)
(58, 19)
(59, 19)
(60, 19)
(61, 19)
(62, 19)
(51, 20)
(52, 20)
(53, 20)
(54, 20)
(58, 20)
(59, 20)
(60, 20)
(61, 20)
(62, 20)
(51, 21)
(52, 21)
(53, 21)
(54, 21)
(58, 21)
(59, 21)
(60, 21)
(61, 21)
(62, 21)
(51, 22)
(52, 22)
(53, 22)
(54, 22)
(58, 22)
(59, 22)
(60, 22)
(61, 22)
(62, 22)
(16, 24)
(17, 24)
(18, 24)
(19, 24)
(16, 25)
(17, 25)
(18, 25)
(19, 25)
(16, 26)
(17, 26)
(18, 26)
(19, 26)
(21, 34)
(22, 34)
(23, 34)
(24, 34)
(21, 35)
(22, 35)
(23, 35)
(24, 35)
(21, 36)
(22, 36)
(23, 36)
(24, 36)
(46, 41)
(47, 41)
(48, 41)
(46, 42)
(47, 42)
(48, 42)
(33, 43)
(34, 43)
(35, 43)
(36, 43)
(37, 43)
(46, 43)
(47, 43)
(48, 43)
(86, 43)
(87, 43)
(88, 43)
(89, 43)
(33, 44)
(34, 44)
(35, 44)
(36, 44)
(37, 44)
(61, 44)
(62, 44)
(63, 44)
(86, 44)
(87, 44)
(88, 44)
(89, 44)
(1, 45)
(2, 45)
(3, 45)
(4, 45)
(33, 45)
(34, 45)
(35, 45)
(36, 45)
(37, 45)
(61, 45)
(62, 45)
(63, 45)
(86, 45)
(87, 45)
(88, 45)
(89, 45)
(1, 46)
(2, 46)
(3, 46)
(4, 46)
(33, 46)
(34, 46)
(35, 46)
(36, 46)
(37, 46)
(61, 46)
(62, 46)
(63, 46)
(1, 47)
(2, 47)
(3, 47)
(4, 47)
(1, 48)
(2, 48)
(3, 48)
(4, 48)
(15, 49)
(16, 49)
(17, 49)
(18, 49)
(15, 50)
(16, 50)
(17, 50)
(18, 50)
(15, 51)
(16, 51)
(17, 51)
(18, 51)
(39, 51)
(40, 51)
(41, 51)
(42, 51)
(15, 52)
(16, 52)
(17, 52)
(18, 52)
(39, 52)
(40, 52)
(41, 52)
(42, 52)
(39, 53)
(40, 53)
(41, 53)
(42, 53)
(97, 53)
(98, 53)
(99, 53)
(39, 54)
(40, 54)
(41, 54)
(42, 54)
(97, 54)
(98, 54)
(99, 54)
(38, 55)
(39, 55)
(40, 55)
(97, 55)
(98, 55)
(99, 55)
(38, 56)
(39, 56)
(40, 56)
(97, 56)
(98, 56)
(99, 56)
(10, 57)
(11, 57)
(12, 57)
(13, 57)
(38, 57)
(39, 57)
(40, 57)
(10, 58)
(11, 58)
(12, 58)
(13, 58)
(38, 58)
(39, 58)
(40, 58)
(54, 58)
(55, 58)
(56, 58)
(10, 59)
(11, 59)
(12, 59)
(13, 59)
(28, 59)
(29, 59)
(30, 59)
(38, 59)
(39, 59)
(40, 59)
(54, 59)
(55, 59)
(56, 59)
(28, 60)
(29, 60)
(30, 60)
(40, 60)
(41, 60)
(42, 60)
(54, 60)
(55, 60)
(56, 60)
(28, 61)
(29, 61)
(30, 61)
(40, 61)
(41, 61)
(42, 61)
(54, 61)
(55, 61)
(56, 61)
(40, 62)
(41, 62)
(42, 62)
(54, 62)
(55, 62)
(56, 62)
(40, 63)
(41, 63)
(42, 63)
(40, 64)
(41, 64)
(42, 64)
(0, 65)
(1, 65)
(2, 65)
(3, 65)
(0, 66)
(1, 66)
(2, 66)
(3, 66)
(0, 67)
(1, 67)
(2, 67)
(3, 67)
(29, 75)
(30, 75)
(31, 75)
(29, 76)
(30, 76)
(31, 76)
(29, 77)
(30, 77)
(31, 77)
(29, 78)
(30, 78)
(31, 78)
(53, 78)
(54, 78)
(55, 78)
(56, 78)
(57, 78)
(29, 79)
(30, 79)
(31, 79)
(53, 79)
(54, 79)
(55, 79)
(56, 79)
(57, 79)
(53, 80)
(54, 80)
(55, 80)
(56, 80)
(57, 80)
(49, 83)
(50, 83)
(51, 83)
(52, 83)
(13, 84)
(14, 84)
(15, 84)
(16, 84)
(49, 84)
(50, 84)
(51, 84)
(52, 84)
(13, 85)
(14, 85)
(15, 85)
(16, 85)
(49, 85)
(50, 85)
(51, 85)
(52, 85)
(13, 86)
(14, 86)
(15, 86)
(16, 86)
(49, 86)
(50, 86)
(51, 86)
(52, 86)
(13, 87)
(14, 87)
(15, 87)
(16, 87)
(49, 87)
(50, 87)
(51, 87)
(52, 87)
-
(0, 2, 1.0, -1, 0.5)
(1, 1, 1.0, -1, 0.5)
(2, 4, 1.0, -1, 0.5)
(3, 3, 1.0, -1, 0.5)
(4, 4, 1.0, -1, 0.5)
(5, 3, 1.0, -1, 0.5)
(6, 1, 1.0, -1, 0.5)
(7, 5, 1.0, -1, 0.5)
(8, 2, 1.0, -1, 0.5)
(9, 5, 1.0, -1, 0.5)
-
(0, (81,93), (4,96))
(1, (70,54), (88,93))
(2, (19,68), (28,4))
(3, (29,30), (69,36))
(4, (53,49), (77,23))
(5, (31,58), (21,94))
(6, (64,18), (25,78))
(7, (8,5), (48,71))
(8, (23,57), (41,9))
(9, (85,17), (83,79))
