100
(41, 0)
(42, 0)
(43, 0)
(31, 1)
(32, 1)
(33, 1)
(34, 1)
(41, 1)
(42, 1)
(43, 1)
(31, 2)
(32, 2)
(33, 2)
(34, 2)
(41, 2)
(42, 2)
(43, 2)
(31, 3)
(32, 3)
(33, 3)
(34, 3)
(41, 3)
(42, 3)
(43, 3)
(41, 4)
(42, 4)
(43, 4)
(12, 9)
(13, 9)
(14, 9)
(15, 9)
(12, 10)
(13, 10)
(14, 10)
(15, 10)
(12, 11)
(13, 11)
(14, 11)
(15, 11)
(12, 12)
(13, 12)
(14, 12)
(15, 12)
(12, 13)
(13, 13)
(14, 13)
(15, 13)
(11, 14)
(12, 14)
(13, 14)
(11, 15)
(12, 15)
(13, 15)
(11, 16)
(12, 16)
(13, 16)
(11, 17)
(12, 17)
(13, 17)
(11, 18)
(12, 18)
(13, 18)
(38, 21)
(39, 21)
(40, 21)
(38, 22)
(39, 22)
(40, 22)
(79, 22)
(80, 22)
(81, 22)
(82, 22)
(83, 22)
(38, 23)
(39, 23)
(40, 23)
(79, 23)
(80, 23)
(81, 23)
(82, 23)
(83, 23)
(79, 24)
(80, 24)
(81, 24)
(82, 24)
(83, 24)
(5, 25)
(6, 25)
(7, 25)
(32, 25)
(33, 25)
(34, 25)
(79, 25)
(80, 25)
(81, 25)
(82, 25)
(83, 25)
(5, 26)
(6, 26)
(7, 26)
(32, 26)
(33, 26)
(34, 26)
(5, 27)
(6, 27)
(7, 27)
(32, 27)
(33, 27)
(34, 27)
(32, 28)
(33, 28)
(34, 28)
(16, 29)
(17, 29)
(18, 29)
(16, 30)
(17, 30)
(18, 30)
(16, 31)
(17, 31)
(18, 31)
(9, 32)
(10, 32)
(11, 32)
(12, 32)
(16, 32)
(17, 32)
(18, 32)
(9, 33)
(10, 33)
(11, 33)
(12, 33)
(9, 34)
(10, 34)
(11, 34)
(12, 34)
(87, 34)
(88, 34)
(89, 34)
(87, 35)
(88, 35)
(89, 35)
(87, 36)
(88, 36)
(89, 36)
(87, 37)
(88, 37)
(89, 37)
(87, 38)
(88, 38)
(89, 38)
(56, 40)
(57, 40)
(58, 40)
(59, 40)
(60, 40)
(56, 41)
(57, 41)
(58, 41)
(59, 41)
(60, 41)
(56, 42)
(57, 42)
(58, 42)
(59, 42)
(60, 42)
(25, 45)
(26, 45)
(27, 45)
(49, 45)
(50, 45)
(51, 45)
(52, 45)
(25, 46)
(26, 46)
(27, 46)
(49, 46)
(50, 46)
(51, 46)
(52, 46)
(25, 47)
(26, 47)
(27, 47)
(49, 47)
(50, 47)
(51, 47)
(52, 47)
(49, 48)
(50, 48)
(51, 48)
(52, 48)
(42, 49)
(43, 49)
(44, 49)
(52, 49)
(53, 49)
(54, 49)
(42, 50)
(43, 50)
(44, 50)
(52, 50)
(53, 50)
(54, 50)
(42, 51)
(43, 51)
(44, 51)
(52, 51)
(53, 51)
(54, 51)
(37, 52)
(38, 52)
(39, 52)
(40, 52)
(41, 52)
(42, 52)
(43, 52)
(44, 52)
(52, 52)
(53, 52)
(54, 52)
(37, 53)
(38, 53)
(39, 53)
(40, 53)
(41, 53)
(42, 53)
(43, 53)
(44, 53)
(37, 54)
(38, 54)
(39, 54)
(40, 54)
(41, 54)
(95, 54)
(96, 54)
(97, 54)
(98, 54)
(99, 54)
(37, 55)
(38, 55)
(39, 55)
(40, 55)
(41, 55)
(47, 55)
(48, 55)
(49, 55)
(50, 55)
(51, 55)
(95, 55)
(96, 55)
(97, 55)
(98, 55)
(99, 55)
(3, 56)
(4, 56)
(5, 56)
(6, 56)
(7, 56)
(37, 56)
(38, 56)
(39, 56)
(40, 56)
(41, 56)
(44, 56)
(45, 56)
(46, 56)
(47, 56)
(48, 56)
(49, 56)
(50, 56)
(51, 56)
(95, 56)
(96, 56)
(97, 56)
(98, 56)
(99, 56)
(3, 57)
(4, 57)
(5, 57)
(6, 57)
(7, 57)
(44, 57)
(45, 57)
(46, 57)
(47, 57)
(48, 57)
(49, 57)
(50, 57)
(51, 57)
(64, 57)
(65, 57)
(66, 57)
(67, 57)
(68, 57)
(3, 58)
(4, 58)
(5, 58)
(6, 58)
(7, 58)
(44, 58)
(45, 58)
(46, 58)
(47, 58)
(48, 58)
(49, 58)
(50, 58)
(51, 58)
(64, 58)
(65, 58)
(66, 58)
(67, 58)
(68, 58)
(8, 59)
(9, 59)
(10, 59)
(11, 59)
(64, 59)
(65, 59)
(66, 59)
(67, 59)
(68, 59)
(8, 60)
(9, 60)
(10, 60)
(11, 60)
(64, 60)
(65, 60)
(66, 60)
(67, 60)
(68, 60)
(8, 61)
(9, 61)
(10, 61)
(11, 61)
(8, 62)
(9, 62)
(10, 62)
(11, 62)
(8, 63)
(9, 63)
(10, 63)
(11, 63)
(37, 69)
(38, 69)
(39, 69)
(40, 69)
(41, 69)
(37, 70)
(38, 70)
(39, 70)
(40, 70)
(41, 70)
(37, 71)
(38, 71)
(39, 71)
(40, 71)
(41, 71)
(55, 71)
(56, 71)
(57, 71)
(58, 71)
(59, 71)
(15, 72)
(16, 72)
(17, 72)
(37, 72)
(38, 72)
(39, 72)
(40, 72)
(41, 72)
(55, 72)
(56, 72)
(57, 72)
(58, 72)
(59, 72)
(15, 73)
(16, 73)
(17, 73)
(37, 73)
(38, 73)
(39, 73)
(40, 73)
(41, 73)
(47, 73)
(48, 73)
(49, 73)
(55, 73)
(56, 73)
(57, 73)
(58, 73)
(59, 73)
(15, 74)
(16, 74)
(17, 74)
(47, 74)
(48, 74)
(49, 74)
(55, 74)
(56, 74)
(57, 74)
(58, 74)
(59, 74)
(1, 75)
(2, 75)
(3, 75)
(4, 75)
(47, 75)
(48, 75)
(49, 75)
(55, 75)
(56, 75)
(57, 75)
(58, 75)
(59, 75)
(1, 76)
(2, 76)
(3, 76)
(4, 76)
(47, 76)
(48, 76)
(49, 76)
(83, 76)
(84, 76)
(85, 76)
(86, 76)
(1, 77)
(2, 77)
(3, 77)
(4, 77)
(47, 77)
(48, 77)
(49, 77)
(83, 77)
(84, 77)
(85, 77)
(86, 77)
(1, 78)
(2, 78)
(3, 78)
(4, 78)
(83, 78)
(84, 78)
(85, 78)
(86, 78)
(1, 79)
(2, 79)
(3, 79)
(4, 79)
(29, 80)
(30, 80)
(31, 80)
(29, 81)
(30, 81)
(31, 81)
(29, 82)
(30, 82)
(31, 82)
(34, 82)
(35, 82)
(36, 82)
(37, 82)
(38, 82)
(34, 83)
(35, 83)
(36, 83)
(37, 83)
(38, 83)
(34, 84)
(35, 84)
(36, 84)
(37, 84)
(38, 84)
(49, 84)
(50, 84)
(51, 84)
(52, 84)
(34, 85)
(35, 85)
(36, 85)
(37, 85)
(38, 85)
(44, 85)
(45, 85)
(46, 85)
(47, 85)
(48, 85)
(49, 85)
(50, 85)
(51, 85)
(52, 85)
(34, 86)
(35, 86)
(36, 86)
(37, 86)
(38, 86)
(44, 86)
(45, 86)
(46, 86)
(47, 86)
(48, 86)
(49, 86)
(50, 86)
(51, 86)
(52, 86)
(44, 87)
(45, 87)
(46, 87)
(47, 87)
(48, 87)
(44, 88)
(45, 88)
(46, 88)
(47, 88)
(48, 88)
(44, 89)
(45, 89)
(46, 89)
(47, 89)
(48, 89)
(49, 89)
(50, 89)
(51, 89)
(49, 90)
(50, 90)
(51, 90)
(49, 91)
(50, 91)
(51, 91)
(1, 92)
(2, 92)
(3, 92)
(4, 92)
(1, 93)
(2, 93)
(3, 93)
(4, 93)
(1, 94)
(2, 94)
(3, 94)
(4, 94)
(1, 95)
(2, 95)
(3, 95)
(4, 95)
(1, 96)
(2, 96)
(3, 96)
(4, 96)
-
(0, 4, 1.0, -1, 0.5)
(1, 2, 1.0, -1, 0.5)
(2, 3, 1.0, -1, 0.5)
(3, 2, 1.0, -1, 0.5)
(4, 4, 1.0, -1, 0.5)
(5, 5, 1.0, -1, 0.5)
(6, 1, 1.0, -1, 0.5)
(7, 3, 1.0, -1, 0.5)
(8, 1, 1.0, -1, 0.5)
(9, 5, 1.0, -1, 0.5)
-
(0, (86,83), (96,31))
(1, (21,18), (92,2))
(2, (16,93), (42,12))
(3, (66,41), (93,79))
(4, (60,79), (91,9))
(5, (26,4), (50,30))
(6, (2,40), (63,78))
(7, (60,13), (6,46))
(8, (26,71), (52,54))
(9, (46,95), (58,3))
