100
(57, 0)
(58, 0)
(59, 0)
(60, 0)
(38, 1)
(39, 1)
(40, 1)
(41, 1)
(57, 1)
(58, 1)
(59, 1)
(60, 1)
(38, 2)
(39, 2)
(40, 2)
(41, 2)
(57, 2)
(58, 2)
(59, 2)
(60, 2)
(38, 3)
(39, 3)
(40, 3)
(41, 3)
(57, 3)
(58, 3)
(59, 3)
(60, 3)
(71, 3)
(72, 3)
(73, 3)
(74, 3)
(75, 3)
(38, 4)
(39, 4)
(40, 4)
(41, 4)
(71, 4)
(72, 4)
(73, 4)
(74, 4)
(75, 4)
(57, 5)
(58, 5)
(59, 5)
(60, 5)
(61, 5)
(71, 5)
(72, 5)
(73, 5)
(74, 5)
(75, 5)
(57, 6)
(58, 6)
(59, 6)
(60, 6)
(61, 6)
(71, 6)
(72, 6)
(73, 6)
(74, 6)
(75, 6)
(57, 7)
(58, 7)
(59, 7)
(60, 7)
(61, 7)
(65, 7)
(66, 7)
(67, 7)
(68, 7)
(57, 8)
(58, 8)
(59, 8)
(60, 8)
(61, 8)
(65, 8)
(66, 8)
(67, 8)
(68, 8)
(65, 9)
(66, 9)
(67, 9)
(68, 9)
(53, 18)
(54, 18)
(55, 18)
(56, 18)
(57, 18)
(93, 18)
(94, 18)
(95, 18)
(96, 18)
(97, 18)
(53, 19)
(54, 19)
(55, 19)
(56, 19)
(57, 19)
(93, 19)
(94, 19)
(95, 19)
(96, 19)
(97, 19)
(53, 20)
(54, 20)
(55, 20)
(56, 20)
(57, 20)
(93, 20)
(94, 20)
(95, 20)
(96, 20)
(97, 20)
(53, 21)
(54, 21)
(55, 21)
(56, 21)
(57, 21)
(93, 21)
(94, 21)
(95, 21)
(96, 21)
(97, 21)
(93, 22)
(94, 22)
(95, 22)
(96, 22)
(97, 22)
(48, 26)
(49, 26)
(50, 26)
(51, 26)
(48, 27)
(49, 27)
(50, 27)
(51, 27)
(48, 28)
(49, 28)
(50, 28)
(51, 28)
(48, 29)
(49, 29)
(50, 29)
(51, 29)
(9, 32)
(10, 32)
(11, 32)
(12, 32)
(9, 33)
(10, 33)
(11, 33)
(12, 33)
(9, 34)
(10, 34)
(11, 34)
(12, 34)
(27, 41)
(28, 41)
(29, 41)
(27, 42)
(28, 42)
(29, 42)
(27, 43)
(28, 43)
(29, 43)
(27, 44)
(28, 44)
(29, 44)
(27, 45)
(28, 45)
(29, 45)
(33, 47)
(34, 47)
(35, 47)
(33, 48)
(34, 48)
(35, 48)
(33, 49)
(34, 49)
(35, 49)
(89, 49)
(90, 49)
(91, 49)
(92, 49)
(93, 49)
(89, 50)
(90, 50)
(91, 50)
(92, 50)
(93, 50)
(89, 51)
(90, 51)
(91, 51)
(92, 51)
(93, 51)
(89, 52)
(90, 52)
(91, 52)
(92, 52)
(93, 52)
(25, 58)
(26, 58)
(27, 58)
(28, 58)
(29, 58)
(25, 59)
(26, 59)
(27, 59)
(28, 59)
(29, 59)
(25, 60)
(26, 60)
(27, 60)
(28, 60)
(29, 60)
(25, 61)
(26, 61)
(27, 61)
(28, 61)
(29, 61)
(25, 62)
(26, 62)
(27, 62)
(28, 62)
(29, 62)
(88, 64)
(89, 64)
(90, 64)
(91, 64)
(67, 65)
(68, 65)
(69, 65)
(88, 65)
(89, 65)
(90, 65)
(91, 65)
(67, 66)
(68, 66)
(69, 66)
(88, 66)
(89, 66)
(90, 66)
(91, 66)
(20, 67)
(21, 67)
(22, 67)
(67, 67)
(68, 67)
(69, 67)
(20, 68)
(21, 68)
(22, 68)
(67, 68)
(68, 68)
(69, 68)
(20, 69)
(21, 69)
(22, 69)
(67, 69)
(68, 69)
(69, 69)
(70, 70)
(71, 70)
(72, 70)
(73, 70)
(70, 71)
(71, 71)
(72, 71)
(73, 71)
(70, 72)
(71, 72)
(72, 72)
(73, 72)
(9, 73)
(10, 73)
(11, 73)
(12, 73)
(66, 73)
(67, 73)
(68, 73)
(9, 74)
(10, 74)
(11, 74)
(12, 74)
(66, 74)
(67, 74)
(68, 74)
(9, 75)
(10, 75)
(11, 75)
(12, 75)
(66, 75)
(67, 75)
(68, 75)
(9, 76)
(10, 76)
(11, 76)
(12, 76)
(66, 76)
(67, 76)
(68, 76)
(53, 78)
(54, 78)
(55, 78)
(56, 78)
(18, 79)
(19, 79)
(20, 79)
(21, 79)
(53, 79)
(54, 79)
(55, 79)
(56, 79)
(18, 80)
(19, 80)
(20, 80)
(21, 80)
(53, 80)
(54, 80)
(55, 80)
(56, 80)
(18, 81)
(19, 81)
(20, 81)
(21, 81)
(53, 81)
(54, 81)
(55, 81)
(56, 81)
(18, 82)
(19, 82)
(20, 82)
(21, 82)
(53, 82)
(54, 82)
(55, 82)
(56, 82)
(18, 83)
(19, 83)
(20, 83)
(21, 83)
(13, 84)
(14, 84)
(15, 84)
(16, 84)
(13, 85)
(14, 85)
(15, 85)
(16, 85)
(2, 86)
(3, 86)
(4, 86)
(5, 86)
(6, 86)
(13, 86)
(14, 86)
(15, 86)
(16, 86)
(60, 86)
(61, 86)
(62, 86)
(97, 86)
(98, 86)
(99, 86)
(2, 87)
(3, 87)
(4, 87)
(5, 87)
(6, 87)
(13, 87)
(14, 87)
(15, 87)
(16, 87)
(60, 87)
(61, 87)
(62, 87)
(97, 87)
(98, 87)
(99, 87)
(2, 88)
(3, 88)
(4, 88)
(5, 88)
(6, 88)
(60, 88)
(61, 88)
(62, 88)
(97, 88)
(98, 88)
(99, 88)
(2, 89)
(3, 89)
(4, 89)
(5, 89)
(6, 89)
(97, 89)
(98, 89)
(99, 89)
(97, 90)
(98, 90)
(99, 90)
-
(0, 2, 1.0, -1, 0.5)
(1, 1, 1.0, -1, 0.5)
(2, 2, 1.0, -1, 0.5)
(3, 1, 1.0, -1, 0.5)
(4, 4, 1.0, -1, 0.5)
(5, 4, 1.0, -1, 0.5)
(6, 3, 1.0, -1, 0.5)
(7, 3, 1.0, -1, 0.5)
(8, 5, 1.0, -1, 0.5)
(9, 5, 1.0, -1, 0.5)
-
(0, (21,39), (48,64))
(1, (59,69), (63,12))
(2, (21,8), (82,68))
(3, (77,7), (5,16))
(4, (89,19), (31,82))
(5, (8,37), (77,36))
(6, (43,36), (61,61))
(7, (26,17), (72,59))
(8, (29,68), (77,75))
(9, (93,75), (21,44))
