100
(66, 3)
(67, 3)
(68, 3)
(69, 3)
(70, 3)
(66, 4)
(67, 4)
(68, 4)
(69, 4)
(70, 4)
(66, 5)
(67, 5)
(68, 5)
(69, 5)
(70, 5)
(34, 8)
(35, 8)
(36, 8)
(34, 9)
(35, 9)
(36, 9)
(34, 10)
(35, 10)
(36, 10)
(34, 11)
(35, 11)
(36, 11)
(25, 23)
(26, 23)
(27, 23)
(28, 23)
(25, 24)
(26, 24)
(27, 24)
(28, 24)
(25, 25)
(26, 25)
(27, 25)
(28, 25)
(25, 26)
(26, 26)
(27, 26)
(28, 26)
(25, 27)
(26, 27)
(27, 27)
(28, 27)
(54, 46)
(55, 46)
(56, 46)
(57, 46)
(54, 47)
(55, 47)
(56, 47)
(57, 47)
(54, 48)
(55, 48)
(56, 48)
(57, 48)
(54, 49)
(55, 49)
(56, 49)
(57, 49)
(54, 50)
(55, 50)
(56, 50)
(57, 50)
(48, 90)
(49, 90)
(50, 90)
(51, 90)
(48, 91)
(49, 91)
(50, 91)
(51, 91)
(48, 92)
(49, 92)
(50, 92)
(51, 92)
(48, 93)
(49, 93)
(50, 93)
(51, 93)
-
(0, 3, 1.0, -1, 0.5)
(1, 1, 1.0, -1, 0.5)
(2, 5, 1.0, -1, 0.5)
(3, 2, 1.0, -1, 0.5)
(4, 4, 1.0, -1, 0.5)
(5, 3, 1.0, -1, 0.5)
(6, 5, 1.0, -1, 0.5)
(7, 1, 1.0, -1, 0.5)
(8, 4, 1.0, -1, 0.5)
(9, 2, 1.0, -1, 0.5)
-
(0, (60,30), (23,75))
(1, (0,4), (51,31))
(2, (12,24), (84,57))
(3, (23,80), (81,26))
(4, (54,13), (93,93))
(5, (94,21), (97,95))
(6, (49,34), (3,32))
(7, (76,92), (56,35))
(8, (35,70), (16,95))
(9, (42,40), (97,69))
