100
(68, 2)
(69, 2)
(70, 2)
(71, 2)
(72, 2)
(68, 3)
(69, 3)
(70, 3)
(71, 3)
(72, 3)
(1, 4)
(2, 4)
(3, 4)
(68, 4)
(69, 4)
(70, 4)
(71, 4)
(72, 4)
(1, 5)
(2, 5)
(3, 5)
(68, 5)
(69, 5)
(70, 5)
(71, 5)
(72, 5)
(1, 6)
(2, 6)
(3, 6)
(51, 6)
(52, 6)
(53, 6)
(54, 6)
(55, 6)
(1, 7)
(2, 7)
(3, 7)
(51, 7)
(52, 7)
(53, 7)
(54, 7)
(55, 7)
(1, 8)
(2, 8)
(3, 8)
(51, 8)
(52, 8)
(53, 8)
(54, 8)
(55, 8)
(12, 9)
(13, 9)
(14, 9)
(15, 9)
(51, 9)
(52, 9)
(53, 9)
(54, 9)
(55, 9)
(12, 10)
(13, 10)
(14, 10)
(15, 10)
(51, 10)
(52, 10)
(53, 10)
(54, 10)
(55, 10)
(12, 11)
(13, 11)
(14, 11)
(15, 11)
(12, 12)
(13, 12)
(14, 12)
(15, 12)
(12, 13)
(13, 13)
(14, 13)
(15, 13)
(48, 17)
(49, 17)
(50, 17)
(48, 18)
(49, 18)
(50, 18)
(48, 19)
(49, 19)
(50, 19)
(48, 20)
(49, 20)
(50, 20)
(48, 21)
(49, 21)
(50, 21)
(20, 22)
(21, 22)
(22, 22)
(23, 22)
(24, 22)
(20, 23)
(21, 23)
(22, 23)
(23, 23)
(24, 23)
(20, 24)
(21, 24)
(22, 24)
(23, 24)
(24, 24)
(20, 25)
(21, 25)
(22, 25)
(23, 25)
(24, 25)
(61, 26)
(62, 26)
(63, 26)
(64, 26)
(61, 27)
(62, 27)
(63, 27)
(64, 27)
(61, 28)
(62, 28)
(63, 28)
(64, 28)
(61, 31)
(62, 31)
(63, 31)
(61, 32)
(62, 32)
(63, 32)
(61, 33)
(62, 33)
(63, 33)
(61, 34)
(62, 34)
(63, 34)
(30, 37)
(31, 37)
(32, 37)
(33, 37)
(34, 37)
(30, 38)
(31, 38)
(32, 38)
(33, 38)
(34, 38)
(84, 38)
(85, 38)
(86, 38)
(87, 38)
(88, 38)
(30, 39)
(31, 39)
(32, 39)
(33, 39)
(34, 39)
(84, 39)
(85, 39)
(86, 39)
(87, 39)
(88, 39)
(30, 40)
(31, 40)
(32, 40)
(33, 40)
(34, 40)
(84, 40)
(85, 40)
(86, 40)
(87, 40)
(88, 40)
(24, 62)
(25, 62)
(26, 62)
(27, 62)
(28, 62)
(24, 63)
(25, 63)
(26, 63)
(27, 63)
(28, 63)
(24, 64)
(25, 64)
(26, 64)
(27, 64)
(28, 64)
(24, 65)
(25, 65)
(26, 65)
(27, 65)
(28, 65)
(76, 81)
(77, 81)
(78, 81)
(79, 81)
(53, 82)
(54, 82)
(55, 82)
(56, 82)
(76, 82)
(77, 82)
(78, 82)
(79, 82)
(12, 83)
(13, 83)
(14, 83)
(15, 83)
(16, 83)
(53, 83)
(54, 83)
(55, 83)
(56, 83)
(76, 83)
(77, 83)
(78, 83)
(79, 83)
(12, 84)
(13, 84)
(14, 84)
(15, 84)
(16, 84)
(53, 84)
(54, 84)
(55, 84)
(56, 84)
(76, 84)
(77, 84)
(78, 84)
(79, 84)
(87, 84)
(88, 84)
(89, 84)
(90, 84)
(91, 84)
(12, 85)
(13, 85)
(14, 85)
(15, 85)
(16, 85)
(53, 85)
(54, 85)
(55, 85)
(56, 85)
(87, 85)
(88, 85)
(89, 85)
(90, 85)
(91, 85)
(12, 86)
(13, 86)
(14, 86)
(15, 86)
(16, 86)
(87, 86)
(88, 86)
(89, 86)
(90, 86)
(91, 86)
(12, 87)
(13, 87)
(14, 87)
(15, 87)
(16, 87)
(42, 87)
(43, 87)
(44, 87)
(87, 87)
(88, 87)
(89, 87)
(90, 87)
(91, 87)
(42, 88)
(43, 88)
(44, 88)
(70, 88)
(71, 88)
(72, 88)
(73, 88)
(42, 89)
(43, 89)
(44, 89)
(51, 89)
(52, 89)
(53, 89)
(70, 89)
(71, 89)
(72, 89)
(73, 89)
(42, 90)
(43, 90)
(44, 90)
(51, 90)
(52, 90)
(53, 90)
(70, 90)
(71, 90)
(72, 90)
(73, 90)
(91, 90)
(92, 90)
(93, 90)
(51, 91)
(52, 91)
(53, 91)
(91, 91)
(92, 91)
(93, 91)
(51, 92)
(52, 92)
(53, 92)
(91, 92)
(92, 92)
(93, 92)
(91, 93)
(92, 93)
(93, 93)
(82, 97)
(83, 97)
(84, 97)
(85, 97)
(82, 98)
(83, 98)
(84, 98)
(85, 98)
(82, 99)
(83, 99)
(84, 99)
(85, 99)
-
(0, 3, 1.0, -1, 0.5)
(1, 4, 1.0, -1, 0.5)
(2, 1, 1.0, -1, 0.5)
(3, 5, 1.0, -1, 0.5)
(4, 1, 1.0, -1, 0.5)
(5, 2, 1.0, -1, 0.5)
(6, 3, 1.0, -1, 0.5)
(7, 4, 1.0, -1, 0.5)
(8, 5, 1.0, -1, 0.5)
(9, 2, 1.0, -1, 0.5)
-
(0, (13,95), (22,10))
(1, (93,32), (87,65))
(2, (3,0), (30,15))
(3, (16,13), (88,71))
(4, (32,35), (57,72))
(5, (28,5), (87,78))
(6, (47,7), (3,25))
(7, (64,47), (37,93))
(8, (32,57), (7,16))
(9, (93,22), (29,8))
