100
(11, 1)
(12, 1)
(13, 1)
(11, 2)
(12, 2)
(13, 2)
(11, 3)
(12, 3)
(13, 3)
(13, 7)
(14, 7)
(15, 7)
(16, 7)
(17, 7)
(13, 8)
(14, 8)
(15, 8)
(16, 8)
(17, 8)
(13, 9)
(14, 9)
(15, 9)
(16, 9)
(17, 9)
(12, 12)
(13, 12)
(14, 12)
(15, 12)
(12, 13)
(13, 13)
(14, 13)
(15, 13)
(12, 14)
(13, 14)
(14, 14)
(15, 14)
(12, 15)
(13, 15)
(14, 15)
(15, 15)
(34, 15)
(35, 15)
(36, 15)
(3, 16)
(4, 16)
(5, 16)
(34, 16)
(35, 16)
(36, 16)
(3, 17)
(4, 17)
(5, 17)
(34, 17)
(35, 17)
(36, 17)
(74, 17)
(75, 17)
(76, 17)
(3, 18)
(4, 18)
(5, 18)
(34, 18)
(35, 18)
(36, 18)
(74, 18)
(75, 18)
(76, 18)
(3, 19)
(4, 19)
(5, 19)
(74, 19)
(75, 19)
(76, 19)
(19, 21)
(20, 21)
(21, 21)
(22, 21)
(23, 21)
(19, 22)
(20, 22)
(21, 22)
(22, 22)
(23, 22)
(19, 23)
(20, 23)
(21, 23)
(22, 23)
(23, 23)
(35, 24)
(36, 24)
(37, 24)
(38, 24)
(35, 25)
(36, 25)
(37, 25)
(38, 25)
(24, 26)
(25, 26)
(26, 26)
(27, 26)
(28, 26)
(35, 26)
(36, 26)
(37, 26)
(38, 26)
(24, 27)
(25, 27)
(26, 27)
(27, 27)
(28, 27)
(35, 27)
(36, 27)
(37, 27)
(38, 27)
(24, 28)
(25, 28)
(26, 28)
(27, 28)
(28, 28)
(11, 34)
(12, 34)
(13, 34)
(14, 34)
(77, 34)
(78, 34)
(79, 34)
(80, 34)
(81, 34)
(11, 35)
(12, 35)
(13, 35)
(14, 35)
(77, 35)
(78, 35)
(79, 35)
(80, 35)
(81, 35)
(11, 36)
(12, 36)
(13, 36)
(14, 36)
(77, 36)
(78, 36)
(79, 36)
(80, 36)
(81, 36)
(11, 37)
(12, 37)
(13, 37)
(14, 37)
(52, 37)
(53, 37)
(54, 37)
(55, 37)
(56, 37)
(77, 37)
(78, 37)
(79, 37)
(80, 37)
(81, 37)
(52, 38)
(53, 38)
(54, 38)
(55, 38)
(56, 38)
(52, 39)
(53, 39)
(54, 39)
(55, 39)
(56, 39)
(52, 40)
(53, 40)
(54, 40)
(55, 40)
(56, 40)
(52, 41)
(53, 41)
(54, 41)
(55, 41)
(56, 41)
(11, 43)
(12, 43)
(13, 43)
(14, 43)
(15, 43)
(11, 44)
(12, 44)
(13, 44)
(14, 44)
(15, 44)
(11, 45)
(12, 45)
(13, 45)
(14, 45)
(15, 45)
(68, 46)
(69, 46)
(70, 46)
(68, 47)
(69, 47)
(70, 47)
(68, 48)
(69, 48)
(70, 48)
(3, 50)
(4, 50)
(5, 50)
(3, 51)
(4, 51)
(5, 51)
(3, 52)
(4, 52)
(5, 52)
(60, 52)
(61, 52)
(62, 52)
(3, 53)
(4, 53)
(5, 53)
(60, 53)
(61, 53)
(62, 53)
(60, 54)
(61, 54)
(62, 54)
(60, 55)
(61, 55)
(62, 55)
(22, 62)
(23, 62)
(24, 62)
(22, 63)
(23, 63)
(24, 63)
(22, 64)
(23, 64)
(24, 64)
(37, 65)
(38, 65)
(39, 65)
(40, 65)
(41, 65)
(37, 66)
(38, 66)
(39, 66)
(40, 66)
(41, 66)
(37, 67)
(38, 67)
(39, 67)
(40, 67)
(41, 67)
(37, 68)
(38, 68)
(39, 68)
(40, 68)
(41, 68)
(64, 68)
(65, 68)
(66, 68)
(67, 68)
(68, 68)
(64, 69)
(65, 69)
(66, 69)
(67, 69)
(68, 69)
(64, 70)
(65, 70)
(66, 70)
(67, 70)
(68, 70)
(64, 71)
(65, 71)
(66, 71)
(67, 71)
(68, 71)
(64, 72)
(65, 72)
(66, 72)
(67, 72)
(68, 72)
(52, 74)
(53, 74)
(54, 74)
(55, 74)
(52, 75)
(53, 75)
(54, 75)
(55, 75)
(52, 76)
(53, 76)
(54, 76)
(55, 76)
(52, 77)
(53, 77)
(54, 77)
(55, 77)
(52, 78)
(53, 78)
(54, 78)
(55, 78)
(31, 86)
(32, 86)
(33, 86)
(34, 86)
(31, 87)
(32, 87)
(33, 87)
(34, 87)
(31, 88)
(32, 88)
(33, 88)
(34, 88)
(6, 89)
(7, 89)
(8, 89)
(9, 89)
(10, 89)
(6, 90)
(7, 90)
(8, 90)
(9, 90)
(10, 90)
(6, 91)
(7, 91)
(8, 91)
(9, 91)
(10, 91)
(6, 92)
(7, 92)
(8, 92)
(9, 92)
(10, 92)
(6, 93)
(7, 93)
(8, 93)
(9, 93)
(10, 93)
(9, 94)
(10, 94)
(11, 94)
(50, 94)
(51, 94)
(52, 94)
(53, 94)
(9, 95)
(10, 95)
(11, 95)
(50, 95)
(51, 95)
(52, 95)
(53, 95)
(9, 96)
(10, 96)
(11, 96)
(50, 96)
(51, 96)
(52, 96)
(53, 96)
(76, 96)
(77, 96)
(78, 96)
(79, 96)
(9, 97)
(10, 97)
(11, 97)
(50, 97)
(51, 97)
(52, 97)
(53, 97)
(76, 97)
(77, 97)
(78, 97)
(79, 97)
(50, 98)
(51, 98)
(52, 98)
(53, 98)
(76, 98)
(77, 98)
(78, 98)
(79, 98)
-
(0, 5, 1.0, -1, 0.5)
(1, 1, 1.0, -1, 0.5)
(2, 1, 1.0, -1, 0.5)
(3, 2, 1.0, -1, 0.5)
(4, 4, 1.0, -1, 0.5)
(5, 5, 1.0, -1, 0.5)
(6, 3, 1.0, -1, 0.5)
(7, 2, 1.0, -1, 0.5)
(8, 3, 1.0, -1, 0.5)
(9, 4, 1.0, -1, 0.5)
-
(0, (77,27), (0,29))
(1, (13,22), (19,65))
(2, (33,63), (1,69))
(3, (96,83), (97,10))
(4, (86,24), (59,13))
(5, (65,50), (31,53))
(6, (45,3), (69,43))
(7, (67,25), (10,52))
(8, (25,9), (39,83))
(9, (77,57), (65,7))
