100
(30, 2)
(31, 2)
(32, 2)
(33, 2)
(34, 2)
(11, 3)
(12, 3)
(13, 3)
(14, 3)
(15, 3)
(30, 3)
(31, 3)
(32, 3)
(33, 3)
(34, 3)
(11, 4)
(12, 4)
(13, 4)
(14, 4)
(15, 4)
(30, 4)
(31, 4)
(32, 4)
(33, 4)
(34, 4)
(11, 5)
(12, 5)
(13, 5)
(14, 5)
(15, 5)
(30, 5)
(31, 5)
(32, 5)
(33, 5)
(34, 5)
(38, 5)
(39, 5)
(40, 5)
(5, 6)
(6, 6)
(7, 6)
(8, 6)
(9, 6)
(38, 6)
(39, 6)
(40, 6)
(5, 7)
(6, 7)
(7, 7)
(8, 7)
(9, 7)
(38, 7)
(39, 7)
(40, 7)
(5, 8)
(6, 8)
(7, 8)
(8, 8)
(9, 8)
(57, 8)
(58, 8)
(59, 8)
(60, 8)
(57, 9)
(58, 9)
(59, 9)
(60, 9)
(82, 9)
(83, 9)
(84, 9)
(85, 9)
(8, 10)
(9, 10)
(10, 10)
(57, 10)
(58, 10)
(59, 10)
(60, 10)
(82, 10)
(83, 10)
(84, 10)
(85, 10)
(8, 11)
(9, 11)
(10, 11)
(57, 11)
(58, 11)
(59, 11)
(60, 11)
(82, 11)
(83, 11)
(84, 11)
(85, 11)
(8, 12)
(9, 12)
(10, 12)
(57, 12)
(58, 12)
(59, 12)
(60, 12)
(82, 12)
(83, 12)
(84, 12)
(85, 12)
(8, 13)
(9, 13)
(10, 13)
(46, 13)
(47, 13)
(48, 13)
(0, 14)
(1, 14)
(2, 14)
(8, 14)
(9, 14)
(10, 14)
(46, 14)
(47, 14)
(48, 14)
(69, 14)
(70, 14)
(71, 14)
(0, 15)
(1, 15)
(2, 15)
(21, 15)
(22, 15)
(23, 15)
(46, 15)
(47, 15)
(48, 15)
(69, 15)
(70, 15)
(71, 15)
(0, 16)
(1, 16)
(2, 16)
(21, 16)
(22, 16)
(23, 16)
(26, 16)
(27, 16)
(28, 16)
(29, 16)
(46, 16)
(47, 16)
(48, 16)
(69, 16)
(70, 16)
(71, 16)
(0, 17)
(1, 17)
(2, 17)
(21, 17)
(22, 17)
(23, 17)
(26, 17)
(27, 17)
(28, 17)
(29, 17)
(46, 17)
(47, 17)
(48, 17)
(69, 17)
(70, 17)
(71, 17)
(0, 18)
(1, 18)
(2, 18)
(21, 18)
(22, 18)
(23, 18)
(26, 18)
(27, 18)
(28, 18)
(29, 18)
(30, 18)
(31, 18)
(32, 18)
(21, 19)
(22, 19)
(23, 19)
(26, 19)
(27, 19)
(28, 19)
(29, 19)
(30, 19)
(31, 19)
(32, 19)
(57, 19)
(58, 19)
(59, 19)
(8, 20)
(9, 20)
(10, 20)
(11, 20)
(12, 20)
(30, 20)
(31, 20)
(32, 20)
(57, 20)
(58, 20)
(59, 20)
(8, 21)
(9, 21)
(10, 21)
(11, 21)
(12, 21)
(57, 21)
(58, 21)
(59, 21)
(60, 21)
(61, 21)
(62, 21)
(63, 21)
(8, 22)
(9, 22)
(10, 22)
(11, 22)
(12, 22)
(57, 22)
(58, 22)
(59, 22)
(60, 22)
(61, 22)
(62, 22)
(63, 22)
(8, 23)
(9, 23)
(10, 23)
(11, 23)
(12, 23)
(52, 23)
(53, 23)
(54, 23)
(55, 23)
(57, 23)
(58, 23)
(59, 23)
(60, 23)
(61, 23)
(62, 23)
(63, 23)
(77, 23)
(78, 23)
(79, 23)
(80, 23)
(52, 24)
(53, 24)
(54, 24)
(55, 24)
(60, 24)
(61, 24)
(62, 24)
(63, 24)
(77, 24)
(78, 24)
(79, 24)
(80, 24)
(2, 25)
(3, 25)
(4, 25)
(5, 25)
(19, 25)
(20, 25)
(21, 25)
(44, 25)
(45, 25)
(46, 25)
(47, 25)
(48, 25)
(52, 25)
(53, 25)
(54, 25)
(55, 25)
(60, 25)
(61, 25)
(62, 25)
(63, 25)
(77, 25)
(78, 25)
(79, 25)
(80, 25)
(2, 26)
(3, 26)
(4, 26)
(5, 26)
(8, 26)
(9, 26)
(10, 26)
(11, 26)
(12, 26)
(19, 26)
(20, 26)
(21, 26)
(40, 26)
(41, 26)
(42, 26)
(43, 26)
(44, 26)
(45, 26)
(46, 26)
(47, 26)
(48, 26)
(52, 26)
(53, 26)
(54, 26)
(55, 26)
(63, 26)
(64, 26)
(65, 26)
(66, 26)
(77, 26)
(78, 26)
(79, 26)
(80, 26)
(2, 27)
(3, 27)
(4, 27)
(5, 27)
(8, 27)
(9, 27)
(10, 27)
(11, 27)
(12, 27)
(19, 27)
(20, 27)
(21, 27)
(40, 27)
(41, 27)
(42, 27)
(43, 27)
(44, 27)
(45, 27)
(46, 27)
(47, 27)
(48, 27)
(52, 27)
(53, 27)
(54, 27)
(55, 27)
(63, 27)
(64, 27)
(65, 27)
(66, 27)
(2, 28)
(3, 28)
(4, 28)
(5, 28)
(8, 28)
(9, 28)
(10, 28)
(11, 28)
(12, 28)
(19, 28)
(20, 28)
(21, 28)
(40, 28)
(41, 28)
(42, 28)
(43, 28)
(44, 28)
(45, 28)
(46, 28)
(47, 28)
(48, 28)
(63, 28)
(64, 28)
(65, 28)
(66, 28)
(2, 29)
(3, 29)
(4, 29)
(5, 29)
(8, 29)
(9, 29)
(10, 29)
(11, 29)
(12, 29)
(40, 29)
(41, 29)
(42, 29)
(43, 29)
(44, 29)
(45, 29)
(46, 29)
(47, 29)
(48, 29)
(63, 29)
(64, 29)
(65, 29)
(66, 29)
(63, 30)
(64, 30)
(65, 30)
(66, 30)
(68, 32)
(69, 32)
(70, 32)
(71, 32)
(29, 33)
(30, 33)
(31, 33)
(42, 33)
(43, 33)
(44, 33)
(45, 33)
(68, 33)
(69, 33)
(70, 33)
(71, 33)
(29, 34)
(30, 34)
(31, 34)
(42, 34)
(43, 34)
(44, 34)
(45, 34)
(68, 34)
(69, 34)
(70, 34)
(71, 34)
(29, 35)
(30, 35)
(31, 35)
(42, 35)
(43, 35)
(44, 35)
(45, 35)
(68, 35)
(69, 35)
(70, 35)
(71, 35)
(75, 35)
(76, 35)
(77, 35)
(29, 36)
(30, 36)
(31, 36)
(35, 36)
(36, 36)
(37, 36)
(68, 36)
(69, 36)
(70, 36)
(71, 36)
(75, 36)
(76, 36)
(77, 36)
(0, 37)
(1, 37)
(2, 37)
(3, 37)
(29, 37)
(30, 37)
(31, 37)
(35, 37)
(36, 37)
(37, 37)
(75, 37)
(76, 37)
(77, 37)
(0, 38)
(1, 38)
(2, 38)
(3, 38)
(35, 38)
(36, 38)
(37, 38)
(0, 39)
(1, 39)
(2, 39)
(3, 39)
(35, 39)
(36, 39)
(37, 39)
(46, 39)
(47, 39)
(48, 39)
(49, 39)
(50, 39)
(0, 40)
(1, 40)
(2, 40)
(3, 40)
(35, 40)
(36, 40)
(37, 40)
(46, 40)
(47, 40)
(48, 40)
(49, 40)
(50, 40)
(0, 41)
(1, 41)
(2, 41)
(3, 41)
(46, 41)
(47, 41)
(48, 41)
(49, 41)
(50, 41)
(62, 41)
(63, 41)
(64, 41)
(46, 42)
(47, 42)
(48, 42)
(49, 42)
(50, 42)
(62, 42)
(63, 42)
(64, 42)
(70, 42)
(71, 42)
(72, 42)
(73, 42)
(89, 42)
(90, 42)
(91, 42)
(62, 43)
(63, 43)
(64, 43)
(70, 43)
(71, 43)
(72, 43)
(73, 43)
(89, 43)
(90, 43)
(91, 43)
(20, 44)
(21, 44)
(22, 44)
(39, 44)
(40, 44)
(41, 44)
(42, 44)
(43, 44)
(63, 44)
(64, 44)
(65, 44)
(66, 44)
(70, 44)
(71, 44)
(72, 44)
(73, 44)
(74, 44)
(75, 44)
(76, 44)
(89, 44)
(90, 44)
(91, 44)
(20, 45)
(21, 45)
(22, 45)
(39, 45)
(40, 45)
(41, 45)
(42, 45)
(43, 45)
(63, 45)
(64, 45)
(65, 45)
(66, 45)
(74, 45)
(75, 45)
(76, 45)
(89, 45)
(90, 45)
(91, 45)
(20, 46)
(21, 46)
(22, 46)
(39, 46)
(40, 46)
(41, 46)
(42, 46)
(43, 46)
(63, 46)
(64, 46)
(65, 46)
(66, 46)
(74, 46)
(75, 46)
(76, 46)
(39, 47)
(40, 47)
(41, 47)
(42, 47)
(43, 47)
(63, 47)
(64, 47)
(65, 47)
(66, 47)
(74, 47)
(75, 47)
(76, 47)
(39, 48)
(40, 48)
(41, 48)
(42, 48)
(43, 48)
(56, 48)
(57, 48)
(58, 48)
(59, 48)
(60, 48)
(63, 48)
(64, 48)
(65, 48)
(66, 48)
(74, 48)
(75, 48)
(76, 48)
(17, 49)
(18, 49)
(19, 49)
(20, 49)
(43, 49)
(44, 49)
(45, 49)
(46, 49)
(56, 49)
(57, 49)
(58, 49)
(59, 49)
(60, 49)
(64, 49)
(65, 49)
(66, 49)
(67, 49)
(68, 49)
(96, 49)
(97, 49)
(98, 49)
(99, 49)
(17, 50)
(18, 50)
(19, 50)
(20, 50)
(43, 50)
(44, 50)
(45, 50)
(46, 50)
(56, 50)
(57, 50)
(58, 50)
(59, 50)
(60, 50)
(64, 50)
(65, 50)
(66, 50)
(67, 50)
(68, 50)
(75, 50)
(76, 50)
(77, 50)
(78, 50)
(79, 50)
(86, 50)
(87, 50)
(88, 50)
(89, 50)
(96, 50)
(97, 50)
(98, 50)
(99, 50)
(17, 51)
(18, 51)
(19, 51)
(20, 51)
(43, 51)
(44, 51)
(45, 51)
(46, 51)
(56, 51)
(57, 51)
(58, 51)
(59, 51)
(60, 51)
(64, 51)
(65, 51)
(66, 51)
(67, 51)
(68, 51)
(75, 51)
(76, 51)
(77, 51)
(78, 51)
(79, 51)
(86, 51)
(87, 51)
(88, 51)
(89, 51)
(96, 51)
(97, 51)
(98, 51)
(99, 51)
(19, 52)
(20, 52)
(21, 52)
(22, 52)
(56, 52)
(57, 52)
(58, 52)
(59, 52)
(60, 52)
(64, 52)
(65, 52)
(66, 52)
(67, 52)
(68, 52)
(75, 52)
(76, 52)
(77, 52)
(78, 52)
(79, 52)
(86, 52)
(87, 52)
(88, 52)
(89, 52)
(19, 53)
(20, 53)
(21, 53)
(22, 53)
(46, 53)
(47, 53)
(48, 53)
(49, 53)
(50, 53)
(75, 53)
(76, 53)
(77, 53)
(78, 53)
(79, 53)
(86, 53)
(87, 53)
(88, 53)
(89, 53)
(19, 54)
(20, 54)
(21, 54)
(22, 54)
(46, 54)
(47, 54)
(48, 54)
(49, 54)
(50, 54)
(75, 54)
(76, 54)
(77, 54)
(78, 54)
(79, 54)
(19, 55)
(20, 55)
(21, 55)
(22, 55)
(46, 55)
(47, 55)
(48, 55)
(49, 55)
(50, 55)
(47, 56)
(48, 56)
(49, 56)
(50, 56)
(84, 56)
(85, 56)
(86, 56)
(42, 57)
(43, 57)
(44, 57)
(45, 57)
(47, 57)
(48, 57)
(49, 57)
(50, 57)
(84, 57)
(85, 57)
(86, 57)
(4, 58)
(5, 58)
(6, 58)
(42, 58)
(43, 58)
(44, 58)
(45, 58)
(47, 58)
(48, 58)
(49, 58)
(50, 58)
(84, 58)
(85, 58)
(86, 58)
(4, 59)
(5, 59)
(6, 59)
(42, 59)
(43, 59)
(44, 59)
(45, 59)
(47, 59)
(48, 59)
(49, 59)
(50, 59)
(84, 59)
(85, 59)
(86, 59)
(4, 60)
(5, 60)
(6, 60)
(42, 60)
(43, 60)
(44, 60)
(45, 60)
(47, 60)
(48, 60)
(49, 60)
(50, 60)
(72, 60)
(73, 60)
(74, 60)
(75, 60)
(77, 60)
(78, 60)
(79, 60)
(72, 61)
(73, 61)
(74, 61)
(75, 61)
(77, 61)
(78, 61)
(79, 61)
(22, 62)
(23, 62)
(24, 62)
(25, 62)
(72, 62)
(73, 62)
(74, 62)
(75, 62)
(77, 62)
(78, 62)
(79, 62)
(12, 63)
(13, 63)
(14, 63)
(22, 63)
(23, 63)
(24, 63)
(25, 63)
(57, 63)
(58, 63)
(59, 63)
(77, 63)
(78, 63)
(79, 63)
(96, 63)
(97, 63)
(98, 63)
(1, 64)
(2, 64)
(3, 64)
(4, 64)
(6, 64)
(7, 64)
(8, 64)
(9, 64)
(10, 64)
(12, 64)
(13, 64)
(14, 64)
(22, 64)
(23, 64)
(24, 64)
(25, 64)
(57, 64)
(58, 64)
(59, 64)
(78, 64)
(79, 64)
(80, 64)
(81, 64)
(96, 64)
(97, 64)
(98, 64)
(1, 65)
(2, 65)
(3, 65)
(4, 65)
(6, 65)
(7, 65)
(8, 65)
(9, 65)
(10, 65)
(12, 65)
(13, 65)
(14, 65)
(57, 65)
(58, 65)
(59, 65)
(78, 65)
(79, 65)
(80, 65)
(81, 65)
(96, 65)
(97, 65)
(98, 65)
(1, 66)
(2, 66)
(3, 66)
(4, 66)
(6, 66)
(7, 66)
(8, 66)
(9, 66)
(10, 66)
(12, 66)
(13, 66)
(14, 66)
(57, 66)
(58, 66)
(59, 66)
(60, 66)
(61, 66)
(78, 66)
(79, 66)
(80, 66)
(81, 66)
(6, 67)
(7, 67)
(8, 67)
(9, 67)
(10, 67)
(17, 67)
(18, 67)
(19, 67)
(20, 67)
(57, 67)
(58, 67)
(59, 67)
(60, 67)
(61, 67)
(78, 67)
(79, 67)
(80, 67)
(81, 67)
(6, 68)
(7, 68)
(8, 68)
(9, 68)
(10, 68)
(17, 68)
(18, 68)
(19, 68)
(20, 68)
(44, 68)
(45, 68)
(46, 68)
(47, 68)
(57, 68)
(58, 68)
(59, 68)
(60, 68)
(61, 68)
(17, 69)
(18, 69)
(19, 69)
(20, 69)
(44, 69)
(45, 69)
(46, 69)
(47, 69)
(57, 69)
(58, 69)
(59, 69)
(60, 69)
(61, 69)
(91, 69)
(92, 69)
(93, 69)
(94, 69)
(36, 70)
(37, 70)
(38, 70)
(39, 70)
(44, 70)
(45, 70)
(46, 70)
(47, 70)
(57, 70)
(58, 70)
(59, 70)
(60, 70)
(61, 70)
(91, 70)
(92, 70)
(93, 70)
(94, 70)
(36, 71)
(37, 71)
(38, 71)
(39, 71)
(91, 71)
(92, 71)
(93, 71)
(94, 71)
(36, 72)
(37, 72)
(38, 72)
(39, 72)
(91, 72)
(92, 72)
(93, 72)
(94, 72)
(42, 73)
(43, 73)
(44, 73)
(91, 73)
(92, 73)
(93, 73)
(94, 73)
(42, 74)
(43, 74)
(44, 74)
(34, 75)
(35, 75)
(36, 75)
(37, 75)
(42, 75)
(43, 75)
(44, 75)
(79, 75)
(80, 75)
(81, 75)
(82, 75)
(83, 75)
(4, 76)
(5, 76)
(6, 76)
(7, 76)
(8, 76)
(24, 76)
(25, 76)
(26, 76)
(27, 76)
(28, 76)
(34, 76)
(35, 76)
(36, 76)
(37, 76)
(42, 76)
(43, 76)
(44, 76)
(79, 76)
(80, 76)
(81, 76)
(82, 76)
(83, 76)
(4, 77)
(5, 77)
(6, 77)
(7, 77)
(8, 77)
(24, 77)
(25, 77)
(26, 77)
(27, 77)
(28, 77)
(34, 77)
(35, 77)
(36, 77)
(37, 77)
(79, 77)
(80, 77)
(81, 77)
(82, 77)
(83, 77)
(4, 78)
(5, 78)
(6, 78)
(7, 78)
(8, 78)
(24, 78)
(25, 78)
(26, 78)
(27, 78)
(28, 78)
(34, 78)
(35, 78)
(36, 78)
(37, 78)
(4, 79)
(5, 79)
(6, 79)
(7, 79)
(8, 79)
(24, 79)
(25, 79)
(26, 79)
(27, 79)
(28, 79)
(34, 79)
(35, 79)
(36, 79)
(37, 79)
(40, 79)
(41, 79)
(42, 79)
(43, 79)
(44, 79)
(4, 80)
(5, 80)
(6, 80)
(7, 80)
(8, 80)
(32, 80)
(33, 80)
(34, 80)
(40, 80)
(41, 80)
(42, 80)
(43, 80)
(44, 80)
(7, 81)
(8, 81)
(9, 81)
(10, 81)
(11, 81)
(32, 81)
(33, 81)
(34, 81)
(40, 81)
(41, 81)
(42, 81)
(43, 81)
(44, 81)
(48, 81)
(49, 81)
(50, 81)
(51, 81)
(7, 82)
(8, 82)
(9, 82)
(10, 82)
(11, 82)
(32, 82)
(33, 82)
(34, 82)
(48, 82)
(49, 82)
(50, 82)
(51, 82)
(59, 82)
(60, 82)
(61, 82)
(62, 82)
(7, 83)
(8, 83)
(9, 83)
(10, 83)
(11, 83)
(32, 83)
(33, 83)
(34, 83)
(48, 83)
(49, 83)
(50, 83)
(51, 83)
(59, 83)
(60, 83)
(61, 83)
(62, 83)
(7, 84)
(8, 84)
(9, 84)
(10, 84)
(11, 84)
(59, 84)
(60, 84)
(61, 84)
(62, 84)
(52, 86)
(53, 86)
(54, 86)
(68, 86)
(69, 86)
(70, 86)
(52, 87)
(53, 87)
(54, 87)
(68, 87)
(69, 87)
(70, 87)
(21, 88)
(22, 88)
(23, 88)
(52, 88)
(53, 88)
(54, 88)
(68, 88)
(69, 88)
(70, 88)
(21, 89)
(22, 89)
(23, 89)
(41, 89)
(42, 89)
(43, 89)
(44, 89)
(52, 89)
(53, 89)
(54, 89)
(68, 89)
(69, 89)
(70, 89)
(71, 89)
(72, 89)
(73, 89)
(21, 90)
(22, 90)
(23, 90)
(41, 90)
(42, 90)
(43, 90)
(44, 90)
(68, 90)
(69, 90)
(70, 90)
(71, 90)
(72, 90)
(73, 90)
(10, 91)
(11, 91)
(12, 91)
(21, 91)
(22, 91)
(23, 91)
(41, 91)
(42, 91)
(43, 91)
(44, 91)
(71, 91)
(72, 91)
(73, 91)
(10, 92)
(11, 92)
(12, 92)
(41, 92)
(42, 92)
(43, 92)
(44, 92)
(71, 92)
(72, 92)
(73, 92)
(85, 92)
(86, 92)
(87, 92)
(88, 92)
(10, 93)
(11, 93)
(12, 93)
(41, 93)
(42, 93)
(43, 93)
(44, 93)
(85, 93)
(86, 93)
(87, 93)
(88, 93)
(10, 94)
(11, 94)
(12, 94)
(61, 94)
(62, 94)
(63, 94)
(64, 94)
(65, 94)
(85, 94)
(86, 94)
(87, 94)
(88, 94)
(20, 95)
(21, 95)
(22, 95)
(23, 95)
(61, 95)
(62, 95)
(63, 95)
(64, 95)
(65, 95)
(71, 95)
(72, 95)
(73, 95)
(85, 95)
(86, 95)
(87, 95)
(88, 95)
(20, 96)
(21, 96)
(22, 96)
(23, 96)
(61, 96)
(62, 96)
(63, 96)
(64, 96)
(65, 96)
(71, 96)
(72, 96)
(73, 96)
(85, 96)
(86, 96)
(87, 96)
(88, 96)
(20, 97)
(21, 97)
(22, 97)
(23, 97)
(61, 97)
(62, 97)
(63, 97)
(64, 97)
(65, 97)
(71, 97)
(72, 97)
(73, 97)
(20, 98)
(21, 98)
(22, 98)
(23, 98)
(20, 99)
(21, 99)
(22, 99)
(23, 99)
-
(0, 1, 1.0, -1, 0.5)
(1, 4, 1.0, -1, 0.5)
(2, 4, 1.0, -1, 0.5)
(3, 2, 1.0, -1, 0.5)
(4, 1, 1.0, -1, 0.5)
(5, 3, 1.0, -1, 0.5)
(6, 5, 1.0, -1, 0.5)
(7, 5, 1.0, -1, 0.5)
(8, 3, 1.0, -1, 0.5)
(9, 2, 1.0, -1, 0.5)
-
(0, (34,85), (17,9))
(1, (71,19), (51,53))
(2, (38,55), (93,9))
(3, (63,76), (84,35))
(4, (11,89), (56,26))
(5, (10,0), (34,65))
(6, (26,88), (32,50))
(7, (28,59), (22,10))
(8, (48,76), (52,4))
(9, (92,45), (23,52))
