100
(91, 0)
(92, 0)
(93, 0)
(94, 0)
(91, 1)
(92, 1)
(93, 1)
(94, 1)
(91, 2)
(92, 2)
(93, 2)
(94, 2)
(91, 3)
(92, 3)
(93, 3)
(94, 3)
(78, 4)
(79, 4)
(80, 4)
(81, 4)
(91, 4)
(92, 4)
(93, 4)
(94, 4)
(78, 5)
(79, 5)
(80, 5)
(81, 5)
(78, 6)
(79, 6)
(80, 6)
(81, 6)
(80, 16)
(81, 16)
(82, 16)
(83, 16)
(84, 16)
(80, 17)
(81, 17)
(82, 17)
(83, 17)
(84, 17)
(80, 18)
(81, 18)
(82, 18)
(83, 18)
(84, 18)
(11, 26)
(12, 26)
(13, 26)
(14, 26)
(15, 26)
(11, 27)
(12, 27)
(13, 27)
(14, 27)
(15, 27)
(11, 28)
(12, 28)
(13, 28)
(14, 28)
(15, 28)
(11, 29)
(12, 29)
(13, 29)
(14, 29)
(15, 29)
(76, 43)
(77, 43)
(78, 43)
(76, 44)
(77, 44)
(78, 44)
(76, 45)
(77, 45)
(78, 45)
(76, 46)
(77, 46)
(78, 46)
(55, 57)
(56, 57)
(57, 57)
(58, 57)
(55, 58)
(56, 58)
(57, 58)
(58, 58)
(55, 59)
(56, 59)
(57, 59)
(58, 59)
(83, 62)
(84, 62)
(85, 62)
(86, 62)
(87, 62)
(83, 63)
(84, 63)
(85, 63)
(86, 63)
(87, 63)
(83, 64)
(84, 64)
(85, 64)
(86, 64)
(87, 64)
(83, 65)
(84, 65)
(85, 65)
(86, 65)
(87, 65)
(29, 69)
(30, 69)
(31, 69)
(29, 70)
(30, 70)
(31, 70)
(29, 71)
(30, 71)
(31, 71)
(29, 72)
(30, 72)
(31, 72)
(82, 75)
(83, 75)
(84, 75)
(85, 75)
(86, 75)
(82, 76)
(83, 76)
(84, 76)
(85, 76)
(86, 76)
(82, 77)
(83, 77)
(84, 77)
(85, 77)
(86, 77)
(82, 78)
(83, 78)
(84, 78)
(85, 78)
(86, 78)
(24, 92)
(25, 92)
(26, 92)
(27, 92)
(28, 92)
(24, 93)
(25, 93)
(26, 93)
(27, 93)
(28, 93)
(24, 94)
(25, 94)
(26, 94)
(27, 94)
(28, 94)
-
(0, 4, 1.0, -1, 0.5)
(1, 3, 1.0, -1, 0.5)
(2, 5, 1.0, -1, 0.5)
(3, 2, 1.0, -1, 0.5)
(4, 3, 1.0, -1, 0.5)
(5, 1, 1.0, -1, 0.5)
(6, 5, 1.0, -1, 0.5)
(7, 2, 1.0, -1, 0.5)
(8, 4, 1.0, -1, 0.5)
(9, 1, 1.0, -1, 0.5)
-
(0, (95,72), (37,72))
(1, (82,48), (22,77))
(2, (32,43), (87,88))
(3, (98,54), (44,60))
(4, (31,34), (77,17))
(5, (90,19), (19,89))
(6, (63,89), (2,22))
(7, (61,31), (20,11))
(8, (69,6), (73,51))
(9, (26,65), (98,64))
