100
(31, 0)
(32, 0)
(33, 0)
(34, 0)
(35, 0)
(31, 1)
(32, 1)
(33, 1)
(34, 1)
(35, 1)
(31, 2)
(32, 2)
(33, 2)
(34, 2)
(35, 2)
(6, 3)
(7, 3)
(8, 3)
(31, 3)
(32, 3)
(33, 3)
(34, 3)
(35, 3)
(6, 4)
(7, 4)
(8, 4)
(6, 5)
(7, 5)
(8, 5)
(6, 6)
(7, 6)
(8, 6)
(51, 6)
(52, 6)
(53, 6)
(54, 6)
(55, 6)
(6, 7)
(7, 7)
(8, 7)
(51, 7)
(52, 7)
(53, 7)
(54, 7)
(55, 7)
(51, 8)
(52, 8)
(53, 8)
(54, 8)
(55, 8)
(51, 9)
(52, 9)
(53, 9)
(54, 9)
(55, 9)
(42, 13)
(43, 13)
(44, 13)
(45, 13)
(42, 14)
(43, 14)
(44, 14)
(45, 14)
(9, 15)
(10, 15)
(11, 15)
(12, 15)
(42, 15)
(43, 15)
(44, 15)
(45, 15)
(9, 16)
(10, 16)
(11, 16)
(12, 16)
(9, 17)
(10, 17)
(11, 17)
(12, 17)
(65, 24)
(66, 24)
(67, 24)
(68, 24)
(69, 24)
(65, 25)
(66, 25)
(67, 25)
(68, 25)
(69, 25)
(65, 26)
(66, 26)
(67, 26)
(68, 26)
(69, 26)
(65, 27)
(66, 27)
(67, 27)
(68, 27)
(69, 27)
(93, 27)
(94, 27)
(95, 27)
(93, 28)
(94, 28)
(95, 28)
(47, 29)
(48, 29)
(49, 29)
(50, 29)
(93, 29)
(94, 29)
(95, 29)
(47, 30)
(48, 30)
(49, 30)
(50, 30)
(93, 30)
(94, 30)
(95, 30)
(47, 31)
(48, 31)
(49, 31)
(50, 31)
(93, 31)
(94, 31)
(95, 31)
(52, 40)
(53, 40)
(54, 40)
(52, 41)
(53, 41)
(54, 41)
(52, 42)
(53, 42)
(54, 42)
(52, 43)
(53, 43)
(54, 43)
(54, 44)
(55, 44)
(56, 44)
(60, 44)
(61, 44)
(62, 44)
(63, 44)
(54, 45)
(55, 45)
(56, 45)
(60, 45)
(61, 45)
(62, 45)
(63, 45)
(54, 46)
(55, 46)
(56, 46)
(60, 46)
(61, 46)
(62, 46)
(63, 46)
(60, 47)
(61, 47)
(62, 47)
(63, 47)
(72, 47)
(73, 47)
(74, 47)
(75, 47)
(60, 48)
(61, 48)
(62, 48)
(63, 48)
(72, 48)
(73, 48)
(74, 48)
(75, 48)
(72, 49)
(73, 49)
(74, 49)
(75, 49)
(72, 50)
(73, 50)
(74, 50)
(75, 50)
(95, 56)
(96, 56)
(97, 56)
(98, 56)
(95, 57)
(96, 57)
(97, 57)
(98, 57)
(67, 58)
(68, 58)
(69, 58)
(70, 58)
(71, 58)
(95, 58)
(96, 58)
(97, 58)
(98, 58)
(67, 59)
(68, 59)
(69, 59)
(70, 59)
(71, 59)
(67, 60)
(68, 60)
(69, 60)
(70, 60)
(71, 60)
(67, 61)
(68, 61)
(69, 61)
(70, 61)
(71, 61)
(67, 62)
(68, 62)
(69, 62)
(70, 62)
(71, 62)
(16, 65)
(17, 65)
(18, 65)
(19, 65)
(20, 65)
(31, 65)
(32, 65)
(33, 65)
(34, 65)
(35, 65)
(16, 66)
(17, 66)
(18, 66)
(19, 66)
(20, 66)
(31, 66)
(32, 66)
(33, 66)
(34, 66)
(35, 66)
(16, 67)
(17, 67)
(18, 67)
(19, 67)
(20, 67)
(31, 67)
(32, 67)
(33, 67)
(34, 67)
(35, 67)
(16, 68)
(17, 68)
(18, 68)
(19, 68)
(20, 68)
(31, 68)
(32, 68)
(33, 68)
(34, 68)
(35, 68)
(31, 69)
(32, 69)
(33, 69)
(34, 69)
(35, 69)
(16, 71)
(17, 71)
(18, 71)
(19, 71)
(20, 71)
(67, 71)
(68, 71)
(69, 71)
(16, 72)
(17, 72)
(18, 72)
(19, 72)
(20, 72)
(67, 72)
(68, 72)
(69, 72)
(16, 73)
(17, 73)
(18, 73)
(19, 73)
(20, 73)
(67, 73)
(68, 73)
(69, 73)
(92, 73)
(93, 73)
(94, 73)
(16, 74)
(17, 74)
(18, 74)
(19, 74)
(20, 74)
(67, 74)
(68, 74)
(69, 74)
(92, 74)
(93, 74)
(94, 74)
(81, 75)
(82, 75)
(83, 75)
(84, 75)
(92, 75)
(93, 75)
(94, 75)
(81, 76)
(82, 76)
(83, 76)
(84, 76)
(81, 77)
(82, 77)
(83, 77)
(84, 77)
(42, 82)
(43, 82)
(44, 82)
(45, 82)
(46, 82)
(51, 82)
(52, 82)
(53, 82)
(54, 82)
(42, 83)
(43, 83)
(44, 83)
(45, 83)
(46, 83)
(51, 83)
(52, 83)
(53, 83)
(54, 83)
(42, 84)
(43, 84)
(44, 84)
(45, 84)
(46, 84)
(51, 84)
(52, 84)
(53, 84)
(54, 84)
(42, 85)
(43, 85)
(44, 85)
(45, 85)
(46, 85)
(51, 85)
(52, 85)
(53, 85)
(54, 85)
(86, 92)
(87, 92)
(88, 92)
(89, 92)
(0, 93)
(1, 93)
(2, 93)
(3, 93)
(86, 93)
(87, 93)
(88, 93)
(89, 93)
(0, 94)
(1, 94)
(2, 94)
(3, 94)
(58, 94)
(59, 94)
(60, 94)
(61, 94)
(86, 94)
(87, 94)
(88, 94)
(89, 94)
(0, 95)
(1, 95)
(2, 95)
(3, 95)
(58, 95)
(59, 95)
(60, 95)
(61, 95)
(58, 96)
(59, 96)
(60, 96)
(61, 96)
-
(0, 1, 1.0, -1, 0.5)
(1, 4, 1.0, -1, 0.5)
(2, 3, 1.0, -1, 0.5)
(3, 3, 1.0, -1, 0.5)
(4, 4, 1.0, -1, 0.5)
(5, 5, 1.0, -1, 0.5)
(6, 2, 1.0, -1, 0.5)
(7, 1, 1.0, -1, 0.5)
(8, 5, 1.0, -1, 0.5)
(9, 2, 1.0, -1, 0.5)
-
(0, (7,76), (26,42))
(1, (18,18), (26,74))
(2, (73,61), (7,84))
(3, (15,49), (2,24))
(4, (53,57), (39,17))
(5, (47,59), (13,17))
(6, (52,19), (39,54))
(7, (94,81), (9,67))
(8, (83,16), (8,68))
(9, (37,5), (7,12))
