100
(71, 5)
(72, 5)
(73, 5)
(74, 5)
(75, 5)
(71, 6)
(72, 6)
(73, 6)
(74, 6)
(75, 6)
(71, 7)
(72, 7)
(73, 7)
(74, 7)
(75, 7)
(71, 8)
(72, 8)
(73, 8)
(74, 8)
(75, 8)
(51, 28)
(52, 28)
(53, 28)
(51, 29)
(52, 29)
(53, 29)
(51, 30)
(52, 30)
(53, 30)
(51, 31)
(52, 31)
(53, 31)
(51, 32)
(52, 32)
(53, 32)
(12, 36)
(13, 36)
(14, 36)
(15, 36)
(16, 36)
(12, 37)
(13, 37)
(14, 37)
(15, 37)
(16, 37)
(12, 38)
(13, 38)
(14, 38)
(15, 38)
(16, 38)
(12, 39)
(13, 39)
(14, 39)
(15, 39)
(16, 39)
(10, 81)
(11, 81)
(12, 81)
(10, 82)
(11, 82)
(12, 82)
(10, 83)
(11, 83)
(12, 83)
(10, 84)
(11, 84)
(12, 84)
(35, 85)
(36, 85)
(37, 85)
(38, 85)
(35, 86)
(36, 86)
(37, 86)
(38, 86)
(35, 87)
(36, 87)
(37, 87)
(38, 87)
-
(0, 4, 1.0, -1, 0.5)
(1, 1, 1.0, -1, 0.5)
(2, 5, 1.0, -1, 0.5)
(3, 2, 1.0, -1, 0.5)
(4, 2, 1.0, -1, 0.5)
(5, 1, 1.0, -1, 0.5)
(6, 3, 1.0, -1, 0.5)
(7, 4, 1.0, -1, 0.5)
(8, 5, 1.0, -1, 0.5)
(9, 3, 1.0, -1, 0.5)
-
(0, (32,56), (85,16))
(1, (36,15), (77,52))
(2, (92,80), (12,56))
(3, (61,89), (53,41))
(4, (24,15), (67,96))
(5, (76,54), (71,83))
(6, (80,42), (14,12))
(7, (7,33), (49,64))
(8, (23,79), (27,14))
(9, (29,94), (20,36))
