100
(71, 8)
(72, 8)
(73, 8)
(74, 8)
(71, 9)
(72, 9)
(73, 9)
(74, 9)
(71, 10)
(72, 10)
(73, 10)
(74, 10)
(71, 11)
(72, 11)
(73, 11)
(74, 11)
(73, 19)
(74, 19)
(75, 19)
(73, 20)
(74, 20)
(75, 20)
(73, 21)
(74, 21)
(75, 21)
(82, 22)
(83, 22)
(84, 22)
(85, 22)
(86, 22)
(82, 23)
(83, 23)
(84, 23)
(85, 23)
(86, 23)
(82, 24)
(83, 24)
(84, 24)
(85, 24)
(86, 24)
(82, 25)
(83, 25)
(84, 25)
(85, 25)
(86, 25)
(76, 29)
(77, 29)
(78, 29)
(76, 30)
(77, 30)
(78, 30)
(76, 31)
(77, 31)
(78, 31)
(76, 32)
(77, 32)
(78, 32)
(76, 33)
(77, 33)
(78, 33)
(61, 56)
(62, 56)
(63, 56)
(64, 56)
(65, 56)
(61, 57)
(62, 57)
(63, 57)
(64, 57)
(65, 57)
(61, 58)
(62, 58)
(63, 58)
(64, 58)
(65, 58)
(61, 59)
(62, 59)
(63, 59)
(64, 59)
(65, 59)
(61, 60)
(62, 60)
(63, 60)
(64, 60)
(65, 60)
-
(0, 4, 1.0, -1, 0.5)
(1, 4, 1.0, -1, 0.5)
(2, 5, 1.0, -1, 0.5)
(3, 1, 1.0, -1, 0.5)
(4, 3, 1.0, -1, 0.5)
(5, 5, 1.0, -1, 0.5)
(6, 3, 1.0, -1, 0.5)
(7, 1, 1.0, -1, 0.5)
(8, 2, 1.0, -1, 0.5)
(9, 2, 1.0, -1, 0.5)
-
(0, (40,48), (79,7))
(1, (38,5), (96,61))
(2, (8,71), (72,75))
(3, (68,6), (92,83))
(4, (49,89), (33,4))
(5, (40,78), (53,19))
(6, (26,19), (36,94))
(7, (72,19), (16,3))
(8, (77,34), (89,72))
(9, (87,65), (31,62))
