100
(33, 1)
(34, 1)
(35, 1)
(36, 1)
(37, 1)
(33, 2)
(34, 2)
(35, 2)
(36, 2)
(37, 2)
(33, 3)
(34, 3)
(35, 3)
(36, 3)
(37, 3)
(33, 4)
(34, 4)
(35, 4)
(36, 4)
(37, 4)
(33, 5)
(34, 5)
(35, 5)
(36, 5)
(37, 5)
(94, 7)
(95, 7)
(96, 7)
(94, 8)
(95, 8)
(96, 8)
(94, 9)
(95, 9)
(96, 9)
(94, 10)
(95, 10)
(96, 10)
(94, 11)
(95, 11)
(96, 11)
(40, 20)
(41, 20)
(42, 20)
(40, 21)
(41, 21)
(42, 21)
(40, 22)
(41, 22)
(42, 22)
(40, 23)
(41, 23)
(42, 23)
(40, 24)
(41, 24)
(42, 24)
(67, 34)
(68, 34)
(69, 34)
(70, 34)
(67, 35)
(68, 35)
(69, 35)
(70, 35)
(67, 36)
(68, 36)
(69, 36)
(70, 36)
(46, 79)
(47, 79)
(48, 79)
(49, 79)
(50, 79)
(46, 80)
(47, 80)
(48, 80)
(49, 80)
(50, 80)
(46, 81)
(47, 81)
(48, 81)
(49, 81)
(50, 81)
-
(0, 2, 1.0, -1, 0.5)
(1, 1, 1.0, -1, 0.5)
(2, 5, 1.0, -1, 0.5)
(3, 2, 1.0, -1, 0.5)
(4, 1, 1.0, -1, 0.5)
(5, 4, 1.0, -1, 0.5)
(6, 4, 1.0, -1, 0.5)
(7, 3, 1.0, -1, 0.5)
(8, 5, 1.0, -1, 0.5)
(9, 3, 1.0, -1, 0.5)
-
(0, (8,36), (67,77))
(1, (46,53), (88,66))
(2, (48,13), (82,58))
(3, (63,85), (65,13))
(4, (13,51), (21,87))
(5, (27,94), (93,82))
(6, (9,3), (18,74))
(7, (36,33), (33,96))
(8, (12,19), (24,84))
(9, (28,60), (75,9))
