100
(82, 4)
(83, 4)
(84, 4)
(85, 4)
(86, 4)
(82, 5)
(83, 5)
(84, 5)
(85, 5)
(86, 5)
(82, 6)
(83, 6)
(84, 6)
(85, 6)
(86, 6)
(82, 7)
(83, 7)
(84, 7)
(85, 7)
(86, 7)
(82, 8)
(83, 8)
(84, 8)
(85, 8)
(86, 8)
(89, 17)
(90, 17)
(91, 17)
(92, 17)
(89, 18)
(90, 18)
(91, 18)
(92, 18)
(89, 19)
(90, 19)
(91, 19)
(92, 19)
(4, 23)
(5, 23)
(6, 23)
(4, 24)
(5, 24)
(6, 24)
(4, 25)
(5, 25)
(6, 25)
(4, 26)
(5, 26)
(6, 26)
(52, 34)
(53, 34)
(54, 34)
(55, 34)
(52, 35)
(53, 35)
(54, 35)
(55, 35)
(14, 36)
(15, 36)
(16, 36)
(17, 36)
(18, 36)
(52, 36)
(53, 36)
(54, 36)
(55, 36)
(14, 37)
(15, 37)
(16, 37)
(17, 37)
(18, 37)
(14, 38)
(15, 38)
(16, 38)
(17, 38)
(18, 38)
(2, 39)
(3, 39)
(4, 39)
(5, 39)
(6, 39)
(14, 39)
(15, 39)
(16, 39)
(17, 39)
(18, 39)
(2, 40)
(3, 40)
(4, 40)
(5, 40)
(6, 40)
(2, 41)
(3, 41)
(4, 41)
(5, 41)
(6, 41)
(2, 42)
(3, 42)
(4, 42)
(5, 42)
(6, 42)
(2, 43)
(3, 43)
(4, 43)
(5, 43)
(6, 43)
(83, 54)
(84, 54)
(85, 54)
(83, 55)
(84, 55)
(85, 55)
(83, 56)
(84, 56)
(85, 56)
(83, 57)
(84, 57)
(85, 57)
(83, 58)
(84, 58)
(85, 58)
(37, 62)
(38, 62)
(39, 62)
(40, 62)
(41, 62)
(37, 63)
(38, 63)
(39, 63)
(40, 63)
(41, 63)
(37, 64)
(38, 64)
(39, 64)
(40, 64)
(41, 64)
(37, 65)
(38, 65)
(39, 65)
(40, 65)
(41, 65)
(46, 68)
(47, 68)
(48, 68)
(49, 68)
(50, 68)
(46, 69)
(47, 69)
(48, 69)
(49, 69)
(50, 69)
(94, 69)
(95, 69)
(96, 69)
(46, 70)
(47, 70)
(48, 70)
(49, 70)
(50, 70)
(94, 70)
(95, 70)
(96, 70)
(94, 71)
(95, 71)
(96, 71)
(94, 72)
(95, 72)
(96, 72)
(61, 73)
(62, 73)
(63, 73)
(64, 73)
(94, 73)
(95, 73)
(96, 73)
(61, 74)
(62, 74)
(63, 74)
(64, 74)
(61, 75)
(62, 75)
(63, 75)
(64, 75)
(54, 76)
(55, 76)
(56, 76)
(57, 76)
(61, 76)
(62, 76)
(63, 76)
(64, 76)
(54, 77)
(55, 77)
(56, 77)
(57, 77)
(61, 77)
(62, 77)
(63, 77)
(64, 77)
(54, 78)
(55, 78)
(56, 78)
(57, 78)
(54, 79)
(55, 79)
(56, 79)
(57, 79)
(54, 80)
(55, 80)
(56, 80)
(57, 80)
(86, 89)
(87, 89)
(88, 89)
(89, 89)
(3, 90)
(4, 90)
(5, 90)
(86, 90)
(87, 90)
(88, 90)
(89, 90)
(3, 91)
(4, 91)
(5, 91)
(23, 91)
(24, 91)
(25, 91)
(26, 91)
(27, 91)
(86, 91)
(87, 91)
(88, 91)
(89, 91)
(3, 92)
(4, 92)
(5, 92)
(23, 92)
(24, 92)
(25, 92)
(26, 92)
(27, 92)
(86, 92)
(87, 92)
(88, 92)
(89, 92)
(23, 93)
(24, 93)
(25, 93)
(26, 93)
(27, 93)
(86, 93)
(87, 93)
(88, 93)
(89, 93)
-
(0, 4, 1.0, -1, 0.5)
(1, 2, 1.0, -1, 0.5)
(2, 5, 1.0, -1, 0.5)
(3, 1, 1.0, -1, 0.5)
(4, 2, 1.0, -1, 0.5)
(5, 4, 1.0, -1, 0.5)
(6, 5, 1.0, -1, 0.5)
(7, 1, 1.0, -1, 0.5)
(8, 3, 1.0, -1, 0.5)
(9, 3, 1.0, -1, 0.5)
-
(0, (82,46), (2,1))
(1, (48,14), (61,89))
(2, (61,49), (27,41))
(3, (92,63), (40,92))
(4, (85,41), (4,76))
(5, (92,12), (9,26))
(6, (17,56), (84,34))
(7, (99,71), (49,25))
(8, (46,82), (20,93))
(9, (39,35), (35,74))
