100
(12, 5)
(13, 5)
(14, 5)
(15, 5)
(12, 6)
(13, 6)
(14, 6)
(15, 6)
(12, 7)
(13, 7)
(14, 7)
(15, 7)
(12, 8)
(13, 8)
(14, 8)
(15, 8)
(12, 9)
(13, 9)
(14, 9)
(15, 9)
(60, 24)
(61, 24)
(62, 24)
(60, 25)
(61, 25)
(62, 25)
(60, 26)
(61, 26)
(62, 26)
(57, 47)
(58, 47)
(59, 47)
(57, 48)
(58, 48)
(59, 48)
(57, 49)
(58, 49)
(59, 49)
(57, 50)
(58, 50)
(59, 50)
(57, 51)
(58, 51)
(59, 51)
(38, 78)
(39, 78)
(40, 78)
(38, 79)
(39, 79)
(40, 79)
(38, 80)
(39, 80)
(40, 80)
(38, 81)
(39, 81)
(40, 81)
(38, 82)
(39, 82)
(40, 82)
(35, 95)
(36, 95)
(37, 95)
(38, 95)
(35, 96)
(36, 96)
(37, 96)
(38, 96)
(35, 97)
(36, 97)
(37, 97)
(38, 97)
-
(0, 2, 1.0, -1, 0.5)
(1, 3, 1.0, -1, 0.5)
(2, 3, 1.0, -1, 0.5)
(3, 5, 1.0, -1, 0.5)
(4, 4, 1.0, -1, 0.5)
(5, 2, 1.0, -1, 0.5)
(6, 4, 1.0, -1, 0.5)
(7, 5, 1.0, -1, 0.5)
(8, 1, 1.0, -1, 0.5)
(9, 1, 1.0, -1, 0.5)
-
(0, (97,60), (18,75))
(1, (43,93), (51,35))
(2, (20,32), (65,69))
(3, (0,9), (76,36))
(4, (56,90), (42,61))
(5, (52,60), (87,56))
(6, (26,45), (83,49))
(7, (95,37), (82,82))
(8, (37,16), (92,59))
(9, (7,18), (5,62))
