100
(41, 0)
(42, 0)
(43, 0)
(78, 0)
(79, 0)
(80, 0)
(81, 0)
(31, 1)
(32, 1)
(33, 1)
(34, 1)
(41, 1)
(42, 1)
(43, 1)
(78, 1)
(79, 1)
(80, 1)
(81, 1)
(31, 2)
(32, 2)
(33, 2)
(34, 2)
(41, 2)
(42, 2)
(43, 2)
(78, 2)
(79, 2)
(80, 2)
(81, 2)
(31, 3)
(32, 3)
(33, 3)
(34, 3)
(41, 3)
(42, 3)
(43, 3)
(78, 3)
(79, 3)
(80, 3)
(81, 3)
(41, 4)
(42, 4)
(43, 4)
(64, 5)
(65, 5)
(66, 5)
(69, 5)
(70, 5)
(71, 5)
(72, 5)
(64, 6)
(65, 6)
(66, 6)
(69, 6)
(70, 6)
(71, 6)
(72, 6)
(64, 7)
(65, 7)
(66, 7)
(69, 7)
(70, 7)
(71, 7)
(72, 7)
(69, 8)
(70, 8)
(71, 8)
(72, 8)
(12, 9)
(13, 9)
(14, 9)
(15, 9)
(22, 9)
(23, 9)
(24, 9)
(25, 9)
(6, 10)
(7, 10)
(8, 10)
(9, 10)
(12, 10)
(13, 10)
(14, 10)
(15, 10)
(22, 10)
(23, 10)
(24, 10)
(25, 10)
(6, 11)
(7, 11)
(8, 11)
(9, 11)
(12, 11)
(13, 11)
(14, 11)
(15, 11)
(22, 11)
(23, 11)
(24, 11)
(25, 11)
(86, 11)
(87, 11)
(88, 11)
(6, 12)
(7, 12)
(8, 12)
(9, 12)
(12, 12)
(13, 12)
(14, 12)
(15, 12)
(28, 12)
(29, 12)
(30, 12)
(86, 12)
(87, 12)
(88, 12)
(6, 13)
(7, 13)
(8, 13)
(9, 13)
(12, 13)
(13, 13)
(14, 13)
(15, 13)
(18, 13)
(19, 13)
(20, 13)
(21, 13)
(28, 13)
(29, 13)
(30, 13)
(86, 13)
(87, 13)
(88, 13)
(11, 14)
(12, 14)
(13, 14)
(18, 14)
(19, 14)
(20, 14)
(21, 14)
(28, 14)
(29, 14)
(30, 14)
(37, 14)
(38, 14)
(39, 14)
(40, 14)
(66, 14)
(67, 14)
(68, 14)
(69, 14)
(70, 14)
(86, 14)
(87, 14)
(88, 14)
(11, 15)
(12, 15)
(13, 15)
(18, 15)
(19, 15)
(20, 15)
(21, 15)
(37, 15)
(38, 15)
(39, 15)
(40, 15)
(66, 15)
(67, 15)
(68, 15)
(69, 15)
(70, 15)
(11, 16)
(12, 16)
(13, 16)
(18, 16)
(19, 16)
(20, 16)
(21, 16)
(37, 16)
(38, 16)
(39, 16)
(40, 16)
(66, 16)
(67, 16)
(68, 16)
(69, 16)
(70, 16)
(11, 17)
(12, 17)
(13, 17)
(18, 17)
(19, 17)
(20, 17)
(21, 17)
(37, 17)
(38, 17)
(39, 17)
(40, 17)
(11, 18)
(12, 18)
(13, 18)
(37, 18)
(38, 18)
(39, 18)
(40, 18)
(24, 21)
(25, 21)
(26, 21)
(27, 21)
(28, 21)
(38, 21)
(39, 21)
(40, 21)
(42, 21)
(43, 21)
(44, 21)
(24, 22)
(25, 22)
(26, 22)
(27, 22)
(28, 22)
(38, 22)
(39, 22)
(40, 22)
(42, 22)
(43, 22)
(44, 22)
(79, 22)
(80, 22)
(81, 22)
(82, 22)
(83, 22)
(11, 23)
(12, 23)
(13, 23)
(14, 23)
(24, 23)
(25, 23)
(26, 23)
(27, 23)
(28, 23)
(38, 23)
(39, 23)
(40, 23)
(42, 23)
(43, 23)
(44, 23)
(57, 23)
(58, 23)
(59, 23)
(60, 23)
(61, 23)
(79, 23)
(80, 23)
(81, 23)
(82, 23)
(83, 23)
(11, 24)
(12, 24)
(13, 24)
(14, 24)
(44, 24)
(45, 24)
(46, 24)
(47, 24)
(48, 24)
(57, 24)
(58, 24)
(59, 24)
(60, 24)
(61, 24)
(79, 24)
(80, 24)
(81, 24)
(82, 24)
(83, 24)
(5, 25)
(6, 25)
(7, 25)
(11, 25)
(12, 25)
(13, 25)
(14, 25)
(32, 25)
(33, 25)
(34, 25)
(44, 25)
(45, 25)
(46, 25)
(47, 25)
(48, 25)
(57, 25)
(58, 25)
(59, 25)
(60, 25)
(61, 25)
(79, 25)
(80, 25)
(81, 25)
(82, 25)
(83, 25)
(5, 26)
(6, 26)
(7, 26)
(18, 26)
(19, 26)
(20, 26)
(21, 26)
(22, 26)
(32, 26)
(33, 26)
(34, 26)
(39, 26)
(40, 26)
(41, 26)
(42, 26)
(43, 26)
(44, 26)
(45, 26)
(46, 26)
(47, 26)
(48, 26)
(57, 26)
(58, 26)
(59, 26)
(60, 26)
(61, 26)
(1, 27)
(2, 27)
(3, 27)
(4, 27)
(5, 27)
(6, 27)
(7, 27)
(18, 27)
(19, 27)
(20, 27)
(21, 27)
(22, 27)
(32, 27)
(33, 27)
(34, 27)
(39, 27)
(40, 27)
(41, 27)
(42, 27)
(43, 27)
(57, 27)
(58, 27)
(59, 27)
(60, 27)
(61, 27)
(1, 28)
(2, 28)
(3, 28)
(4, 28)
(18, 28)
(19, 28)
(20, 28)
(21, 28)
(22, 28)
(32, 28)
(33, 28)
(34, 28)
(39, 28)
(40, 28)
(41, 28)
(42, 28)
(43, 28)
(1, 29)
(2, 29)
(3, 29)
(4, 29)
(16, 29)
(17, 29)
(18, 29)
(39, 29)
(40, 29)
(41, 29)
(42, 29)
(43, 29)
(60, 29)
(61, 29)
(62, 29)
(63, 29)
(64, 29)
(1, 30)
(2, 30)
(3, 30)
(4, 30)
(16, 30)
(17, 30)
(18, 30)
(60, 30)
(61, 30)
(62, 30)
(63, 30)
(64, 30)
(75, 30)
(76, 30)
(77, 30)
(78, 30)
(1, 31)
(2, 31)
(3, 31)
(4, 31)
(16, 31)
(17, 31)
(18, 31)
(60, 31)
(61, 31)
(62, 31)
(63, 31)
(64, 31)
(75, 31)
(76, 31)
(77, 31)
(78, 31)
(9, 32)
(10, 32)
(11, 32)
(12, 32)
(16, 32)
(17, 32)
(18, 32)
(60, 32)
(61, 32)
(62, 32)
(63, 32)
(64, 32)
(75, 32)
(76, 32)
(77, 32)
(78, 32)
(0, 33)
(1, 33)
(2, 33)
(9, 33)
(10, 33)
(11, 33)
(12, 33)
(19, 33)
(20, 33)
(21, 33)
(75, 33)
(76, 33)
(77, 33)
(78, 33)
(0, 34)
(1, 34)
(2, 34)
(9, 34)
(10, 34)
(11, 34)
(12, 34)
(19, 34)
(20, 34)
(21, 34)
(60, 34)
(61, 34)
(62, 34)
(63, 34)
(75, 34)
(76, 34)
(77, 34)
(78, 34)
(87, 34)
(88, 34)
(89, 34)
(0, 35)
(1, 35)
(2, 35)
(19, 35)
(20, 35)
(21, 35)
(60, 35)
(61, 35)
(62, 35)
(63, 35)
(87, 35)
(88, 35)
(89, 35)
(19, 36)
(20, 36)
(21, 36)
(60, 36)
(61, 36)
(62, 36)
(63, 36)
(87, 36)
(88, 36)
(89, 36)
(19, 37)
(20, 37)
(21, 37)
(23, 37)
(24, 37)
(25, 37)
(26, 37)
(27, 37)
(60, 37)
(61, 37)
(62, 37)
(63, 37)
(87, 37)
(88, 37)
(89, 37)
(23, 38)
(24, 38)
(25, 38)
(26, 38)
(27, 38)
(87, 38)
(88, 38)
(89, 38)
(23, 39)
(24, 39)
(25, 39)
(26, 39)
(27, 39)
(84, 39)
(85, 39)
(86, 39)
(23, 40)
(24, 40)
(25, 40)
(26, 40)
(27, 40)
(56, 40)
(57, 40)
(58, 40)
(59, 40)
(60, 40)
(84, 40)
(85, 40)
(86, 40)
(44, 41)
(45, 41)
(46, 41)
(47, 41)
(56, 41)
(57, 41)
(58, 41)
(59, 41)
(60, 41)
(84, 41)
(85, 41)
(86, 41)
(92, 41)
(93, 41)
(94, 41)
(95, 41)
(96, 41)
(9, 42)
(10, 42)
(11, 42)
(12, 42)
(44, 42)
(45, 42)
(46, 42)
(47, 42)
(56, 42)
(57, 42)
(58, 42)
(59, 42)
(60, 42)
(84, 42)
(85, 42)
(86, 42)
(92, 42)
(93, 42)
(94, 42)
(95, 42)
(96, 42)
(9, 43)
(10, 43)
(11, 43)
(12, 43)
(44, 43)
(45, 43)
(46, 43)
(47, 43)
(92, 43)
(93, 43)
(94, 43)
(95, 43)
(96, 43)
(9, 44)
(10, 44)
(11, 44)
(12, 44)
(92, 44)
(93, 44)
(94, 44)
(95, 44)
(96, 44)
(25, 45)
(26, 45)
(27, 45)
(49, 45)
(50, 45)
(51, 45)
(52, 45)
(25, 46)
(26, 46)
(27, 46)
(49, 46)
(50, 46)
(51, 46)
(52, 46)
(25, 47)
(26, 47)
(27, 47)
(38, 47)
(39, 47)
(40, 47)
(41, 47)
(49, 47)
(50, 47)
(51, 47)
(52, 47)
(38, 48)
(39, 48)
(40, 48)
(41, 48)
(49, 48)
(50, 48)
(51, 48)
(52, 48)
(62, 48)
(63, 48)
(64, 48)
(65, 48)
(66, 48)
(5, 49)
(6, 49)
(7, 49)
(8, 49)
(29, 49)
(30, 49)
(31, 49)
(32, 49)
(33, 49)
(38, 49)
(39, 49)
(40, 49)
(41, 49)
(42, 49)
(43, 49)
(44, 49)
(52, 49)
(53, 49)
(54, 49)
(62, 49)
(63, 49)
(64, 49)
(65, 49)
(66, 49)
(5, 50)
(6, 50)
(7, 50)
(8, 50)
(29, 50)
(30, 50)
(31, 50)
(32, 50)
(33, 50)
(42, 50)
(43, 50)
(44, 50)
(52, 50)
(53, 50)
(54, 50)
(62, 50)
(63, 50)
(64, 50)
(65, 50)
(66, 50)
(5, 51)
(6, 51)
(7, 51)
(8, 51)
(29, 51)
(30, 51)
(31, 51)
(32, 51)
(33, 51)
(42, 51)
(43, 51)
(44, 51)
(52, 51)
(53, 51)
(54, 51)
(5, 52)
(6, 52)
(7, 52)
(8, 52)
(37, 52)
(38, 52)
(39, 52)
(40, 52)
(41, 52)
(42, 52)
(43, 52)
(44, 52)
(52, 52)
(53, 52)
(54, 52)
(37, 53)
(38, 53)
(39, 53)
(40, 53)
(41, 53)
(42, 53)
(43, 53)
(44, 53)
(37, 54)
(38, 54)
(39, 54)
(40, 54)
(41, 54)
(95, 54)
(96, 54)
(97, 54)
(98, 54)
(99, 54)
(37, 55)
(38, 55)
(39, 55)
(40, 55)
(41, 55)
(47, 55)
(48, 55)
(49, 55)
(50, 55)
(51, 55)
(95, 55)
(96, 55)
(97, 55)
(98, 55)
(99, 55)
(3, 56)
(4, 56)
(5, 56)
(6, 56)
(7, 56)
(19, 56)
(20, 56)
(21, 56)
(22, 56)
(23, 56)
(37, 56)
(38, 56)
(39, 56)
(40, 56)
(41, 56)
(44, 56)
(45, 56)
(46, 56)
(47, 56)
(48, 56)
(49, 56)
(50, 56)
(51, 56)
(95, 56)
(96, 56)
(97, 56)
(98, 56)
(99, 56)
(3, 57)
(4, 57)
(5, 57)
(6, 57)
(7, 57)
(19, 57)
(20, 57)
(21, 57)
(22, 57)
(23, 57)
(44, 57)
(45, 57)
(46, 57)
(47, 57)
(48, 57)
(49, 57)
(50, 57)
(51, 57)
(64, 57)
(65, 57)
(66, 57)
(67, 57)
(68, 57)
(3, 58)
(4, 58)
(5, 58)
(6, 58)
(7, 58)
(19, 58)
(20, 58)
(21, 58)
(22, 58)
(23, 58)
(44, 58)
(45, 58)
(46, 58)
(47, 58)
(48, 58)
(49, 58)
(50, 58)
(51, 58)
(64, 58)
(65, 58)
(66, 58)
(67, 58)
(68, 58)
(74, 58)
(75, 58)
(76, 58)
(77, 58)
(79, 58)
(80, 58)
(81, 58)
(82, 58)
(83, 58)
(8, 59)
(9, 59)
(10, 59)
(11, 59)
(19, 59)
(20, 59)
(21, 59)
(22, 59)
(23, 59)
(58, 59)
(59, 59)
(60, 59)
(64, 59)
(65, 59)
(66, 59)
(67, 59)
(68, 59)
(74, 59)
(75, 59)
(76, 59)
(77, 59)
(79, 59)
(80, 59)
(81, 59)
(82, 59)
(83, 59)
(8, 60)
(9, 60)
(10, 60)
(11, 60)
(58, 60)
(59, 60)
(60, 60)
(64, 60)
(65, 60)
(66, 60)
(67, 60)
(68, 60)
(74, 60)
(75, 60)
(76, 60)
(77, 60)
(79, 60)
(80, 60)
(81, 60)
(82, 60)
(83, 60)
(8, 61)
(9, 61)
(10, 61)
(11, 61)
(21, 61)
(22, 61)
(23, 61)
(24, 61)
(25, 61)
(39, 61)
(40, 61)
(41, 61)
(42, 61)
(43, 61)
(58, 61)
(59, 61)
(60, 61)
(74, 61)
(75, 61)
(76, 61)
(77, 61)
(79, 61)
(80, 61)
(81, 61)
(82, 61)
(83, 61)
(8, 62)
(9, 62)
(10, 62)
(11, 62)
(21, 62)
(22, 62)
(23, 62)
(24, 62)
(25, 62)
(39, 62)
(40, 62)
(41, 62)
(42, 62)
(43, 62)
(48, 62)
(49, 62)
(50, 62)
(51, 62)
(58, 62)
(59, 62)
(60, 62)
(74, 62)
(75, 62)
(76, 62)
(77, 62)
(79, 62)
(80, 62)
(81, 62)
(82, 62)
(83, 62)
(8, 63)
(9, 63)
(10, 63)
(11, 63)
(21, 63)
(22, 63)
(23, 63)
(24, 63)
(25, 63)
(39, 63)
(40, 63)
(41, 63)
(42, 63)
(43, 63)
(48, 63)
(49, 63)
(50, 63)
(51, 63)
(81, 63)
(82, 63)
(83, 63)
(90, 63)
(91, 63)
(92, 63)
(21, 64)
(22, 64)
(23, 64)
(24, 64)
(25, 64)
(48, 64)
(49, 64)
(50, 64)
(51, 64)
(81, 64)
(82, 64)
(83, 64)
(90, 64)
(91, 64)
(92, 64)
(21, 65)
(22, 65)
(23, 65)
(24, 65)
(25, 65)
(81, 65)
(82, 65)
(83, 65)
(90, 65)
(91, 65)
(92, 65)
(28, 66)
(29, 66)
(30, 66)
(31, 66)
(41, 66)
(42, 66)
(43, 66)
(44, 66)
(81, 66)
(82, 66)
(83, 66)
(90, 66)
(91, 66)
(92, 66)
(28, 67)
(29, 67)
(30, 67)
(31, 67)
(41, 67)
(42, 67)
(43, 67)
(44, 67)
(28, 68)
(29, 68)
(30, 68)
(31, 68)
(41, 68)
(42, 68)
(43, 68)
(44, 68)
(28, 69)
(29, 69)
(30, 69)
(31, 69)
(37, 69)
(38, 69)
(39, 69)
(40, 69)
(41, 69)
(88, 69)
(89, 69)
(90, 69)
(91, 69)
(92, 69)
(93, 69)
(94, 69)
(95, 69)
(96, 69)
(28, 70)
(29, 70)
(30, 70)
(31, 70)
(37, 70)
(38, 70)
(39, 70)
(40, 70)
(41, 70)
(42, 70)
(43, 70)
(44, 70)
(64, 70)
(65, 70)
(66, 70)
(67, 70)
(82, 70)
(83, 70)
(84, 70)
(85, 70)
(86, 70)
(88, 70)
(89, 70)
(90, 70)
(91, 70)
(92, 70)
(93, 70)
(94, 70)
(95, 70)
(96, 70)
(37, 71)
(38, 71)
(39, 71)
(40, 71)
(41, 71)
(42, 71)
(43, 71)
(44, 71)
(55, 71)
(56, 71)
(57, 71)
(58, 71)
(59, 71)
(64, 71)
(65, 71)
(66, 71)
(67, 71)
(82, 71)
(83, 71)
(84, 71)
(85, 71)
(86, 71)
(88, 71)
(89, 71)
(90, 71)
(91, 71)
(92, 71)
(93, 71)
(94, 71)
(95, 71)
(96, 71)
(15, 72)
(16, 72)
(17, 72)
(37, 72)
(38, 72)
(39, 72)
(40, 72)
(41, 72)
(42, 72)
(43, 72)
(44, 72)
(55, 72)
(56, 72)
(57, 72)
(58, 72)
(59, 72)
(64, 72)
(65, 72)
(66, 72)
(67, 72)
(69, 72)
(70, 72)
(71, 72)
(72, 72)
(73, 72)
(82, 72)
(83, 72)
(84, 72)
(85, 72)
(86, 72)
(92, 72)
(93, 72)
(94, 72)
(95, 72)
(96, 72)
(15, 73)
(16, 73)
(17, 73)
(37, 73)
(38, 73)
(39, 73)
(40, 73)
(41, 73)
(42, 73)
(43, 73)
(44, 73)
(47, 73)
(48, 73)
(49, 73)
(55, 73)
(56, 73)
(57, 73)
(58, 73)
(59, 73)
(69, 73)
(70, 73)
(71, 73)
(72, 73)
(73, 73)
(82, 73)
(83, 73)
(84, 73)
(85, 73)
(86, 73)
(15, 74)
(16, 74)
(17, 74)
(47, 74)
(48, 74)
(49, 74)
(55, 74)
(56, 74)
(57, 74)
(58, 74)
(59, 74)
(69, 74)
(70, 74)
(71, 74)
(72, 74)
(73, 74)
(82, 74)
(83, 74)
(84, 74)
(85, 74)
(86, 74)
(1, 75)
(2, 75)
(3, 75)
(4, 75)
(47, 75)
(48, 75)
(49, 75)
(55, 75)
(56, 75)
(57, 75)
(58, 75)
(59, 75)
(69, 75)
(70, 75)
(71, 75)
(72, 75)
(73, 75)
(1, 76)
(2, 76)
(3, 76)
(4, 76)
(47, 76)
(48, 76)
(49, 76)
(69, 76)
(70, 76)
(71, 76)
(72, 76)
(73, 76)
(83, 76)
(84, 76)
(85, 76)
(86, 76)
(95, 76)
(96, 76)
(97, 76)
(98, 76)
(99, 76)
(1, 77)
(2, 77)
(3, 77)
(4, 77)
(36, 77)
(37, 77)
(38, 77)
(39, 77)
(40, 77)
(47, 77)
(48, 77)
(49, 77)
(83, 77)
(84, 77)
(85, 77)
(86, 77)
(95, 77)
(96, 77)
(97, 77)
(98, 77)
(99, 77)
(1, 78)
(2, 78)
(3, 78)
(4, 78)
(36, 78)
(37, 78)
(38, 78)
(39, 78)
(40, 78)
(83, 78)
(84, 78)
(85, 78)
(86, 78)
(95, 78)
(96, 78)
(97, 78)
(98, 78)
(99, 78)
(1, 79)
(2, 79)
(3, 79)
(4, 79)
(36, 79)
(37, 79)
(38, 79)
(39, 79)
(40, 79)
(25, 80)
(26, 80)
(27, 80)
(28, 80)
(29, 80)
(30, 80)
(31, 80)
(36, 80)
(37, 80)
(38, 80)
(39, 80)
(40, 80)
(25, 81)
(26, 81)
(27, 81)
(28, 81)
(29, 81)
(30, 81)
(31, 81)
(36, 81)
(37, 81)
(38, 81)
(39, 81)
(40, 81)
(18, 82)
(19, 82)
(20, 82)
(25, 82)
(26, 82)
(27, 82)
(28, 82)
(29, 82)
(30, 82)
(31, 82)
(34, 82)
(35, 82)
(36, 82)
(37, 82)
(38, 82)
(18, 83)
(19, 83)
(20, 83)
(25, 83)
(26, 83)
(27, 83)
(28, 83)
(34, 83)
(35, 83)
(36, 83)
(37, 83)
(38, 83)
(18, 84)
(19, 84)
(20, 84)
(25, 84)
(26, 84)
(27, 84)
(28, 84)
(34, 84)
(35, 84)
(36, 84)
(37, 84)
(38, 84)
(49, 84)
(50, 84)
(51, 84)
(52, 84)
(18, 85)
(19, 85)
(20, 85)
(34, 85)
(35, 85)
(36, 85)
(37, 85)
(38, 85)
(44, 85)
(45, 85)
(46, 85)
(47, 85)
(48, 85)
(49, 85)
(50, 85)
(51, 85)
(52, 85)
(34, 86)
(35, 86)
(36, 86)
(37, 86)
(38, 86)
(44, 86)
(45, 86)
(46, 86)
(47, 86)
(48, 86)
(49, 86)
(50, 86)
(51, 86)
(52, 86)
(44, 87)
(45, 87)
(46, 87)
(47, 87)
(48, 87)
(44, 88)
(45, 88)
(46, 88)
(47, 88)
(48, 88)
(44, 89)
(45, 89)
(46, 89)
(47, 89)
(48, 89)
(49, 89)
(50, 89)
(51, 89)
(52, 89)
(53, 89)
(54, 89)
(55, 89)
(56, 89)
(62, 89)
(63, 89)
(64, 89)
(65, 89)
(40, 90)
(41, 90)
(42, 90)
(43, 90)
(49, 90)
(50, 90)
(51, 90)
(52, 90)
(53, 90)
(54, 90)
(55, 90)
(56, 90)
(62, 90)
(63, 90)
(64, 90)
(65, 90)
(69, 90)
(70, 90)
(71, 90)
(72, 90)
(73, 90)
(40, 91)
(41, 91)
(42, 91)
(43, 91)
(49, 91)
(50, 91)
(51, 91)
(52, 91)
(53, 91)
(54, 91)
(55, 91)
(56, 91)
(62, 91)
(63, 91)
(64, 91)
(65, 91)
(69, 91)
(70, 91)
(71, 91)
(72, 91)
(73, 91)
(1, 92)
(2, 92)
(3, 92)
(4, 92)
(40, 92)
(41, 92)
(42, 92)
(43, 92)
(62, 92)
(63, 92)
(64, 92)
(65, 92)
(69, 92)
(70, 92)
(71, 92)
(72, 92)
(73, 92)
(1, 93)
(2, 93)
(3, 93)
(4, 93)
(40, 93)
(41, 93)
(42, 93)
(43, 93)
(62, 93)
(63, 93)
(64, 93)
(65, 93)
(1, 94)
(2, 94)
(3, 94)
(4, 94)
(12, 94)
(13, 94)
(14, 94)
(33, 94)
(34, 94)
(35, 94)
(36, 94)
(37, 94)
(1, 95)
(2, 95)
(3, 95)
(4, 95)
(12, 95)
(13, 95)
(14, 95)
(33, 95)
(34, 95)
(35, 95)
(36, 95)
(37, 95)
(71, 95)
(72, 95)
(73, 95)
(1, 96)
(2, 96)
(3, 96)
(4, 96)
(12, 96)
(13, 96)
(14, 96)
(33, 96)
(34, 96)
(35, 96)
(36, 96)
(37, 96)
(71, 96)
(72, 96)
(73, 96)
(12, 97)
(13, 97)
(14, 97)
(71, 97)
(72, 97)
(73, 97)
(12, 98)
(13, 98)
(14, 98)
(71, 98)
(72, 98)
(73, 98)
(71, 99)
(72, 99)
(73, 99)
-
(0, 4, 1.0, -1, 0.5)
(1, 2, 1.0, -1, 0.5)
(2, 3, 1.0, -1, 0.5)
(3, 2, 1.0, -1, 0.5)
(4, 4, 1.0, -1, 0.5)
(5, 5, 1.0, -1, 0.5)
(6, 1, 1.0, -1, 0.5)
(7, 3, 1.0, -1, 0.5)
(8, 1, 1.0, -1, 0.5)
(9, 5, 1.0, -1, 0.5)
-
(0, (86,83), (96,31))
(1, (21,18), (92,2))
(2, (16,93), (42,12))
(3, (66,41), (93,79))
(4, (60,79), (91,9))
(5, (26,4), (50,30))
(6, (2,40), (63,78))
(7, (60,13), (6,46))
(8, (26,71), (52,54))
(9, (46,95), (58,3))
