100
(0, 6)
(1, 6)
(2, 6)
(3, 6)
(4, 6)
(0, 7)
(1, 7)
(2, 7)
(3, 7)
(4, 7)
(0, 8)
(1, 8)
(2, 8)
(3, 8)
(4, 8)
(0, 9)
(1, 9)
(2, 9)
(3, 9)
(4, 9)
(19, 9)
(20, 9)
(21, 9)
(19, 10)
(20, 10)
(21, 10)
(60, 10)
(61, 10)
(62, 10)
(63, 10)
(19, 11)
(20, 11)
(21, 11)
(60, 11)
(61, 11)
(62, 11)
(63, 11)
(19, 12)
(20, 12)
(21, 12)
(60, 12)
(61, 12)
(62, 12)
(63, 12)
(39, 13)
(40, 13)
(41, 13)
(42, 13)
(43, 13)
(60, 13)
(61, 13)
(62, 13)
(63, 13)
(39, 14)
(40, 14)
(41, 14)
(42, 14)
(43, 14)
(63, 14)
(64, 14)
(65, 14)
(39, 15)
(40, 15)
(41, 15)
(42, 15)
(43, 15)
(63, 15)
(64, 15)
(65, 15)
(39, 16)
(40, 16)
(41, 16)
(42, 16)
(43, 16)
(63, 16)
(64, 16)
(65, 16)
(39, 17)
(40, 17)
(41, 17)
(42, 17)
(43, 17)
(80, 25)
(81, 25)
(82, 25)
(83, 25)
(16, 26)
(17, 26)
(18, 26)
(19, 26)
(80, 26)
(81, 26)
(82, 26)
(83, 26)
(16, 27)
(17, 27)
(18, 27)
(19, 27)
(26, 27)
(27, 27)
(28, 27)
(29, 27)
(80, 27)
(81, 27)
(82, 27)
(83, 27)
(16, 28)
(17, 28)
(18, 28)
(19, 28)
(26, 28)
(27, 28)
(28, 28)
(29, 28)
(16, 29)
(17, 29)
(18, 29)
(19, 29)
(26, 29)
(27, 29)
(28, 29)
(29, 29)
(16, 30)
(17, 30)
(18, 30)
(19, 30)
(79, 33)
(80, 33)
(81, 33)
(79, 34)
(80, 34)
(81, 34)
(79, 35)
(80, 35)
(81, 35)
(57, 36)
(58, 36)
(59, 36)
(60, 36)
(79, 36)
(80, 36)
(81, 36)
(57, 37)
(58, 37)
(59, 37)
(60, 37)
(79, 37)
(80, 37)
(81, 37)
(54, 38)
(55, 38)
(56, 38)
(57, 38)
(58, 38)
(59, 38)
(60, 38)
(54, 39)
(55, 39)
(56, 39)
(57, 39)
(58, 39)
(59, 39)
(60, 39)
(78, 39)
(79, 39)
(80, 39)
(54, 40)
(55, 40)
(56, 40)
(78, 40)
(79, 40)
(80, 40)
(78, 41)
(79, 41)
(80, 41)
(78, 42)
(79, 42)
(80, 42)
(15, 45)
(16, 45)
(17, 45)
(71, 45)
(72, 45)
(73, 45)
(15, 46)
(16, 46)
(17, 46)
(21, 46)
(22, 46)
(23, 46)
(24, 46)
(25, 46)
(71, 46)
(72, 46)
(73, 46)
(10, 47)
(11, 47)
(12, 47)
(13, 47)
(14, 47)
(15, 47)
(16, 47)
(17, 47)
(21, 47)
(22, 47)
(23, 47)
(24, 47)
(25, 47)
(71, 47)
(72, 47)
(73, 47)
(10, 48)
(11, 48)
(12, 48)
(13, 48)
(14, 48)
(21, 48)
(22, 48)
(23, 48)
(24, 48)
(25, 48)
(71, 48)
(72, 48)
(73, 48)
(10, 49)
(11, 49)
(12, 49)
(13, 49)
(14, 49)
(71, 49)
(72, 49)
(73, 49)
(10, 50)
(11, 50)
(12, 50)
(13, 50)
(14, 50)
(54, 50)
(55, 50)
(56, 50)
(10, 51)
(11, 51)
(12, 51)
(13, 51)
(14, 51)
(54, 51)
(55, 51)
(56, 51)
(60, 51)
(61, 51)
(62, 51)
(63, 51)
(64, 51)
(54, 52)
(55, 52)
(56, 52)
(60, 52)
(61, 52)
(62, 52)
(63, 52)
(64, 52)
(16, 53)
(17, 53)
(18, 53)
(19, 53)
(20, 53)
(60, 53)
(61, 53)
(62, 53)
(63, 53)
(64, 53)
(16, 54)
(17, 54)
(18, 54)
(19, 54)
(20, 54)
(60, 54)
(61, 54)
(62, 54)
(63, 54)
(64, 54)
(16, 55)
(17, 55)
(18, 55)
(19, 55)
(20, 55)
(60, 55)
(61, 55)
(62, 55)
(63, 55)
(64, 55)
(18, 71)
(19, 71)
(20, 71)
(21, 71)
(22, 71)
(18, 72)
(19, 72)
(20, 72)
(21, 72)
(22, 72)
(18, 73)
(19, 73)
(20, 73)
(21, 73)
(22, 73)
(19, 78)
(20, 78)
(21, 78)
(22, 78)
(19, 79)
(20, 79)
(21, 79)
(22, 79)
(19, 80)
(20, 80)
(21, 80)
(22, 80)
(19, 81)
(20, 81)
(21, 81)
(22, 81)
(30, 81)
(31, 81)
(32, 81)
(33, 81)
(19, 82)
(20, 82)
(21, 82)
(22, 82)
(30, 82)
(31, 82)
(32, 82)
(33, 82)
(30, 83)
(31, 83)
(32, 83)
(33, 83)
(30, 84)
(31, 84)
(32, 84)
(33, 84)
(30, 85)
(31, 85)
(32, 85)
(33, 85)
(74, 93)
(75, 93)
(76, 93)
(77, 93)
(63, 94)
(64, 94)
(65, 94)
(66, 94)
(74, 94)
(75, 94)
(76, 94)
(77, 94)
(37, 95)
(38, 95)
(39, 95)
(40, 95)
(41, 95)
(63, 95)
(64, 95)
(65, 95)
(66, 95)
(74, 95)
(75, 95)
(76, 95)
(77, 95)
(37, 96)
(38, 96)
(39, 96)
(40, 96)
(41, 96)
(63, 96)
(64, 96)
(65, 96)
(66, 96)
(74, 96)
(75, 96)
(76, 96)
(77, 96)
(37, 97)
(38, 97)
(39, 97)
(40, 97)
(41, 97)
(63, 97)
(64, 97)
(65, 97)
(66, 97)
(63, 98)
(64, 98)
(65, 98)
(66, 98)
-
(0, 2, 1.0, -1, 0.5)
(1, 5, 1.0, -1, 0.5)
(2, 4, 1.0, -1, 0.5)
(3, 4, 1.0, -1, 0.5)
(4, 1, 1.0, -1, 0.5)
(5, 3, 1.0, -1, 0.5)
(6, 3, 1.0, -1, 0.5)
(7, 5, 1.0, -1, 0.5)
(8, 1, 1.0, -1, 0.5)
(9, 2, 1.0, -1, 0.5)
-
(0, (0,34), (17,81))
(1, (53,75), (3,0))
(2, (53,65), (88,63))
(3, (30,43), (63,0))
(4, (42,31), (35,75))
(5, (80,46), (47,67))
(6, (7,35), (87,34))
(7, (93,55), (21,15))
(8, (94,29), (16,0))
(9, (75,5), (1,70))
