100
(67, 1)
(68, 1)
(69, 1)
(70, 1)
(71, 1)
(44, 2)
(45, 2)
(46, 2)
(47, 2)
(67, 2)
(68, 2)
(69, 2)
(70, 2)
(71, 2)
(44, 3)
(45, 3)
(46, 3)
(47, 3)
(67, 3)
(68, 3)
(69, 3)
(70, 3)
(71, 3)
(44, 4)
(45, 4)
(46, 4)
(47, 4)
(67, 4)
(68, 4)
(69, 4)
(70, 4)
(71, 4)
(44, 5)
(45, 5)
(46, 5)
(47, 5)
(44, 6)
(45, 6)
(46, 6)
(47, 6)
(89, 7)
(90, 7)
(91, 7)
(92, 7)
(93, 7)
(73, 8)
(74, 8)
(75, 8)
(89, 8)
(90, 8)
(91, 8)
(92, 8)
(93, 8)
(73, 9)
(74, 9)
(75, 9)
(89, 9)
(90, 9)
(91, 9)
(92, 9)
(93, 9)
(73, 10)
(74, 10)
(75, 10)
(89, 10)
(90, 10)
(91, 10)
(92, 10)
(93, 10)
(8, 11)
(9, 11)
(10, 11)
(11, 11)
(12, 11)
(13, 11)
(14, 11)
(15, 11)
(73, 11)
(74, 11)
(75, 11)
(8, 12)
(9, 12)
(10, 12)
(11, 12)
(12, 12)
(13, 12)
(14, 12)
(15, 12)
(8, 13)
(9, 13)
(10, 13)
(11, 13)
(12, 13)
(13, 13)
(14, 13)
(15, 13)
(74, 13)
(75, 13)
(76, 13)
(77, 13)
(11, 14)
(12, 14)
(13, 14)
(14, 14)
(15, 14)
(74, 14)
(75, 14)
(76, 14)
(77, 14)
(11, 15)
(12, 15)
(13, 15)
(14, 15)
(15, 15)
(74, 15)
(75, 15)
(76, 15)
(77, 15)
(74, 16)
(75, 16)
(76, 16)
(77, 16)
(24, 21)
(25, 21)
(26, 21)
(27, 21)
(28, 21)
(36, 21)
(37, 21)
(38, 21)
(39, 21)
(40, 21)
(24, 22)
(25, 22)
(26, 22)
(27, 22)
(28, 22)
(36, 22)
(37, 22)
(38, 22)
(39, 22)
(40, 22)
(24, 23)
(25, 23)
(26, 23)
(27, 23)
(28, 23)
(36, 23)
(37, 23)
(38, 23)
(39, 23)
(40, 23)
(52, 23)
(53, 23)
(54, 23)
(36, 24)
(37, 24)
(38, 24)
(39, 24)
(40, 24)
(52, 24)
(53, 24)
(54, 24)
(96, 24)
(97, 24)
(98, 24)
(36, 25)
(37, 25)
(38, 25)
(39, 25)
(40, 25)
(52, 25)
(53, 25)
(54, 25)
(96, 25)
(97, 25)
(98, 25)
(52, 26)
(53, 26)
(54, 26)
(96, 26)
(97, 26)
(98, 26)
(96, 27)
(97, 27)
(98, 27)
(96, 28)
(97, 28)
(98, 28)
(25, 29)
(26, 29)
(27, 29)
(28, 29)
(25, 30)
(26, 30)
(27, 30)
(28, 30)
(94, 30)
(95, 30)
(96, 30)
(97, 30)
(25, 31)
(26, 31)
(27, 31)
(28, 31)
(37, 31)
(38, 31)
(39, 31)
(94, 31)
(95, 31)
(96, 31)
(97, 31)
(25, 32)
(26, 32)
(27, 32)
(28, 32)
(37, 32)
(38, 32)
(39, 32)
(94, 32)
(95, 32)
(96, 32)
(97, 32)
(18, 33)
(19, 33)
(20, 33)
(21, 33)
(25, 33)
(26, 33)
(27, 33)
(28, 33)
(37, 33)
(38, 33)
(39, 33)
(94, 33)
(95, 33)
(96, 33)
(97, 33)
(18, 34)
(19, 34)
(20, 34)
(21, 34)
(37, 34)
(38, 34)
(39, 34)
(94, 34)
(95, 34)
(96, 34)
(97, 34)
(18, 35)
(19, 35)
(20, 35)
(21, 35)
(59, 35)
(60, 35)
(61, 35)
(62, 35)
(4, 36)
(5, 36)
(6, 36)
(7, 36)
(18, 36)
(19, 36)
(20, 36)
(21, 36)
(59, 36)
(60, 36)
(61, 36)
(62, 36)
(4, 37)
(5, 37)
(6, 37)
(7, 37)
(59, 37)
(60, 37)
(61, 37)
(62, 37)
(4, 38)
(5, 38)
(6, 38)
(7, 38)
(4, 39)
(5, 39)
(6, 39)
(7, 39)
(12, 41)
(13, 41)
(14, 41)
(15, 41)
(12, 42)
(13, 42)
(14, 42)
(15, 42)
(12, 43)
(13, 43)
(14, 43)
(15, 43)
(12, 44)
(13, 44)
(14, 44)
(15, 44)
(12, 45)
(13, 45)
(14, 45)
(15, 45)
(17, 46)
(18, 46)
(19, 46)
(17, 47)
(18, 47)
(19, 47)
(40, 47)
(41, 47)
(42, 47)
(43, 47)
(44, 47)
(17, 48)
(18, 48)
(19, 48)
(40, 48)
(41, 48)
(42, 48)
(43, 48)
(44, 48)
(17, 49)
(18, 49)
(19, 49)
(40, 49)
(41, 49)
(42, 49)
(43, 49)
(44, 49)
(17, 50)
(18, 50)
(19, 50)
(40, 50)
(41, 50)
(42, 50)
(43, 50)
(44, 50)
(40, 51)
(41, 51)
(42, 51)
(43, 51)
(44, 51)
(58, 51)
(59, 51)
(60, 51)
(61, 51)
(62, 51)
(52, 52)
(53, 52)
(54, 52)
(58, 52)
(59, 52)
(60, 52)
(61, 52)
(62, 52)
(52, 53)
(53, 53)
(54, 53)
(58, 53)
(59, 53)
(60, 53)
(61, 53)
(62, 53)
(52, 54)
(53, 54)
(54, 54)
(58, 54)
(59, 54)
(60, 54)
(61, 54)
(62, 54)
(58, 55)
(59, 55)
(60, 55)
(61, 55)
(62, 55)
(66, 55)
(67, 55)
(68, 55)
(69, 55)
(3, 56)
(4, 56)
(5, 56)
(6, 56)
(7, 56)
(66, 56)
(67, 56)
(68, 56)
(69, 56)
(3, 57)
(4, 57)
(5, 57)
(6, 57)
(7, 57)
(66, 57)
(67, 57)
(68, 57)
(69, 57)
(3, 58)
(4, 58)
(5, 58)
(6, 58)
(7, 58)
(3, 59)
(4, 59)
(5, 59)
(6, 59)
(7, 59)
(11, 59)
(12, 59)
(13, 59)
(3, 60)
(4, 60)
(5, 60)
(6, 60)
(7, 60)
(11, 60)
(12, 60)
(13, 60)
(37, 60)
(38, 60)
(39, 60)
(11, 61)
(12, 61)
(13, 61)
(37, 61)
(38, 61)
(39, 61)
(11, 62)
(12, 62)
(13, 62)
(37, 62)
(38, 62)
(39, 62)
(19, 63)
(20, 63)
(21, 63)
(22, 63)
(23, 63)
(37, 63)
(38, 63)
(39, 63)
(12, 64)
(13, 64)
(14, 64)
(19, 64)
(20, 64)
(21, 64)
(22, 64)
(23, 64)
(37, 64)
(38, 64)
(39, 64)
(12, 65)
(13, 65)
(14, 65)
(19, 65)
(20, 65)
(21, 65)
(22, 65)
(23, 65)
(12, 66)
(13, 66)
(14, 66)
(12, 67)
(13, 67)
(14, 67)
(12, 68)
(13, 68)
(14, 68)
(6, 71)
(7, 71)
(8, 71)
(6, 72)
(7, 72)
(8, 72)
(6, 73)
(7, 73)
(8, 73)
(38, 73)
(39, 73)
(40, 73)
(41, 73)
(42, 73)
(6, 74)
(7, 74)
(8, 74)
(21, 74)
(22, 74)
(23, 74)
(38, 74)
(39, 74)
(40, 74)
(41, 74)
(42, 74)
(21, 75)
(22, 75)
(23, 75)
(38, 75)
(39, 75)
(40, 75)
(41, 75)
(42, 75)
(21, 76)
(22, 76)
(23, 76)
(38, 76)
(39, 76)
(40, 76)
(41, 76)
(42, 76)
(21, 77)
(22, 77)
(23, 77)
(24, 77)
(25, 77)
(38, 77)
(39, 77)
(40, 77)
(41, 77)
(42, 77)
(21, 78)
(22, 78)
(23, 78)
(24, 78)
(25, 78)
(72, 78)
(73, 78)
(74, 78)
(75, 78)
(21, 79)
(22, 79)
(23, 79)
(24, 79)
(25, 79)
(72, 79)
(73, 79)
(74, 79)
(75, 79)
(78, 79)
(79, 79)
(80, 79)
(81, 79)
(82, 79)
(72, 80)
(73, 80)
(74, 80)
(75, 80)
(78, 80)
(79, 80)
(80, 80)
(81, 80)
(82, 80)
(78, 81)
(79, 81)
(80, 81)
(81, 81)
(82, 81)
(78, 82)
(79, 82)
(80, 82)
(81, 82)
(82, 82)
(78, 83)
(79, 83)
(80, 83)
(81, 83)
(82, 83)
(83, 84)
(84, 84)
(85, 84)
(86, 84)
(87, 84)
(83, 85)
(84, 85)
(85, 85)
(86, 85)
(87, 85)
(83, 86)
(84, 86)
(85, 86)
(86, 86)
(87, 86)
-
(0, 5, 1.0, -1, 0.5)
(1, 1, 1.0, -1, 0.5)
(2, 2, 1.0, -1, 0.5)
(3, 3, 1.0, -1, 0.5)
(4, 4, 1.0, -1, 0.5)
(5, 5, 1.0, -1, 0.5)
(6, 3, 1.0, -1, 0.5)
(7, 1, 1.0, -1, 0.5)
(8, 4, 1.0, -1, 0.5)
(9, 2, 1.0, -1, 0.5)
-
(0, (91,36), (61,58))
(1, (65,94), (11,47))
(2, (77,34), (43,30))
(3, (77,53), (12,16))
(4, (68,29), (60,76))
(5, (82,28), (60,66))
(6, (89,23), (34,78))
(7, (26,70), (56,72))
(8, (84,74), (32,7))
(9, (56,44), (80,11))
