100
(2, 0)
(3, 0)
(4, 0)
(66, 0)
(67, 0)
(68, 0)
(2, 1)
(3, 1)
(4, 1)
(23, 1)
(24, 1)
(25, 1)
(26, 1)
(66, 1)
(67, 1)
(68, 1)
(2, 2)
(3, 2)
(4, 2)
(23, 2)
(24, 2)
(25, 2)
(26, 2)
(66, 2)
(67, 2)
(68, 2)
(23, 3)
(24, 3)
(25, 3)
(26, 3)
(66, 3)
(67, 3)
(68, 3)
(42, 5)
(43, 5)
(44, 5)
(45, 5)
(46, 5)
(42, 6)
(43, 6)
(44, 6)
(45, 6)
(46, 6)
(42, 7)
(43, 7)
(44, 7)
(45, 7)
(46, 7)
(82, 8)
(83, 8)
(84, 8)
(82, 9)
(83, 9)
(84, 9)
(94, 9)
(95, 9)
(96, 9)
(97, 9)
(82, 10)
(83, 10)
(84, 10)
(94, 10)
(95, 10)
(96, 10)
(97, 10)
(82, 11)
(83, 11)
(84, 11)
(94, 11)
(95, 11)
(96, 11)
(97, 11)
(82, 12)
(83, 12)
(84, 12)
(94, 12)
(95, 12)
(96, 12)
(97, 12)
(3, 13)
(4, 13)
(5, 13)
(6, 13)
(3, 14)
(4, 14)
(5, 14)
(6, 14)
(3, 15)
(4, 15)
(5, 15)
(6, 15)
(26, 15)
(27, 15)
(28, 15)
(3, 16)
(4, 16)
(5, 16)
(6, 16)
(26, 16)
(27, 16)
(28, 16)
(26, 17)
(27, 17)
(28, 17)
(26, 18)
(27, 18)
(28, 18)
(37, 18)
(38, 18)
(39, 18)
(26, 19)
(27, 19)
(28, 19)
(37, 19)
(38, 19)
(39, 19)
(37, 20)
(38, 20)
(39, 20)
(37, 21)
(38, 21)
(39, 21)
(37, 22)
(38, 22)
(39, 22)
(66, 22)
(67, 22)
(68, 22)
(69, 22)
(66, 23)
(67, 23)
(68, 23)
(69, 23)
(18, 24)
(19, 24)
(20, 24)
(21, 24)
(22, 24)
(66, 24)
(67, 24)
(68, 24)
(69, 24)
(18, 25)
(19, 25)
(20, 25)
(21, 25)
(22, 25)
(18, 26)
(19, 26)
(20, 26)
(21, 26)
(22, 26)
(18, 27)
(19, 27)
(20, 27)
(21, 27)
(22, 27)
(18, 28)
(19, 28)
(20, 28)
(21, 28)
(22, 28)
(17, 30)
(18, 30)
(19, 30)
(20, 30)
(21, 30)
(10, 31)
(11, 31)
(12, 31)
(17, 31)
(18, 31)
(19, 31)
(20, 31)
(21, 31)
(10, 32)
(11, 32)
(12, 32)
(17, 32)
(18, 32)
(19, 32)
(20, 32)
(21, 32)
(10, 33)
(11, 33)
(12, 33)
(17, 33)
(18, 33)
(19, 33)
(20, 33)
(21, 33)
(10, 34)
(11, 34)
(12, 34)
(17, 34)
(18, 34)
(19, 34)
(20, 34)
(21, 34)
(10, 35)
(11, 35)
(12, 35)
(42, 35)
(43, 35)
(44, 35)
(42, 36)
(43, 36)
(44, 36)
(42, 37)
(43, 37)
(44, 37)
(42, 38)
(43, 38)
(44, 38)
(87, 43)
(88, 43)
(89, 43)
(90, 43)
(91, 43)
(87, 44)
(88, 44)
(89, 44)
(90, 44)
(91, 44)
(48, 45)
(49, 45)
(50, 45)
(51, 45)
(52, 45)
(87, 45)
(88, 45)
(89, 45)
(90, 45)
(91, 45)
(27, 46)
(28, 46)
(29, 46)
(30, 46)
(31, 46)
(48, 46)
(49, 46)
(50, 46)
(51, 46)
(52, 46)
(87, 46)
(88, 46)
(89, 46)
(90, 46)
(91, 46)
(27, 47)
(28, 47)
(29, 47)
(30, 47)
(31, 47)
(48, 47)
(49, 47)
(50, 47)
(51, 47)
(52, 47)
(87, 47)
(88, 47)
(89, 47)
(90, 47)
(91, 47)
(27, 48)
(28, 48)
(29, 48)
(30, 48)
(31, 48)
(48, 49)
(49, 49)
(50, 49)
(51, 49)
(48, 50)
(49, 50)
(50, 50)
(51, 50)
(65, 50)
(66, 50)
(67, 50)
(68, 50)
(78, 50)
(79, 50)
(80, 50)
(81, 50)
(21, 51)
(22, 51)
(23, 51)
(24, 51)
(48, 51)
(49, 51)
(50, 51)
(51, 51)
(65, 51)
(66, 51)
(67, 51)
(68, 51)
(78, 51)
(79, 51)
(80, 51)
(81, 51)
(21, 52)
(22, 52)
(23, 52)
(24, 52)
(48, 52)
(49, 52)
(50, 52)
(51, 52)
(65, 52)
(66, 52)
(67, 52)
(68, 52)
(74, 52)
(75, 52)
(76, 52)
(78, 52)
(79, 52)
(80, 52)
(81, 52)
(21, 53)
(22, 53)
(23, 53)
(24, 53)
(48, 53)
(49, 53)
(50, 53)
(51, 53)
(65, 53)
(66, 53)
(67, 53)
(68, 53)
(74, 53)
(75, 53)
(76, 53)
(78, 53)
(79, 53)
(80, 53)
(81, 53)
(21, 54)
(22, 54)
(23, 54)
(24, 54)
(65, 54)
(66, 54)
(67, 54)
(68, 54)
(74, 54)
(75, 54)
(76, 54)
(25, 55)
(26, 55)
(27, 55)
(28, 55)
(29, 55)
(74, 55)
(75, 55)
(76, 55)
(25, 56)
(26, 56)
(27, 56)
(28, 56)
(29, 56)
(74, 56)
(75, 56)
(76, 56)
(25, 57)
(26, 57)
(27, 57)
(28, 57)
(29, 57)
(25, 58)
(26, 58)
(27, 58)
(28, 58)
(29, 58)
(47, 58)
(48, 58)
(49, 58)
(63, 58)
(64, 58)
(65, 58)
(47, 59)
(48, 59)
(49, 59)
(63, 59)
(64, 59)
(65, 59)
(47, 60)
(48, 60)
(49, 60)
(63, 60)
(64, 60)
(65, 60)
(63, 61)
(64, 61)
(65, 61)
(17, 64)
(18, 64)
(19, 64)
(20, 64)
(21, 64)
(75, 64)
(76, 64)
(77, 64)
(17, 65)
(18, 65)
(19, 65)
(20, 65)
(21, 65)
(75, 65)
(76, 65)
(77, 65)
(3, 66)
(4, 66)
(5, 66)
(6, 66)
(17, 66)
(18, 66)
(19, 66)
(20, 66)
(21, 66)
(75, 66)
(76, 66)
(77, 66)
(3, 67)
(4, 67)
(5, 67)
(6, 67)
(17, 67)
(18, 67)
(19, 67)
(20, 67)
(21, 67)
(75, 67)
(76, 67)
(77, 67)
(3, 68)
(4, 68)
(5, 68)
(6, 68)
(75, 68)
(76, 68)
(77, 68)
(31, 69)
(32, 69)
(33, 69)
(34, 69)
(31, 70)
(32, 70)
(33, 70)
(34, 70)
(71, 70)
(72, 70)
(73, 70)
(74, 70)
(31, 71)
(32, 71)
(33, 71)
(34, 71)
(71, 71)
(72, 71)
(73, 71)
(74, 71)
(31, 72)
(32, 72)
(33, 72)
(34, 72)
(71, 72)
(72, 72)
(73, 72)
(74, 72)
(15, 73)
(16, 73)
(17, 73)
(18, 73)
(31, 73)
(32, 73)
(33, 73)
(34, 73)
(15, 74)
(16, 74)
(17, 74)
(18, 74)
(15, 75)
(16, 75)
(17, 75)
(18, 75)
(15, 76)
(16, 76)
(17, 76)
(18, 76)
(65, 79)
(66, 79)
(67, 79)
(44, 80)
(45, 80)
(46, 80)
(65, 80)
(66, 80)
(67, 80)
(44, 81)
(45, 81)
(46, 81)
(65, 81)
(66, 81)
(67, 81)
(44, 82)
(45, 82)
(46, 82)
(44, 83)
(45, 83)
(46, 83)
(44, 84)
(45, 84)
(46, 84)
(3, 85)
(4, 85)
(5, 85)
(3, 86)
(4, 86)
(5, 86)
(12, 86)
(13, 86)
(14, 86)
(15, 86)
(3, 87)
(4, 87)
(5, 87)
(12, 87)
(13, 87)
(14, 87)
(15, 87)
(3, 88)
(4, 88)
(5, 88)
(12, 88)
(13, 88)
(14, 88)
(15, 88)
(3, 89)
(4, 89)
(5, 89)
(12, 89)
(13, 89)
(14, 89)
(15, 89)
(12, 90)
(13, 90)
(14, 90)
(15, 90)
(12, 91)
(13, 91)
(14, 91)
(15, 91)
(16, 91)
(12, 92)
(13, 92)
(14, 92)
(15, 92)
(16, 92)
(67, 92)
(68, 92)
(69, 92)
(96, 92)
(97, 92)
(98, 92)
(99, 92)
(12, 93)
(13, 93)
(14, 93)
(15, 93)
(16, 93)
(67, 93)
(68, 93)
(69, 93)
(87, 93)
(88, 93)
(89, 93)
(96, 93)
(97, 93)
(98, 93)
(99, 93)
(12, 94)
(13, 94)
(14, 94)
(15, 94)
(16, 94)
(67, 94)
(68, 94)
(69, 94)
(87, 94)
(88, 94)
(89, 94)
(96, 94)
(97, 94)
(98, 94)
(99, 94)
(12, 95)
(13, 95)
(14, 95)
(15, 95)
(16, 95)
(54, 95)
(55, 95)
(56, 95)
(57, 95)
(58, 95)
(67, 95)
(68, 95)
(69, 95)
(87, 95)
(88, 95)
(89, 95)
(96, 95)
(97, 95)
(98, 95)
(99, 95)
(54, 96)
(55, 96)
(56, 96)
(57, 96)
(58, 96)
(67, 96)
(68, 96)
(69, 96)
(87, 96)
(88, 96)
(89, 96)
(96, 96)
(97, 96)
(98, 96)
(99, 96)
(54, 97)
(55, 97)
(56, 97)
(57, 97)
(58, 97)
(87, 97)
(88, 97)
(89, 97)
(54, 98)
(55, 98)
(56, 98)
(57, 98)
(58, 98)
(54, 99)
(55, 99)
(56, 99)
(57, 99)
(58, 99)
-
(0, 4, 1.0, -1, 0.5)
(1, 5, 1.0, -1, 0.5)
(2, 3, 1.0, -1, 0.5)
(3, 4, 1.0, -1, 0.5)
(4, 5, 1.0, -1, 0.5)
(5, 1, 1.0, -1, 0.5)
(6, 3, 1.0, -1, 0.5)
(7, 2, 1.0, -1, 0.5)
(8, 2, 1.0, -1, 0.5)
(9, 1, 1.0, -1, 0.5)
-
(0, (13,41), (53,7))
(1, (69,85), (79,28))
(2, (97,77), (27,11))
(3, (79,16), (5,59))
(4, (76,79), (70,15))
(5, (52,68), (19,0))
(6, (60,22), (81,92))
(7, (48,70), (10,18))
(8, (8,27), (52,33))
(9, (96,70), (28,52))
