100
(61, 1)
(62, 1)
(63, 1)
(64, 1)
(65, 1)
(61, 2)
(62, 2)
(63, 2)
(64, 2)
(65, 2)
(61, 3)
(62, 3)
(63, 3)
(64, 3)
(65, 3)
(52, 4)
(53, 4)
(54, 4)
(55, 4)
(84, 4)
(85, 4)
(86, 4)
(52, 5)
(53, 5)
(54, 5)
(55, 5)
(84, 5)
(85, 5)
(86, 5)
(52, 6)
(53, 6)
(54, 6)
(55, 6)
(84, 6)
(85, 6)
(86, 6)
(33, 7)
(34, 7)
(35, 7)
(36, 7)
(37, 7)
(52, 7)
(53, 7)
(54, 7)
(55, 7)
(84, 7)
(85, 7)
(86, 7)
(19, 8)
(20, 8)
(21, 8)
(22, 8)
(23, 8)
(33, 8)
(34, 8)
(35, 8)
(36, 8)
(37, 8)
(52, 8)
(53, 8)
(54, 8)
(55, 8)
(84, 8)
(85, 8)
(86, 8)
(19, 9)
(20, 9)
(21, 9)
(22, 9)
(23, 9)
(33, 9)
(34, 9)
(35, 9)
(36, 9)
(37, 9)
(38, 9)
(39, 9)
(40, 9)
(19, 10)
(20, 10)
(21, 10)
(22, 10)
(23, 10)
(38, 10)
(39, 10)
(40, 10)
(38, 11)
(39, 11)
(40, 11)
(27, 13)
(28, 13)
(29, 13)
(30, 13)
(54, 13)
(55, 13)
(56, 13)
(57, 13)
(58, 13)
(22, 14)
(23, 14)
(24, 14)
(27, 14)
(28, 14)
(29, 14)
(30, 14)
(54, 14)
(55, 14)
(56, 14)
(57, 14)
(58, 14)
(22, 15)
(23, 15)
(24, 15)
(27, 15)
(28, 15)
(29, 15)
(30, 15)
(54, 15)
(55, 15)
(56, 15)
(57, 15)
(58, 15)
(86, 15)
(87, 15)
(88, 15)
(89, 15)
(22, 16)
(23, 16)
(24, 16)
(86, 16)
(87, 16)
(88, 16)
(89, 16)
(54, 17)
(55, 17)
(56, 17)
(57, 17)
(58, 17)
(86, 17)
(87, 17)
(88, 17)
(89, 17)
(54, 18)
(55, 18)
(56, 18)
(57, 18)
(58, 18)
(86, 18)
(87, 18)
(88, 18)
(89, 18)
(28, 19)
(29, 19)
(30, 19)
(48, 19)
(49, 19)
(50, 19)
(54, 19)
(55, 19)
(56, 19)
(57, 19)
(58, 19)
(86, 19)
(87, 19)
(88, 19)
(89, 19)
(19, 20)
(20, 20)
(21, 20)
(22, 20)
(28, 20)
(29, 20)
(30, 20)
(48, 20)
(49, 20)
(50, 20)
(19, 21)
(20, 21)
(21, 21)
(22, 21)
(28, 21)
(29, 21)
(30, 21)
(48, 21)
(49, 21)
(50, 21)
(53, 21)
(54, 21)
(55, 21)
(56, 21)
(19, 22)
(20, 22)
(21, 22)
(22, 22)
(28, 22)
(29, 22)
(30, 22)
(53, 22)
(54, 22)
(55, 22)
(56, 22)
(28, 23)
(29, 23)
(30, 23)
(53, 23)
(54, 23)
(55, 23)
(56, 23)
(81, 26)
(82, 26)
(83, 26)
(84, 26)
(81, 27)
(82, 27)
(83, 27)
(84, 27)
(74, 28)
(75, 28)
(76, 28)
(81, 28)
(82, 28)
(83, 28)
(84, 28)
(74, 29)
(75, 29)
(76, 29)
(81, 29)
(82, 29)
(83, 29)
(84, 29)
(74, 30)
(75, 30)
(76, 30)
(81, 30)
(82, 30)
(83, 30)
(84, 30)
(8, 31)
(9, 31)
(10, 31)
(11, 31)
(8, 32)
(9, 32)
(10, 32)
(11, 32)
(44, 32)
(45, 32)
(46, 32)
(8, 33)
(9, 33)
(10, 33)
(11, 33)
(38, 33)
(39, 33)
(40, 33)
(41, 33)
(44, 33)
(45, 33)
(46, 33)
(58, 33)
(59, 33)
(60, 33)
(61, 33)
(62, 33)
(38, 34)
(39, 34)
(40, 34)
(41, 34)
(44, 34)
(45, 34)
(46, 34)
(58, 34)
(59, 34)
(60, 34)
(61, 34)
(62, 34)
(6, 35)
(7, 35)
(8, 35)
(9, 35)
(38, 35)
(39, 35)
(40, 35)
(41, 35)
(44, 35)
(45, 35)
(46, 35)
(58, 35)
(59, 35)
(60, 35)
(61, 35)
(62, 35)
(6, 36)
(7, 36)
(8, 36)
(9, 36)
(38, 36)
(39, 36)
(40, 36)
(41, 36)
(44, 36)
(45, 36)
(46, 36)
(58, 36)
(59, 36)
(60, 36)
(61, 36)
(62, 36)
(6, 37)
(7, 37)
(8, 37)
(9, 37)
(38, 37)
(39, 37)
(40, 37)
(41, 37)
(58, 37)
(59, 37)
(60, 37)
(61, 37)
(62, 37)
(67, 38)
(68, 38)
(69, 38)
(9, 39)
(10, 39)
(11, 39)
(67, 39)
(68, 39)
(69, 39)
(9, 40)
(10, 40)
(11, 40)
(34, 40)
(35, 40)
(36, 40)
(37, 40)
(38, 40)
(67, 40)
(68, 40)
(69, 40)
(9, 41)
(10, 41)
(11, 41)
(34, 41)
(35, 41)
(36, 41)
(37, 41)
(38, 41)
(63, 41)
(64, 41)
(65, 41)
(66, 41)
(67, 41)
(68, 41)
(69, 41)
(9, 42)
(10, 42)
(11, 42)
(34, 42)
(35, 42)
(36, 42)
(37, 42)
(38, 42)
(63, 42)
(64, 42)
(65, 42)
(66, 42)
(17, 43)
(18, 43)
(19, 43)
(34, 43)
(35, 43)
(36, 43)
(37, 43)
(38, 43)
(63, 43)
(64, 43)
(65, 43)
(66, 43)
(17, 44)
(18, 44)
(19, 44)
(17, 45)
(18, 45)
(19, 45)
(17, 46)
(18, 46)
(19, 46)
(90, 47)
(91, 47)
(92, 47)
(32, 48)
(33, 48)
(34, 48)
(35, 48)
(36, 48)
(90, 48)
(91, 48)
(92, 48)
(2, 49)
(3, 49)
(4, 49)
(5, 49)
(6, 49)
(32, 49)
(33, 49)
(34, 49)
(35, 49)
(36, 49)
(90, 49)
(91, 49)
(92, 49)
(2, 50)
(3, 50)
(4, 50)
(5, 50)
(6, 50)
(32, 50)
(33, 50)
(34, 50)
(35, 50)
(36, 50)
(90, 50)
(91, 50)
(92, 50)
(2, 51)
(3, 51)
(4, 51)
(5, 51)
(6, 51)
(32, 51)
(33, 51)
(34, 51)
(35, 51)
(36, 51)
(76, 51)
(77, 51)
(78, 51)
(79, 51)
(80, 51)
(90, 51)
(91, 51)
(92, 51)
(2, 52)
(3, 52)
(4, 52)
(5, 52)
(6, 52)
(76, 52)
(77, 52)
(78, 52)
(79, 52)
(80, 52)
(2, 53)
(3, 53)
(4, 53)
(5, 53)
(6, 53)
(76, 53)
(77, 53)
(78, 53)
(79, 53)
(80, 53)
(5, 54)
(6, 54)
(7, 54)
(8, 54)
(76, 54)
(77, 54)
(78, 54)
(79, 54)
(80, 54)
(94, 54)
(95, 54)
(96, 54)
(97, 54)
(5, 55)
(6, 55)
(7, 55)
(8, 55)
(94, 55)
(95, 55)
(96, 55)
(97, 55)
(5, 56)
(6, 56)
(7, 56)
(8, 56)
(94, 56)
(95, 56)
(96, 56)
(97, 56)
(5, 57)
(6, 57)
(7, 57)
(8, 57)
(13, 57)
(14, 57)
(15, 57)
(13, 58)
(14, 58)
(15, 58)
(65, 58)
(66, 58)
(67, 58)
(68, 58)
(13, 59)
(14, 59)
(15, 59)
(65, 59)
(66, 59)
(67, 59)
(68, 59)
(13, 60)
(14, 60)
(15, 60)
(65, 60)
(66, 60)
(67, 60)
(68, 60)
(71, 60)
(72, 60)
(73, 60)
(74, 60)
(75, 60)
(13, 61)
(14, 61)
(15, 61)
(65, 61)
(66, 61)
(67, 61)
(68, 61)
(71, 61)
(72, 61)
(73, 61)
(74, 61)
(75, 61)
(89, 61)
(90, 61)
(91, 61)
(92, 61)
(93, 61)
(65, 62)
(66, 62)
(67, 62)
(68, 62)
(71, 62)
(72, 62)
(73, 62)
(74, 62)
(75, 62)
(89, 62)
(90, 62)
(91, 62)
(92, 62)
(93, 62)
(49, 63)
(50, 63)
(51, 63)
(52, 63)
(53, 63)
(89, 63)
(90, 63)
(91, 63)
(92, 63)
(93, 63)
(49, 64)
(50, 64)
(51, 64)
(52, 64)
(53, 64)
(89, 64)
(90, 64)
(91, 64)
(92, 64)
(93, 64)
(49, 65)
(50, 65)
(51, 65)
(52, 65)
(53, 65)
(89, 65)
(90, 65)
(91, 65)
(92, 65)
(93, 65)
(49, 66)
(50, 66)
(51, 66)
(52, 66)
(53, 66)
(74, 67)
(75, 67)
(76, 67)
(74, 68)
(75, 68)
(76, 68)
(74, 69)
(75, 69)
(76, 69)
(41, 70)
(42, 70)
(43, 70)
(44, 70)
(74, 70)
(75, 70)
(76, 70)
(41, 71)
(42, 71)
(43, 71)
(44, 71)
(74, 71)
(75, 71)
(76, 71)
(41, 72)
(42, 72)
(43, 72)
(44, 72)
(41, 73)
(42, 73)
(43, 73)
(44, 73)
(82, 73)
(83, 73)
(84, 73)
(41, 74)
(42, 74)
(43, 74)
(44, 74)
(82, 74)
(83, 74)
(84, 74)
(82, 75)
(83, 75)
(84, 75)
(32, 76)
(33, 76)
(34, 76)
(82, 76)
(83, 76)
(84, 76)
(18, 77)
(19, 77)
(20, 77)
(21, 77)
(22, 77)
(32, 77)
(33, 77)
(34, 77)
(40, 77)
(41, 77)
(42, 77)
(43, 77)
(44, 77)
(82, 77)
(83, 77)
(84, 77)
(18, 78)
(19, 78)
(20, 78)
(21, 78)
(22, 78)
(32, 78)
(33, 78)
(34, 78)
(40, 78)
(41, 78)
(42, 78)
(43, 78)
(44, 78)
(72, 78)
(73, 78)
(74, 78)
(75, 78)
(9, 79)
(10, 79)
(11, 79)
(18, 79)
(19, 79)
(20, 79)
(21, 79)
(22, 79)
(32, 79)
(33, 79)
(34, 79)
(40, 79)
(41, 79)
(42, 79)
(43, 79)
(44, 79)
(72, 79)
(73, 79)
(74, 79)
(75, 79)
(9, 80)
(10, 80)
(11, 80)
(18, 80)
(19, 80)
(20, 80)
(21, 80)
(22, 80)
(40, 80)
(41, 80)
(42, 80)
(43, 80)
(44, 80)
(72, 80)
(73, 80)
(74, 80)
(75, 80)
(9, 81)
(10, 81)
(11, 81)
(18, 81)
(19, 81)
(20, 81)
(21, 81)
(22, 81)
(72, 81)
(73, 81)
(74, 81)
(75, 81)
(9, 82)
(10, 82)
(11, 82)
(72, 82)
(73, 82)
(74, 82)
(75, 82)
(9, 83)
(10, 83)
(11, 83)
(2, 89)
(3, 89)
(4, 89)
(2, 90)
(3, 90)
(4, 90)
(18, 90)
(19, 90)
(20, 90)
(2, 91)
(3, 91)
(4, 91)
(18, 91)
(19, 91)
(20, 91)
(97, 91)
(98, 91)
(99, 91)
(2, 92)
(3, 92)
(4, 92)
(18, 92)
(19, 92)
(20, 92)
(97, 92)
(98, 92)
(99, 92)
(2, 93)
(3, 93)
(4, 93)
(97, 93)
(98, 93)
(99, 93)
(97, 94)
(98, 94)
(99, 94)
(87, 96)
(88, 96)
(89, 96)
(90, 96)
(91, 96)
(87, 97)
(88, 97)
(89, 97)
(90, 97)
(91, 97)
(87, 98)
(88, 98)
(89, 98)
(90, 98)
(91, 98)
-
(0, 1, 1.0, -1, 0.5)
(1, 5, 1.0, -1, 0.5)
(2, 3, 1.0, -1, 0.5)
(3, 1, 1.0, -1, 0.5)
(4, 3, 1.0, -1, 0.5)
(5, 4, 1.0, -1, 0.5)
(6, 4, 1.0, -1, 0.5)
(7, 5, 1.0, -1, 0.5)
(8, 2, 1.0, -1, 0.5)
(9, 2, 1.0, -1, 0.5)
-
(0, (74,75), (48,34))
(1, (66,88), (93,18))
(2, (32,67), (7,20))
(3, (75,38), (93,1))
(4, (69,31), (13,33))
(5, (96,29), (50,36))
(6, (22,33), (87,55))
(7, (57,50), (44,92))
(8, (20,16), (89,84))
(9, (21,66), (93,88))
