100
(24, 26)
(25, 26)
(26, 26)
(27, 26)
(28, 26)
(24, 27)
(25, 27)
(26, 27)
(27, 27)
(28, 27)
(24, 28)
(25, 28)
(26, 28)
(27, 28)
(28, 28)
(11, 43)
(12, 43)
(13, 43)
(14, 43)
(15, 43)
(11, 44)
(12, 44)
(13, 44)
(14, 44)
(15, 44)
(11, 45)
(12, 45)
(13, 45)
(14, 45)
(15, 45)
(3, 50)
(4, 50)
(5, 50)
(3, 51)
(4, 51)
(5, 51)
(3, 52)
(4, 52)
(5, 52)
(3, 53)
(4, 53)
(5, 53)
(9, 94)
(10, 94)
(11, 94)
(50, 94)
(51, 94)
(52, 94)
(53, 94)
(9, 95)
(10, 95)
(11, 95)
(50, 95)
(51, 95)
(52, 95)
(53, 95)
(9, 96)
(10, 96)
(11, 96)
(50, 96)
(51, 96)
(52, 96)
(53, 96)
(9, 97)
(10, 97)
(11, 97)
(50, 97)
(51, 97)
(52, 97)
(53, 97)
(50, 98)
(51, 98)
(52, 98)
(53, 98)
-
(0, 5, 1.0, -1, 0.5)
(1, 1, 1.0, -1, 0.5)
(2, 1, 1.0, -1, 0.5)
(3, 2, 1.0, -1, 0.5)
(4, 4, 1.0, -1, 0.5)
(5, 5, 1.0, -1, 0.5)
(6, 3, 1.0, -1, 0.5)
(7, 2, 1.0, -1, 0.5)
(8, 3, 1.0, -1, 0.5)
(9, 4, 1.0, -1, 0.5)
-
(0, (77,27), (0,29))
(1, (13,22), (19,65))
(2, (33,63), (1,69))
(3, (96,83), (97,10))
(4, (86,24), (59,13))
(5, (65,50), (31,53))
(6, (45,3), (69,43))
(7, (67,25), (10,52))
(8, (25,9), (39,83))
(9, (77,57), (65,7))
