100
(9, 15)
(10, 15)
(11, 15)
(12, 15)
(13, 15)
(9, 16)
(10, 16)
(11, 16)
(12, 16)
(13, 16)
(9, 17)
(10, 17)
(11, 17)
(12, 17)
(13, 17)
(4, 86)
(5, 86)
(6, 86)
(7, 86)
(4, 87)
(5, 87)
(6, 87)
(7, 87)
(4, 88)
(5, 88)
(6, 88)
(7, 88)
(39, 88)
(40, 88)
(41, 88)
(42, 88)
(39, 89)
(40, 89)
(41, 89)
(42, 89)
(95, 89)
(96, 89)
(97, 89)
(98, 89)
(99, 89)
(39, 90)
(40, 90)
(41, 90)
(42, 90)
(95, 90)
(96, 90)
(97, 90)
(98, 90)
(99, 90)
(95, 91)
(96, 91)
(97, 91)
(98, 91)
(99, 91)
(95, 92)
(96, 92)
(97, 92)
(98, 92)
(99, 92)
(65, 95)
(66, 95)
(67, 95)
(65, 96)
(66, 96)
(67, 96)
(65, 97)
(66, 97)
(67, 97)
-
(0, 1, 1.0, -1, 0.5)
(1, 3, 1.0, -1, 0.5)
(2, 5, 1.0, -1, 0.5)
(3, 2, 1.0, -1, 0.5)
(4, 4, 1.0, -1, 0.5)
(5, 2, 1.0, -1, 0.5)
(6, 1, 1.0, -1, 0.5)
(7, 3, 1.0, -1, 0.5)
(8, 5, 1.0, -1, 0.5)
(9, 4, 1.0, -1, 0.5)
-
(0, (58,95), (95,59))
(1, (14,0), (29,34))
(2, (25,4), (39,80))
(3, (82,11), (53,45))
(4, (22,51), (20,10))
(5, (89,53), (3,56))
(6, (1,57), (83,43))
(7, (86,16), (56,79))
(8, (57,68), (3,36))
(9, (18,80), (8,48))
