100
(64, 2)
(65, 2)
(66, 2)
(67, 2)
(70, 2)
(71, 2)
(72, 2)
(73, 2)
(74, 2)
(64, 3)
(65, 3)
(66, 3)
(67, 3)
(70, 3)
(71, 3)
(72, 3)
(73, 3)
(74, 3)
(64, 4)
(65, 4)
(66, 4)
(67, 4)
(70, 4)
(71, 4)
(72, 4)
(73, 4)
(74, 4)
(64, 5)
(65, 5)
(66, 5)
(67, 5)
(27, 6)
(28, 6)
(29, 6)
(63, 6)
(64, 6)
(65, 6)
(66, 6)
(1, 7)
(2, 7)
(3, 7)
(4, 7)
(5, 7)
(27, 7)
(28, 7)
(29, 7)
(60, 7)
(61, 7)
(62, 7)
(63, 7)
(64, 7)
(65, 7)
(66, 7)
(1, 8)
(2, 8)
(3, 8)
(4, 8)
(5, 8)
(17, 8)
(18, 8)
(19, 8)
(27, 8)
(28, 8)
(29, 8)
(60, 8)
(61, 8)
(62, 8)
(63, 8)
(64, 8)
(65, 8)
(66, 8)
(1, 9)
(2, 9)
(3, 9)
(4, 9)
(5, 9)
(17, 9)
(18, 9)
(19, 9)
(27, 9)
(28, 9)
(29, 9)
(60, 9)
(61, 9)
(62, 9)
(63, 9)
(64, 9)
(65, 9)
(66, 9)
(1, 10)
(2, 10)
(3, 10)
(4, 10)
(5, 10)
(17, 10)
(18, 10)
(19, 10)
(55, 10)
(56, 10)
(57, 10)
(58, 10)
(59, 10)
(17, 11)
(18, 11)
(19, 11)
(55, 11)
(56, 11)
(57, 11)
(58, 11)
(59, 11)
(17, 12)
(18, 12)
(19, 12)
(55, 12)
(56, 12)
(57, 12)
(58, 12)
(59, 12)
(94, 12)
(95, 12)
(96, 12)
(22, 13)
(23, 13)
(24, 13)
(25, 13)
(26, 13)
(60, 13)
(61, 13)
(62, 13)
(94, 13)
(95, 13)
(96, 13)
(22, 14)
(23, 14)
(24, 14)
(25, 14)
(26, 14)
(41, 14)
(42, 14)
(43, 14)
(44, 14)
(45, 14)
(60, 14)
(61, 14)
(62, 14)
(71, 14)
(72, 14)
(73, 14)
(74, 14)
(75, 14)
(94, 14)
(95, 14)
(96, 14)
(22, 15)
(23, 15)
(24, 15)
(25, 15)
(26, 15)
(41, 15)
(42, 15)
(43, 15)
(44, 15)
(45, 15)
(60, 15)
(61, 15)
(62, 15)
(71, 15)
(72, 15)
(73, 15)
(74, 15)
(75, 15)
(94, 15)
(95, 15)
(96, 15)
(28, 16)
(29, 16)
(30, 16)
(31, 16)
(32, 16)
(41, 16)
(42, 16)
(43, 16)
(44, 16)
(45, 16)
(55, 16)
(56, 16)
(57, 16)
(71, 16)
(72, 16)
(73, 16)
(74, 16)
(75, 16)
(28, 17)
(29, 17)
(30, 17)
(31, 17)
(32, 17)
(41, 17)
(42, 17)
(43, 17)
(44, 17)
(45, 17)
(55, 17)
(56, 17)
(57, 17)
(64, 17)
(65, 17)
(66, 17)
(28, 18)
(29, 18)
(30, 18)
(31, 18)
(32, 18)
(55, 18)
(56, 18)
(57, 18)
(64, 18)
(65, 18)
(66, 18)
(8, 19)
(9, 19)
(10, 19)
(11, 19)
(12, 19)
(28, 19)
(29, 19)
(30, 19)
(31, 19)
(32, 19)
(55, 19)
(56, 19)
(57, 19)
(64, 19)
(65, 19)
(66, 19)
(8, 20)
(9, 20)
(10, 20)
(11, 20)
(12, 20)
(64, 20)
(65, 20)
(66, 20)
(96, 20)
(97, 20)
(98, 20)
(8, 21)
(9, 21)
(10, 21)
(11, 21)
(12, 21)
(15, 21)
(16, 21)
(17, 21)
(18, 21)
(20, 21)
(21, 21)
(22, 21)
(23, 21)
(31, 21)
(32, 21)
(33, 21)
(64, 21)
(65, 21)
(66, 21)
(90, 21)
(91, 21)
(92, 21)
(96, 21)
(97, 21)
(98, 21)
(8, 22)
(9, 22)
(10, 22)
(11, 22)
(12, 22)
(15, 22)
(16, 22)
(17, 22)
(18, 22)
(20, 22)
(21, 22)
(22, 22)
(23, 22)
(31, 22)
(32, 22)
(33, 22)
(90, 22)
(91, 22)
(92, 22)
(96, 22)
(97, 22)
(98, 22)
(15, 23)
(16, 23)
(17, 23)
(18, 23)
(20, 23)
(21, 23)
(22, 23)
(23, 23)
(31, 23)
(32, 23)
(33, 23)
(90, 23)
(91, 23)
(92, 23)
(15, 24)
(16, 24)
(17, 24)
(18, 24)
(20, 24)
(21, 24)
(22, 24)
(23, 24)
(31, 24)
(32, 24)
(33, 24)
(15, 25)
(16, 25)
(17, 25)
(18, 25)
(20, 25)
(21, 25)
(22, 25)
(23, 25)
(31, 25)
(32, 25)
(33, 25)
(46, 25)
(47, 25)
(48, 25)
(46, 26)
(47, 26)
(48, 26)
(75, 26)
(76, 26)
(77, 26)
(9, 27)
(10, 27)
(11, 27)
(46, 27)
(47, 27)
(48, 27)
(75, 27)
(76, 27)
(77, 27)
(9, 28)
(10, 28)
(11, 28)
(46, 28)
(47, 28)
(48, 28)
(64, 28)
(65, 28)
(66, 28)
(75, 28)
(76, 28)
(77, 28)
(9, 29)
(10, 29)
(11, 29)
(64, 29)
(65, 29)
(66, 29)
(79, 29)
(80, 29)
(81, 29)
(84, 29)
(85, 29)
(86, 29)
(9, 30)
(10, 30)
(11, 30)
(64, 30)
(65, 30)
(66, 30)
(79, 30)
(80, 30)
(81, 30)
(84, 30)
(85, 30)
(86, 30)
(65, 31)
(66, 31)
(67, 31)
(68, 31)
(79, 31)
(80, 31)
(81, 31)
(84, 31)
(85, 31)
(86, 31)
(65, 32)
(66, 32)
(67, 32)
(68, 32)
(17, 33)
(18, 33)
(19, 33)
(27, 33)
(28, 33)
(29, 33)
(30, 33)
(31, 33)
(65, 33)
(66, 33)
(67, 33)
(68, 33)
(17, 34)
(18, 34)
(19, 34)
(27, 34)
(28, 34)
(29, 34)
(30, 34)
(31, 34)
(37, 34)
(38, 34)
(39, 34)
(40, 34)
(65, 34)
(66, 34)
(67, 34)
(68, 34)
(17, 35)
(18, 35)
(19, 35)
(27, 35)
(28, 35)
(29, 35)
(30, 35)
(31, 35)
(37, 35)
(38, 35)
(39, 35)
(40, 35)
(65, 35)
(66, 35)
(67, 35)
(68, 35)
(12, 36)
(13, 36)
(14, 36)
(15, 36)
(16, 36)
(17, 36)
(18, 36)
(19, 36)
(27, 36)
(28, 36)
(29, 36)
(30, 36)
(31, 36)
(37, 36)
(38, 36)
(39, 36)
(40, 36)
(12, 37)
(13, 37)
(14, 37)
(15, 37)
(16, 37)
(22, 37)
(23, 37)
(24, 37)
(25, 37)
(27, 37)
(28, 37)
(29, 37)
(30, 37)
(31, 37)
(94, 37)
(95, 37)
(96, 37)
(97, 37)
(12, 38)
(13, 38)
(14, 38)
(15, 38)
(16, 38)
(22, 38)
(23, 38)
(24, 38)
(25, 38)
(86, 38)
(87, 38)
(88, 38)
(89, 38)
(90, 38)
(94, 38)
(95, 38)
(96, 38)
(97, 38)
(12, 39)
(13, 39)
(14, 39)
(15, 39)
(16, 39)
(22, 39)
(23, 39)
(24, 39)
(25, 39)
(86, 39)
(87, 39)
(88, 39)
(89, 39)
(90, 39)
(94, 39)
(95, 39)
(96, 39)
(97, 39)
(12, 40)
(13, 40)
(14, 40)
(15, 40)
(16, 40)
(25, 40)
(26, 40)
(27, 40)
(28, 40)
(29, 40)
(86, 40)
(87, 40)
(88, 40)
(89, 40)
(90, 40)
(94, 40)
(95, 40)
(96, 40)
(97, 40)
(25, 41)
(26, 41)
(27, 41)
(28, 41)
(29, 41)
(86, 41)
(87, 41)
(88, 41)
(89, 41)
(90, 41)
(94, 41)
(95, 41)
(96, 41)
(97, 41)
(25, 42)
(26, 42)
(27, 42)
(28, 42)
(29, 42)
(33, 42)
(34, 42)
(35, 42)
(36, 42)
(43, 42)
(44, 42)
(45, 42)
(46, 42)
(47, 42)
(86, 42)
(87, 42)
(88, 42)
(89, 42)
(90, 42)
(33, 43)
(34, 43)
(35, 43)
(36, 43)
(43, 43)
(44, 43)
(45, 43)
(46, 43)
(47, 43)
(33, 44)
(34, 44)
(35, 44)
(36, 44)
(43, 44)
(44, 44)
(45, 44)
(46, 44)
(47, 44)
(33, 45)
(34, 45)
(35, 45)
(36, 45)
(43, 45)
(44, 45)
(45, 45)
(46, 45)
(47, 45)
(95, 47)
(96, 47)
(97, 47)
(86, 48)
(87, 48)
(88, 48)
(89, 48)
(95, 48)
(96, 48)
(97, 48)
(83, 49)
(84, 49)
(85, 49)
(86, 49)
(87, 49)
(88, 49)
(89, 49)
(95, 49)
(96, 49)
(97, 49)
(83, 50)
(84, 50)
(85, 50)
(86, 50)
(87, 50)
(88, 50)
(89, 50)
(95, 50)
(96, 50)
(97, 50)
(69, 51)
(70, 51)
(71, 51)
(72, 51)
(83, 51)
(84, 51)
(85, 51)
(86, 51)
(87, 51)
(88, 51)
(89, 51)
(69, 52)
(70, 52)
(71, 52)
(72, 52)
(86, 52)
(87, 52)
(88, 52)
(89, 52)
(69, 53)
(70, 53)
(71, 53)
(72, 53)
(69, 54)
(70, 54)
(71, 54)
(72, 54)
(11, 55)
(12, 55)
(13, 55)
(14, 55)
(15, 55)
(46, 55)
(47, 55)
(48, 55)
(49, 55)
(50, 55)
(85, 55)
(86, 55)
(87, 55)
(88, 55)
(5, 56)
(6, 56)
(7, 56)
(8, 56)
(9, 56)
(11, 56)
(12, 56)
(13, 56)
(14, 56)
(15, 56)
(46, 56)
(47, 56)
(48, 56)
(49, 56)
(50, 56)
(85, 56)
(86, 56)
(87, 56)
(88, 56)
(5, 57)
(6, 57)
(7, 57)
(8, 57)
(9, 57)
(11, 57)
(12, 57)
(13, 57)
(14, 57)
(15, 57)
(46, 57)
(47, 57)
(48, 57)
(49, 57)
(50, 57)
(85, 57)
(86, 57)
(87, 57)
(88, 57)
(89, 57)
(90, 57)
(91, 57)
(92, 57)
(93, 57)
(5, 58)
(6, 58)
(7, 58)
(8, 58)
(9, 58)
(11, 58)
(12, 58)
(13, 58)
(14, 58)
(15, 58)
(36, 58)
(37, 58)
(38, 58)
(39, 58)
(46, 58)
(47, 58)
(48, 58)
(49, 58)
(50, 58)
(85, 58)
(86, 58)
(87, 58)
(88, 58)
(89, 58)
(90, 58)
(91, 58)
(92, 58)
(93, 58)
(11, 59)
(12, 59)
(13, 59)
(14, 59)
(15, 59)
(36, 59)
(37, 59)
(38, 59)
(39, 59)
(46, 59)
(47, 59)
(48, 59)
(49, 59)
(50, 59)
(85, 59)
(86, 59)
(87, 59)
(88, 59)
(89, 59)
(90, 59)
(91, 59)
(92, 59)
(93, 59)
(95, 59)
(96, 59)
(97, 59)
(98, 59)
(99, 59)
(36, 60)
(37, 60)
(38, 60)
(39, 60)
(95, 60)
(96, 60)
(97, 60)
(98, 60)
(99, 60)
(95, 61)
(96, 61)
(97, 61)
(98, 61)
(99, 61)
(95, 62)
(96, 62)
(97, 62)
(98, 62)
(99, 62)
(95, 63)
(96, 63)
(97, 63)
(98, 63)
(99, 63)
(9, 64)
(10, 64)
(11, 64)
(9, 65)
(10, 65)
(11, 65)
(9, 66)
(10, 66)
(11, 66)
(97, 66)
(98, 66)
(99, 66)
(33, 67)
(34, 67)
(35, 67)
(97, 67)
(98, 67)
(99, 67)
(33, 68)
(34, 68)
(35, 68)
(70, 68)
(71, 68)
(72, 68)
(97, 68)
(98, 68)
(99, 68)
(33, 69)
(34, 69)
(35, 69)
(70, 69)
(71, 69)
(72, 69)
(77, 69)
(78, 69)
(79, 69)
(80, 69)
(81, 69)
(54, 70)
(55, 70)
(56, 70)
(57, 70)
(58, 70)
(70, 70)
(71, 70)
(72, 70)
(77, 70)
(78, 70)
(79, 70)
(80, 70)
(81, 70)
(36, 71)
(37, 71)
(38, 71)
(39, 71)
(40, 71)
(54, 71)
(55, 71)
(56, 71)
(57, 71)
(58, 71)
(77, 71)
(78, 71)
(79, 71)
(80, 71)
(81, 71)
(31, 72)
(32, 72)
(33, 72)
(34, 72)
(36, 72)
(37, 72)
(38, 72)
(39, 72)
(40, 72)
(54, 72)
(55, 72)
(56, 72)
(57, 72)
(58, 72)
(77, 72)
(78, 72)
(79, 72)
(80, 72)
(81, 72)
(31, 73)
(32, 73)
(33, 73)
(34, 73)
(36, 73)
(37, 73)
(38, 73)
(39, 73)
(40, 73)
(54, 73)
(55, 73)
(56, 73)
(57, 73)
(58, 73)
(77, 73)
(78, 73)
(79, 73)
(80, 73)
(81, 73)
(83, 73)
(84, 73)
(85, 73)
(86, 73)
(87, 73)
(31, 74)
(32, 74)
(33, 74)
(34, 74)
(36, 74)
(37, 74)
(38, 74)
(39, 74)
(40, 74)
(54, 74)
(55, 74)
(56, 74)
(57, 74)
(58, 74)
(70, 74)
(71, 74)
(72, 74)
(83, 74)
(84, 74)
(85, 74)
(86, 74)
(87, 74)
(31, 75)
(32, 75)
(33, 75)
(34, 75)
(70, 75)
(71, 75)
(72, 75)
(83, 75)
(84, 75)
(85, 75)
(86, 75)
(87, 75)
(31, 76)
(32, 76)
(33, 76)
(34, 76)
(70, 76)
(71, 76)
(72, 76)
(83, 76)
(84, 76)
(85, 76)
(86, 76)
(87, 76)
(0, 77)
(1, 77)
(2, 77)
(70, 77)
(71, 77)
(72, 77)
(83, 77)
(84, 77)
(85, 77)
(86, 77)
(87, 77)
(0, 78)
(1, 78)
(2, 78)
(70, 78)
(71, 78)
(72, 78)
(0, 79)
(1, 79)
(2, 79)
(67, 79)
(68, 79)
(69, 79)
(0, 80)
(1, 80)
(2, 80)
(67, 80)
(68, 80)
(69, 80)
(93, 80)
(94, 80)
(95, 80)
(96, 80)
(97, 80)
(0, 81)
(1, 81)
(2, 81)
(67, 81)
(68, 81)
(69, 81)
(93, 81)
(94, 81)
(95, 81)
(96, 81)
(97, 81)
(26, 82)
(27, 82)
(28, 82)
(29, 82)
(67, 82)
(68, 82)
(69, 82)
(93, 82)
(94, 82)
(95, 82)
(96, 82)
(97, 82)
(23, 83)
(24, 83)
(25, 83)
(26, 83)
(27, 83)
(28, 83)
(29, 83)
(67, 83)
(68, 83)
(69, 83)
(93, 83)
(94, 83)
(95, 83)
(96, 83)
(97, 83)
(23, 84)
(24, 84)
(25, 84)
(26, 84)
(27, 84)
(28, 84)
(29, 84)
(23, 85)
(24, 85)
(25, 85)
(26, 85)
(27, 85)
(28, 85)
(29, 85)
(89, 86)
(90, 86)
(91, 86)
(92, 86)
(93, 86)
(28, 87)
(29, 87)
(30, 87)
(31, 87)
(64, 87)
(65, 87)
(66, 87)
(89, 87)
(90, 87)
(91, 87)
(92, 87)
(93, 87)
(28, 88)
(29, 88)
(30, 88)
(31, 88)
(46, 88)
(47, 88)
(48, 88)
(64, 88)
(65, 88)
(66, 88)
(89, 88)
(90, 88)
(91, 88)
(92, 88)
(93, 88)
(7, 89)
(8, 89)
(9, 89)
(10, 89)
(11, 89)
(14, 89)
(15, 89)
(16, 89)
(28, 89)
(29, 89)
(30, 89)
(31, 89)
(46, 89)
(47, 89)
(48, 89)
(64, 89)
(65, 89)
(66, 89)
(7, 90)
(8, 90)
(9, 90)
(10, 90)
(11, 90)
(14, 90)
(15, 90)
(16, 90)
(28, 90)
(29, 90)
(30, 90)
(31, 90)
(46, 90)
(47, 90)
(48, 90)
(83, 90)
(84, 90)
(85, 90)
(86, 90)
(7, 91)
(8, 91)
(9, 91)
(10, 91)
(11, 91)
(14, 91)
(15, 91)
(16, 91)
(46, 91)
(47, 91)
(48, 91)
(67, 91)
(68, 91)
(69, 91)
(83, 91)
(84, 91)
(85, 91)
(86, 91)
(7, 92)
(8, 92)
(9, 92)
(10, 92)
(11, 92)
(46, 92)
(47, 92)
(48, 92)
(67, 92)
(68, 92)
(69, 92)
(83, 92)
(84, 92)
(85, 92)
(86, 92)
(7, 93)
(8, 93)
(9, 93)
(10, 93)
(11, 93)
(67, 93)
(68, 93)
(69, 93)
(83, 93)
(84, 93)
(85, 93)
(86, 93)
(11, 94)
(12, 94)
(13, 94)
(14, 94)
(15, 94)
(67, 94)
(68, 94)
(69, 94)
(83, 94)
(84, 94)
(85, 94)
(86, 94)
(11, 95)
(12, 95)
(13, 95)
(14, 95)
(15, 95)
(67, 95)
(68, 95)
(69, 95)
(11, 96)
(12, 96)
(13, 96)
(14, 96)
(15, 96)
(53, 96)
(54, 96)
(55, 96)
(56, 96)
(11, 97)
(12, 97)
(13, 97)
(14, 97)
(15, 97)
(53, 97)
(54, 97)
(55, 97)
(56, 97)
(53, 98)
(54, 98)
(55, 98)
(56, 98)
(53, 99)
(54, 99)
(55, 99)
(56, 99)
-
(0, 5, 1.0, -1, 0.5)
(1, 2, 1.0, -1, 0.5)
(2, 5, 1.0, -1, 0.5)
(3, 3, 1.0, -1, 0.5)
(4, 2, 1.0, -1, 0.5)
(5, 1, 1.0, -1, 0.5)
(6, 4, 1.0, -1, 0.5)
(7, 1, 1.0, -1, 0.5)
(8, 4, 1.0, -1, 0.5)
(9, 3, 1.0, -1, 0.5)
-
(0, (21,45), (19,91))
(1, (39,50), (27,97))
(2, (16,41), (77,48))
(3, (60,93), (62,31))
(4, (11,74), (75,68))
(5, (21,69), (23,19))
(6, (85,6), (44,65))
(7, (83,67), (15,65))
(8, (19,50), (51,87))
(9, (59,54), (94,56))
