100
(86, 2)
(87, 2)
(88, 2)
(37, 3)
(38, 3)
(39, 3)
(86, 3)
(87, 3)
(88, 3)
(27, 4)
(28, 4)
(29, 4)
(30, 4)
(37, 4)
(38, 4)
(39, 4)
(86, 4)
(87, 4)
(88, 4)
(27, 5)
(28, 5)
(29, 5)
(30, 5)
(37, 5)
(38, 5)
(39, 5)
(86, 5)
(87, 5)
(88, 5)
(27, 6)
(28, 6)
(29, 6)
(30, 6)
(37, 6)
(38, 6)
(39, 6)
(86, 6)
(87, 6)
(88, 6)
(27, 7)
(28, 7)
(29, 7)
(30, 7)
(45, 8)
(46, 8)
(47, 8)
(48, 8)
(49, 8)
(45, 9)
(46, 9)
(47, 9)
(48, 9)
(49, 9)
(45, 10)
(46, 10)
(47, 10)
(48, 10)
(49, 10)
(26, 11)
(27, 11)
(28, 11)
(29, 11)
(45, 11)
(46, 11)
(47, 11)
(48, 11)
(49, 11)
(22, 12)
(23, 12)
(24, 12)
(26, 12)
(27, 12)
(28, 12)
(29, 12)
(22, 13)
(23, 13)
(24, 13)
(26, 13)
(27, 13)
(28, 13)
(29, 13)
(22, 14)
(23, 14)
(24, 14)
(26, 14)
(27, 14)
(28, 14)
(29, 14)
(26, 15)
(27, 15)
(28, 15)
(29, 15)
(15, 27)
(16, 27)
(17, 27)
(15, 28)
(16, 28)
(17, 28)
(15, 29)
(16, 29)
(17, 29)
(15, 30)
(16, 30)
(17, 30)
(49, 32)
(50, 32)
(51, 32)
(52, 32)
(53, 32)
(49, 33)
(50, 33)
(51, 33)
(52, 33)
(53, 33)
(8, 34)
(9, 34)
(10, 34)
(11, 34)
(49, 34)
(50, 34)
(51, 34)
(52, 34)
(53, 34)
(8, 35)
(9, 35)
(10, 35)
(11, 35)
(49, 35)
(50, 35)
(51, 35)
(52, 35)
(53, 35)
(8, 36)
(9, 36)
(10, 36)
(11, 36)
(43, 36)
(44, 36)
(45, 36)
(46, 36)
(47, 36)
(48, 36)
(8, 37)
(9, 37)
(10, 37)
(11, 37)
(43, 37)
(44, 37)
(45, 37)
(46, 37)
(47, 37)
(48, 37)
(94, 37)
(95, 37)
(96, 37)
(8, 38)
(9, 38)
(10, 38)
(11, 38)
(18, 38)
(19, 38)
(20, 38)
(43, 38)
(44, 38)
(45, 38)
(46, 38)
(47, 38)
(48, 38)
(94, 38)
(95, 38)
(96, 38)
(18, 39)
(19, 39)
(20, 39)
(46, 39)
(47, 39)
(48, 39)
(94, 39)
(95, 39)
(96, 39)
(18, 40)
(19, 40)
(20, 40)
(94, 40)
(95, 40)
(96, 40)
(79, 47)
(80, 47)
(81, 47)
(82, 47)
(79, 48)
(80, 48)
(81, 48)
(82, 48)
(70, 49)
(71, 49)
(72, 49)
(73, 49)
(79, 49)
(80, 49)
(81, 49)
(82, 49)
(70, 50)
(71, 50)
(72, 50)
(73, 50)
(79, 50)
(80, 50)
(81, 50)
(82, 50)
(19, 51)
(20, 51)
(21, 51)
(22, 51)
(23, 51)
(70, 51)
(71, 51)
(72, 51)
(73, 51)
(19, 52)
(20, 52)
(21, 52)
(22, 52)
(23, 52)
(19, 53)
(20, 53)
(21, 53)
(22, 53)
(23, 53)
(52, 53)
(53, 53)
(54, 53)
(55, 53)
(95, 53)
(96, 53)
(97, 53)
(98, 53)
(99, 53)
(19, 54)
(20, 54)
(21, 54)
(22, 54)
(23, 54)
(52, 54)
(53, 54)
(54, 54)
(55, 54)
(95, 54)
(96, 54)
(97, 54)
(98, 54)
(99, 54)
(19, 55)
(20, 55)
(21, 55)
(22, 55)
(23, 55)
(52, 55)
(53, 55)
(54, 55)
(55, 55)
(95, 55)
(96, 55)
(97, 55)
(98, 55)
(99, 55)
(52, 56)
(53, 56)
(54, 56)
(55, 56)
(95, 56)
(96, 56)
(97, 56)
(98, 56)
(99, 56)
(52, 57)
(53, 57)
(54, 57)
(55, 57)
(14, 64)
(15, 64)
(16, 64)
(17, 64)
(18, 64)
(14, 65)
(15, 65)
(16, 65)
(17, 65)
(18, 65)
(14, 66)
(15, 66)
(16, 66)
(17, 66)
(18, 66)
(14, 67)
(15, 67)
(16, 67)
(17, 67)
(18, 67)
(37, 68)
(38, 68)
(39, 68)
(40, 68)
(41, 68)
(37, 69)
(38, 69)
(39, 69)
(40, 69)
(41, 69)
(37, 70)
(38, 70)
(39, 70)
(40, 70)
(41, 70)
(50, 74)
(51, 74)
(52, 74)
(4, 75)
(5, 75)
(6, 75)
(7, 75)
(50, 75)
(51, 75)
(52, 75)
(4, 76)
(5, 76)
(6, 76)
(7, 76)
(50, 76)
(51, 76)
(52, 76)
(4, 77)
(5, 77)
(6, 77)
(7, 77)
(50, 77)
(51, 77)
(52, 77)
(57, 81)
(58, 81)
(59, 81)
(60, 81)
(61, 81)
(33, 82)
(34, 82)
(35, 82)
(57, 82)
(58, 82)
(59, 82)
(60, 82)
(61, 82)
(33, 83)
(34, 83)
(35, 83)
(57, 83)
(58, 83)
(59, 83)
(60, 83)
(61, 83)
(33, 84)
(34, 84)
(35, 84)
(33, 85)
(34, 85)
(35, 85)
(33, 86)
(34, 86)
(35, 86)
(92, 86)
(93, 86)
(94, 86)
(92, 87)
(93, 87)
(94, 87)
(92, 88)
(93, 88)
(94, 88)
(92, 89)
(93, 89)
(94, 89)
-
(0, 5, 1.0, -1, 0.5)
(1, 3, 1.0, -1, 0.5)
(2, 2, 1.0, -1, 0.5)
(3, 3, 1.0, -1, 0.5)
(4, 4, 1.0, -1, 0.5)
(5, 1, 1.0, -1, 0.5)
(6, 1, 1.0, -1, 0.5)
(7, 4, 1.0, -1, 0.5)
(8, 2, 1.0, -1, 0.5)
(9, 5, 1.0, -1, 0.5)
-
(0, (89,55), (57,4))
(1, (56,70), (25,64))
(2, (22,62), (95,48))
(3, (41,49), (75,16))
(4, (31,15), (92,30))
(5, (78,39), (74,87))
(6, (27,20), (41,57))
(7, (34,42), (47,2))
(8, (97,41), (15,75))
(9, (93,68), (28,25))
