100
(67, 1)
(68, 1)
(69, 1)
(70, 1)
(71, 1)
(74, 1)
(75, 1)
(76, 1)
(77, 1)
(44, 2)
(45, 2)
(46, 2)
(47, 2)
(67, 2)
(68, 2)
(69, 2)
(70, 2)
(71, 2)
(74, 2)
(75, 2)
(76, 2)
(77, 2)
(44, 3)
(45, 3)
(46, 3)
(47, 3)
(67, 3)
(68, 3)
(69, 3)
(70, 3)
(71, 3)
(74, 3)
(75, 3)
(76, 3)
(77, 3)
(44, 4)
(45, 4)
(46, 4)
(47, 4)
(67, 4)
(68, 4)
(69, 4)
(70, 4)
(71, 4)
(74, 4)
(75, 4)
(76, 4)
(77, 4)
(44, 5)
(45, 5)
(46, 5)
(47, 5)
(63, 5)
(64, 5)
(65, 5)
(74, 5)
(75, 5)
(76, 5)
(77, 5)
(44, 6)
(45, 6)
(46, 6)
(47, 6)
(63, 6)
(64, 6)
(65, 6)
(24, 7)
(25, 7)
(26, 7)
(27, 7)
(63, 7)
(64, 7)
(65, 7)
(89, 7)
(90, 7)
(91, 7)
(92, 7)
(93, 7)
(24, 8)
(25, 8)
(26, 8)
(27, 8)
(63, 8)
(64, 8)
(65, 8)
(73, 8)
(74, 8)
(75, 8)
(84, 8)
(85, 8)
(86, 8)
(87, 8)
(89, 8)
(90, 8)
(91, 8)
(92, 8)
(93, 8)
(24, 9)
(25, 9)
(26, 9)
(27, 9)
(63, 9)
(64, 9)
(65, 9)
(73, 9)
(74, 9)
(75, 9)
(84, 9)
(85, 9)
(86, 9)
(87, 9)
(89, 9)
(90, 9)
(91, 9)
(92, 9)
(93, 9)
(73, 10)
(74, 10)
(75, 10)
(84, 10)
(85, 10)
(86, 10)
(87, 10)
(89, 10)
(90, 10)
(91, 10)
(92, 10)
(93, 10)
(8, 11)
(9, 11)
(10, 11)
(11, 11)
(12, 11)
(13, 11)
(14, 11)
(15, 11)
(73, 11)
(74, 11)
(75, 11)
(84, 11)
(85, 11)
(86, 11)
(87, 11)
(8, 12)
(9, 12)
(10, 12)
(11, 12)
(12, 12)
(13, 12)
(14, 12)
(15, 12)
(8, 13)
(9, 13)
(10, 13)
(11, 13)
(12, 13)
(13, 13)
(14, 13)
(15, 13)
(74, 13)
(75, 13)
(76, 13)
(77, 13)
(11, 14)
(12, 14)
(13, 14)
(14, 14)
(15, 14)
(74, 14)
(75, 14)
(76, 14)
(77, 14)
(11, 15)
(12, 15)
(13, 15)
(14, 15)
(15, 15)
(74, 15)
(75, 15)
(76, 15)
(77, 15)
(74, 16)
(75, 16)
(76, 16)
(77, 16)
(91, 16)
(92, 16)
(93, 16)
(28, 17)
(29, 17)
(30, 17)
(91, 17)
(92, 17)
(93, 17)
(28, 18)
(29, 18)
(30, 18)
(48, 18)
(49, 18)
(50, 18)
(54, 18)
(55, 18)
(56, 18)
(91, 18)
(92, 18)
(93, 18)
(28, 19)
(29, 19)
(30, 19)
(48, 19)
(49, 19)
(50, 19)
(54, 19)
(55, 19)
(56, 19)
(91, 19)
(92, 19)
(93, 19)
(48, 20)
(49, 20)
(50, 20)
(54, 20)
(55, 20)
(56, 20)
(24, 21)
(25, 21)
(26, 21)
(27, 21)
(28, 21)
(36, 21)
(37, 21)
(38, 21)
(39, 21)
(40, 21)
(43, 21)
(44, 21)
(45, 21)
(47, 21)
(48, 21)
(49, 21)
(50, 21)
(24, 22)
(25, 22)
(26, 22)
(27, 22)
(28, 22)
(29, 22)
(30, 22)
(31, 22)
(32, 22)
(36, 22)
(37, 22)
(38, 22)
(39, 22)
(40, 22)
(43, 22)
(44, 22)
(45, 22)
(47, 22)
(48, 22)
(49, 22)
(50, 22)
(13, 23)
(14, 23)
(15, 23)
(16, 23)
(17, 23)
(24, 23)
(25, 23)
(26, 23)
(27, 23)
(28, 23)
(29, 23)
(30, 23)
(31, 23)
(32, 23)
(36, 23)
(37, 23)
(38, 23)
(39, 23)
(40, 23)
(43, 23)
(44, 23)
(45, 23)
(47, 23)
(48, 23)
(49, 23)
(50, 23)
(52, 23)
(53, 23)
(54, 23)
(13, 24)
(14, 24)
(15, 24)
(16, 24)
(17, 24)
(29, 24)
(30, 24)
(31, 24)
(32, 24)
(36, 24)
(37, 24)
(38, 24)
(39, 24)
(40, 24)
(43, 24)
(44, 24)
(45, 24)
(47, 24)
(48, 24)
(49, 24)
(50, 24)
(52, 24)
(53, 24)
(54, 24)
(96, 24)
(97, 24)
(98, 24)
(13, 25)
(14, 25)
(15, 25)
(16, 25)
(17, 25)
(25, 25)
(26, 25)
(27, 25)
(28, 25)
(29, 25)
(30, 25)
(31, 25)
(32, 25)
(36, 25)
(37, 25)
(38, 25)
(39, 25)
(40, 25)
(43, 25)
(44, 25)
(45, 25)
(52, 25)
(53, 25)
(54, 25)
(96, 25)
(97, 25)
(98, 25)
(0, 26)
(1, 26)
(2, 26)
(3, 26)
(4, 26)
(13, 26)
(14, 26)
(15, 26)
(16, 26)
(17, 26)
(25, 26)
(26, 26)
(27, 26)
(28, 26)
(29, 26)
(30, 26)
(31, 26)
(32, 26)
(52, 26)
(53, 26)
(54, 26)
(96, 26)
(97, 26)
(98, 26)
(0, 27)
(1, 27)
(2, 27)
(3, 27)
(4, 27)
(13, 27)
(14, 27)
(15, 27)
(16, 27)
(17, 27)
(25, 27)
(26, 27)
(27, 27)
(28, 27)
(96, 27)
(97, 27)
(98, 27)
(0, 28)
(1, 28)
(2, 28)
(3, 28)
(4, 28)
(25, 28)
(26, 28)
(27, 28)
(28, 28)
(96, 28)
(97, 28)
(98, 28)
(25, 29)
(26, 29)
(27, 29)
(28, 29)
(75, 29)
(76, 29)
(77, 29)
(78, 29)
(25, 30)
(26, 30)
(27, 30)
(28, 30)
(75, 30)
(76, 30)
(77, 30)
(78, 30)
(94, 30)
(95, 30)
(96, 30)
(97, 30)
(25, 31)
(26, 31)
(27, 31)
(28, 31)
(37, 31)
(38, 31)
(39, 31)
(75, 31)
(76, 31)
(77, 31)
(78, 31)
(94, 31)
(95, 31)
(96, 31)
(97, 31)
(25, 32)
(26, 32)
(27, 32)
(28, 32)
(37, 32)
(38, 32)
(39, 32)
(75, 32)
(76, 32)
(77, 32)
(78, 32)
(94, 32)
(95, 32)
(96, 32)
(97, 32)
(18, 33)
(19, 33)
(20, 33)
(21, 33)
(25, 33)
(26, 33)
(27, 33)
(28, 33)
(37, 33)
(38, 33)
(39, 33)
(75, 33)
(76, 33)
(77, 33)
(78, 33)
(94, 33)
(95, 33)
(96, 33)
(97, 33)
(18, 34)
(19, 34)
(20, 34)
(21, 34)
(25, 34)
(26, 34)
(27, 34)
(28, 34)
(31, 34)
(32, 34)
(33, 34)
(34, 34)
(37, 34)
(38, 34)
(39, 34)
(94, 34)
(95, 34)
(96, 34)
(97, 34)
(18, 35)
(19, 35)
(20, 35)
(21, 35)
(25, 35)
(26, 35)
(27, 35)
(28, 35)
(31, 35)
(32, 35)
(33, 35)
(34, 35)
(59, 35)
(60, 35)
(61, 35)
(62, 35)
(82, 35)
(83, 35)
(84, 35)
(4, 36)
(5, 36)
(6, 36)
(7, 36)
(18, 36)
(19, 36)
(20, 36)
(21, 36)
(25, 36)
(26, 36)
(27, 36)
(28, 36)
(31, 36)
(32, 36)
(33, 36)
(34, 36)
(59, 36)
(60, 36)
(61, 36)
(62, 36)
(82, 36)
(83, 36)
(84, 36)
(4, 37)
(5, 37)
(6, 37)
(7, 37)
(25, 37)
(26, 37)
(27, 37)
(28, 37)
(31, 37)
(32, 37)
(33, 37)
(34, 37)
(59, 37)
(60, 37)
(61, 37)
(62, 37)
(82, 37)
(83, 37)
(84, 37)
(4, 38)
(5, 38)
(6, 38)
(7, 38)
(82, 38)
(83, 38)
(84, 38)
(4, 39)
(5, 39)
(6, 39)
(7, 39)
(48, 39)
(49, 39)
(50, 39)
(51, 39)
(52, 39)
(82, 39)
(83, 39)
(84, 39)
(48, 40)
(49, 40)
(50, 40)
(51, 40)
(52, 40)
(66, 40)
(67, 40)
(68, 40)
(69, 40)
(70, 40)
(12, 41)
(13, 41)
(14, 41)
(15, 41)
(24, 41)
(25, 41)
(26, 41)
(27, 41)
(48, 41)
(49, 41)
(50, 41)
(51, 41)
(52, 41)
(66, 41)
(67, 41)
(68, 41)
(69, 41)
(70, 41)
(12, 42)
(13, 42)
(14, 42)
(15, 42)
(24, 42)
(25, 42)
(26, 42)
(27, 42)
(66, 42)
(67, 42)
(68, 42)
(69, 42)
(70, 42)
(12, 43)
(13, 43)
(14, 43)
(15, 43)
(24, 43)
(25, 43)
(26, 43)
(27, 43)
(66, 43)
(67, 43)
(68, 43)
(69, 43)
(70, 43)
(12, 44)
(13, 44)
(14, 44)
(15, 44)
(61, 44)
(62, 44)
(63, 44)
(64, 44)
(65, 44)
(76, 44)
(77, 44)
(78, 44)
(12, 45)
(13, 45)
(14, 45)
(15, 45)
(61, 45)
(62, 45)
(63, 45)
(64, 45)
(65, 45)
(76, 45)
(77, 45)
(78, 45)
(17, 46)
(18, 46)
(19, 46)
(33, 46)
(34, 46)
(35, 46)
(36, 46)
(61, 46)
(62, 46)
(63, 46)
(64, 46)
(65, 46)
(76, 46)
(77, 46)
(78, 46)
(17, 47)
(18, 47)
(19, 47)
(33, 47)
(34, 47)
(35, 47)
(36, 47)
(40, 47)
(41, 47)
(42, 47)
(43, 47)
(44, 47)
(61, 47)
(62, 47)
(63, 47)
(64, 47)
(65, 47)
(17, 48)
(18, 48)
(19, 48)
(33, 48)
(34, 48)
(35, 48)
(36, 48)
(40, 48)
(41, 48)
(42, 48)
(43, 48)
(44, 48)
(61, 48)
(62, 48)
(63, 48)
(64, 48)
(65, 48)
(17, 49)
(18, 49)
(19, 49)
(33, 49)
(34, 49)
(35, 49)
(36, 49)
(40, 49)
(41, 49)
(42, 49)
(43, 49)
(44, 49)
(17, 50)
(18, 50)
(19, 50)
(33, 50)
(34, 50)
(35, 50)
(36, 50)
(40, 50)
(41, 50)
(42, 50)
(43, 50)
(44, 50)
(66, 50)
(67, 50)
(68, 50)
(69, 50)
(70, 50)
(84, 50)
(85, 50)
(86, 50)
(87, 50)
(88, 50)
(40, 51)
(41, 51)
(42, 51)
(43, 51)
(44, 51)
(58, 51)
(59, 51)
(60, 51)
(61, 51)
(62, 51)
(66, 51)
(67, 51)
(68, 51)
(69, 51)
(70, 51)
(84, 51)
(85, 51)
(86, 51)
(87, 51)
(88, 51)
(52, 52)
(53, 52)
(54, 52)
(58, 52)
(59, 52)
(60, 52)
(61, 52)
(62, 52)
(66, 52)
(67, 52)
(68, 52)
(69, 52)
(70, 52)
(84, 52)
(85, 52)
(86, 52)
(87, 52)
(88, 52)
(52, 53)
(53, 53)
(54, 53)
(58, 53)
(59, 53)
(60, 53)
(61, 53)
(62, 53)
(84, 53)
(85, 53)
(86, 53)
(87, 53)
(88, 53)
(52, 54)
(53, 54)
(54, 54)
(58, 54)
(59, 54)
(60, 54)
(61, 54)
(62, 54)
(84, 54)
(85, 54)
(86, 54)
(87, 54)
(88, 54)
(58, 55)
(59, 55)
(60, 55)
(61, 55)
(62, 55)
(66, 55)
(67, 55)
(68, 55)
(69, 55)
(3, 56)
(4, 56)
(5, 56)
(6, 56)
(7, 56)
(33, 56)
(34, 56)
(35, 56)
(36, 56)
(66, 56)
(67, 56)
(68, 56)
(69, 56)
(3, 57)
(4, 57)
(5, 57)
(6, 57)
(7, 57)
(33, 57)
(34, 57)
(35, 57)
(36, 57)
(66, 57)
(67, 57)
(68, 57)
(69, 57)
(3, 58)
(4, 58)
(5, 58)
(6, 58)
(7, 58)
(33, 58)
(34, 58)
(35, 58)
(36, 58)
(53, 58)
(54, 58)
(55, 58)
(56, 58)
(3, 59)
(4, 59)
(5, 59)
(6, 59)
(7, 59)
(11, 59)
(12, 59)
(13, 59)
(53, 59)
(54, 59)
(55, 59)
(56, 59)
(3, 60)
(4, 60)
(5, 60)
(6, 60)
(7, 60)
(11, 60)
(12, 60)
(13, 60)
(37, 60)
(38, 60)
(39, 60)
(53, 60)
(54, 60)
(55, 60)
(56, 60)
(11, 61)
(12, 61)
(13, 61)
(37, 61)
(38, 61)
(39, 61)
(83, 61)
(84, 61)
(85, 61)
(86, 61)
(87, 61)
(11, 62)
(12, 62)
(13, 62)
(37, 62)
(38, 62)
(39, 62)
(83, 62)
(84, 62)
(85, 62)
(86, 62)
(87, 62)
(19, 63)
(20, 63)
(21, 63)
(22, 63)
(23, 63)
(37, 63)
(38, 63)
(39, 63)
(83, 63)
(84, 63)
(85, 63)
(86, 63)
(87, 63)
(12, 64)
(13, 64)
(14, 64)
(19, 64)
(20, 64)
(21, 64)
(22, 64)
(23, 64)
(37, 64)
(38, 64)
(39, 64)
(42, 64)
(43, 64)
(44, 64)
(45, 64)
(46, 64)
(76, 64)
(77, 64)
(78, 64)
(79, 64)
(83, 64)
(84, 64)
(85, 64)
(86, 64)
(87, 64)
(12, 65)
(13, 65)
(14, 65)
(19, 65)
(20, 65)
(21, 65)
(22, 65)
(23, 65)
(42, 65)
(43, 65)
(44, 65)
(45, 65)
(46, 65)
(76, 65)
(77, 65)
(78, 65)
(79, 65)
(83, 65)
(84, 65)
(85, 65)
(86, 65)
(87, 65)
(12, 66)
(13, 66)
(14, 66)
(42, 66)
(43, 66)
(44, 66)
(45, 66)
(46, 66)
(76, 66)
(77, 66)
(78, 66)
(79, 66)
(12, 67)
(13, 67)
(14, 67)
(76, 67)
(77, 67)
(78, 67)
(79, 67)
(92, 67)
(93, 67)
(94, 67)
(95, 67)
(96, 67)
(12, 68)
(13, 68)
(14, 68)
(76, 68)
(77, 68)
(78, 68)
(79, 68)
(92, 68)
(93, 68)
(94, 68)
(95, 68)
(96, 68)
(92, 69)
(93, 69)
(94, 69)
(95, 69)
(96, 69)
(92, 70)
(93, 70)
(94, 70)
(95, 70)
(96, 70)
(6, 71)
(7, 71)
(8, 71)
(6, 72)
(7, 72)
(8, 72)
(6, 73)
(7, 73)
(8, 73)
(38, 73)
(39, 73)
(40, 73)
(41, 73)
(42, 73)
(6, 74)
(7, 74)
(8, 74)
(21, 74)
(22, 74)
(23, 74)
(38, 74)
(39, 74)
(40, 74)
(41, 74)
(42, 74)
(10, 75)
(11, 75)
(12, 75)
(13, 75)
(21, 75)
(22, 75)
(23, 75)
(38, 75)
(39, 75)
(40, 75)
(41, 75)
(42, 75)
(10, 76)
(11, 76)
(12, 76)
(13, 76)
(14, 76)
(15, 76)
(16, 76)
(17, 76)
(18, 76)
(21, 76)
(22, 76)
(23, 76)
(38, 76)
(39, 76)
(40, 76)
(41, 76)
(42, 76)
(49, 76)
(50, 76)
(51, 76)
(52, 76)
(53, 76)
(10, 77)
(11, 77)
(12, 77)
(13, 77)
(14, 77)
(15, 77)
(16, 77)
(17, 77)
(18, 77)
(21, 77)
(22, 77)
(23, 77)
(24, 77)
(25, 77)
(38, 77)
(39, 77)
(40, 77)
(41, 77)
(42, 77)
(49, 77)
(50, 77)
(51, 77)
(52, 77)
(53, 77)
(1, 78)
(2, 78)
(3, 78)
(4, 78)
(14, 78)
(15, 78)
(16, 78)
(17, 78)
(18, 78)
(21, 78)
(22, 78)
(23, 78)
(24, 78)
(25, 78)
(49, 78)
(50, 78)
(51, 78)
(52, 78)
(53, 78)
(72, 78)
(73, 78)
(74, 78)
(75, 78)
(1, 79)
(2, 79)
(3, 79)
(4, 79)
(14, 79)
(15, 79)
(16, 79)
(17, 79)
(18, 79)
(21, 79)
(22, 79)
(23, 79)
(24, 79)
(25, 79)
(49, 79)
(50, 79)
(51, 79)
(52, 79)
(53, 79)
(72, 79)
(73, 79)
(74, 79)
(75, 79)
(78, 79)
(79, 79)
(80, 79)
(81, 79)
(82, 79)
(1, 80)
(2, 80)
(3, 80)
(4, 80)
(49, 80)
(50, 80)
(51, 80)
(52, 80)
(53, 80)
(72, 80)
(73, 80)
(74, 80)
(75, 80)
(78, 80)
(79, 80)
(80, 80)
(81, 80)
(82, 80)
(61, 81)
(62, 81)
(63, 81)
(78, 81)
(79, 81)
(80, 81)
(81, 81)
(82, 81)
(46, 82)
(47, 82)
(48, 82)
(49, 82)
(50, 82)
(61, 82)
(62, 82)
(63, 82)
(78, 82)
(79, 82)
(80, 82)
(81, 82)
(82, 82)
(46, 83)
(47, 83)
(48, 83)
(49, 83)
(50, 83)
(61, 83)
(62, 83)
(63, 83)
(78, 83)
(79, 83)
(80, 83)
(81, 83)
(82, 83)
(21, 84)
(22, 84)
(23, 84)
(24, 84)
(25, 84)
(46, 84)
(47, 84)
(48, 84)
(49, 84)
(50, 84)
(61, 84)
(62, 84)
(63, 84)
(83, 84)
(84, 84)
(85, 84)
(86, 84)
(87, 84)
(21, 85)
(22, 85)
(23, 85)
(24, 85)
(25, 85)
(61, 85)
(62, 85)
(63, 85)
(83, 85)
(84, 85)
(85, 85)
(86, 85)
(87, 85)
(21, 86)
(22, 86)
(23, 86)
(24, 86)
(25, 86)
(55, 86)
(56, 86)
(57, 86)
(58, 86)
(83, 86)
(84, 86)
(85, 86)
(86, 86)
(87, 86)
(16, 87)
(17, 87)
(18, 87)
(19, 87)
(20, 87)
(55, 87)
(56, 87)
(57, 87)
(58, 87)
(62, 87)
(63, 87)
(64, 87)
(65, 87)
(66, 87)
(73, 87)
(74, 87)
(75, 87)
(76, 87)
(16, 88)
(17, 88)
(18, 88)
(19, 88)
(20, 88)
(55, 88)
(56, 88)
(57, 88)
(58, 88)
(62, 88)
(63, 88)
(64, 88)
(65, 88)
(66, 88)
(73, 88)
(74, 88)
(75, 88)
(76, 88)
(16, 89)
(17, 89)
(18, 89)
(19, 89)
(20, 89)
(55, 89)
(56, 89)
(57, 89)
(58, 89)
(62, 89)
(63, 89)
(64, 89)
(65, 89)
(66, 89)
(73, 89)
(74, 89)
(75, 89)
(76, 89)
(16, 90)
(17, 90)
(18, 90)
(19, 90)
(20, 90)
(43, 90)
(44, 90)
(45, 90)
(46, 90)
(47, 90)
(55, 90)
(56, 90)
(57, 90)
(58, 90)
(73, 90)
(74, 90)
(75, 90)
(76, 90)
(77, 90)
(43, 91)
(44, 91)
(45, 91)
(46, 91)
(47, 91)
(73, 91)
(74, 91)
(75, 91)
(76, 91)
(77, 91)
(43, 92)
(44, 92)
(45, 92)
(46, 92)
(47, 92)
(73, 92)
(74, 92)
(75, 92)
(76, 92)
(77, 92)
(43, 93)
(44, 93)
(45, 93)
(46, 93)
(47, 93)
(61, 93)
(62, 93)
(63, 93)
(73, 93)
(74, 93)
(75, 93)
(76, 93)
(77, 93)
(43, 94)
(44, 94)
(45, 94)
(46, 94)
(47, 94)
(61, 94)
(62, 94)
(63, 94)
(35, 95)
(36, 95)
(37, 95)
(38, 95)
(50, 95)
(51, 95)
(52, 95)
(61, 95)
(62, 95)
(63, 95)
(66, 95)
(67, 95)
(68, 95)
(69, 95)
(95, 95)
(96, 95)
(97, 95)
(98, 95)
(99, 95)
(35, 96)
(36, 96)
(37, 96)
(38, 96)
(50, 96)
(51, 96)
(52, 96)
(66, 96)
(67, 96)
(68, 96)
(69, 96)
(95, 96)
(96, 96)
(97, 96)
(98, 96)
(99, 96)
(35, 97)
(36, 97)
(37, 97)
(38, 97)
(50, 97)
(51, 97)
(52, 97)
(66, 97)
(67, 97)
(68, 97)
(69, 97)
(95, 97)
(96, 97)
(97, 97)
(98, 97)
(99, 97)
(35, 98)
(36, 98)
(37, 98)
(38, 98)
(50, 98)
(51, 98)
(52, 98)
(66, 98)
(67, 98)
(68, 98)
(69, 98)
(95, 98)
(96, 98)
(97, 98)
(98, 98)
(99, 98)
(35, 99)
(36, 99)
(37, 99)
(38, 99)
(50, 99)
(51, 99)
(52, 99)
(95, 99)
(96, 99)
(97, 99)
(98, 99)
(99, 99)
-
(0, 5, 1.0, -1, 0.5)
(1, 1, 1.0, -1, 0.5)
(2, 2, 1.0, -1, 0.5)
(3, 3, 1.0, -1, 0.5)
(4, 4, 1.0, -1, 0.5)
(5, 5, 1.0, -1, 0.5)
(6, 3, 1.0, -1, 0.5)
(7, 1, 1.0, -1, 0.5)
(8, 4, 1.0, -1, 0.5)
(9, 2, 1.0, -1, 0.5)
-
(0, (91,36), (61,58))
(1, (65,94), (11,47))
(2, (77,34), (43,30))
(3, (77,53), (12,16))
(4, (68,29), (60,76))
(5, (82,28), (60,66))
(6, (89,23), (34,78))
(7, (26,70), (56,72))
(8, (84,74), (32,7))
(9, (56,44), (80,11))
