100
(58, 1)
(59, 1)
(60, 1)
(58, 2)
(59, 2)
(60, 2)
(19, 3)
(20, 3)
(21, 3)
(58, 3)
(59, 3)
(60, 3)
(19, 4)
(20, 4)
(21, 4)
(44, 4)
(45, 4)
(46, 4)
(58, 4)
(59, 4)
(60, 4)
(19, 5)
(20, 5)
(21, 5)
(44, 5)
(45, 5)
(46, 5)
(19, 6)
(20, 6)
(21, 6)
(32, 6)
(33, 6)
(34, 6)
(35, 6)
(36, 6)
(44, 6)
(45, 6)
(46, 6)
(69, 6)
(70, 6)
(71, 6)
(32, 7)
(33, 7)
(34, 7)
(35, 7)
(36, 7)
(69, 7)
(70, 7)
(71, 7)
(32, 8)
(33, 8)
(34, 8)
(35, 8)
(36, 8)
(37, 8)
(38, 8)
(39, 8)
(40, 8)
(69, 8)
(70, 8)
(71, 8)
(37, 9)
(38, 9)
(39, 9)
(40, 9)
(45, 9)
(46, 9)
(47, 9)
(48, 9)
(49, 9)
(37, 10)
(38, 10)
(39, 10)
(40, 10)
(45, 10)
(46, 10)
(47, 10)
(48, 10)
(49, 10)
(37, 11)
(38, 11)
(39, 11)
(40, 11)
(45, 11)
(46, 11)
(47, 11)
(48, 11)
(49, 11)
(45, 12)
(46, 12)
(47, 12)
(48, 12)
(49, 12)
(45, 13)
(46, 13)
(47, 13)
(48, 13)
(49, 13)
(42, 16)
(43, 16)
(44, 16)
(42, 17)
(43, 17)
(44, 17)
(64, 17)
(65, 17)
(66, 17)
(81, 17)
(82, 17)
(83, 17)
(84, 17)
(85, 17)
(42, 18)
(43, 18)
(44, 18)
(64, 18)
(65, 18)
(66, 18)
(81, 18)
(82, 18)
(83, 18)
(84, 18)
(85, 18)
(88, 18)
(89, 18)
(90, 18)
(42, 19)
(43, 19)
(44, 19)
(64, 19)
(65, 19)
(66, 19)
(81, 19)
(82, 19)
(83, 19)
(84, 19)
(85, 19)
(88, 19)
(89, 19)
(90, 19)
(42, 20)
(43, 20)
(44, 20)
(64, 20)
(65, 20)
(66, 20)
(88, 20)
(89, 20)
(90, 20)
(64, 21)
(65, 21)
(66, 21)
(88, 21)
(89, 21)
(90, 21)
(88, 22)
(89, 22)
(90, 22)
(12, 24)
(13, 24)
(14, 24)
(15, 24)
(12, 25)
(13, 25)
(14, 25)
(15, 25)
(34, 25)
(35, 25)
(36, 25)
(4, 26)
(5, 26)
(6, 26)
(7, 26)
(12, 26)
(13, 26)
(14, 26)
(15, 26)
(34, 26)
(35, 26)
(36, 26)
(74, 26)
(75, 26)
(76, 26)
(4, 27)
(5, 27)
(6, 27)
(7, 27)
(12, 27)
(13, 27)
(14, 27)
(15, 27)
(34, 27)
(35, 27)
(36, 27)
(49, 27)
(50, 27)
(51, 27)
(52, 27)
(53, 27)
(74, 27)
(75, 27)
(76, 27)
(4, 28)
(5, 28)
(6, 28)
(7, 28)
(34, 28)
(35, 28)
(36, 28)
(49, 28)
(50, 28)
(51, 28)
(52, 28)
(53, 28)
(74, 28)
(75, 28)
(76, 28)
(49, 29)
(50, 29)
(51, 29)
(52, 29)
(53, 29)
(49, 30)
(50, 30)
(51, 30)
(52, 30)
(53, 30)
(37, 31)
(38, 31)
(39, 31)
(40, 31)
(49, 31)
(50, 31)
(51, 31)
(52, 31)
(53, 31)
(37, 32)
(38, 32)
(39, 32)
(40, 32)
(73, 32)
(74, 32)
(75, 32)
(86, 32)
(87, 32)
(88, 32)
(89, 32)
(90, 32)
(37, 33)
(38, 33)
(39, 33)
(40, 33)
(73, 33)
(74, 33)
(75, 33)
(86, 33)
(87, 33)
(88, 33)
(89, 33)
(90, 33)
(93, 33)
(94, 33)
(95, 33)
(37, 34)
(38, 34)
(39, 34)
(40, 34)
(73, 34)
(74, 34)
(75, 34)
(86, 34)
(87, 34)
(88, 34)
(89, 34)
(90, 34)
(93, 34)
(94, 34)
(95, 34)
(96, 34)
(97, 34)
(98, 34)
(73, 35)
(74, 35)
(75, 35)
(93, 35)
(94, 35)
(95, 35)
(96, 35)
(97, 35)
(98, 35)
(73, 36)
(74, 36)
(75, 36)
(93, 36)
(94, 36)
(95, 36)
(96, 36)
(97, 36)
(98, 36)
(55, 37)
(56, 37)
(57, 37)
(58, 37)
(59, 37)
(93, 37)
(94, 37)
(95, 37)
(96, 37)
(97, 37)
(98, 37)
(55, 38)
(56, 38)
(57, 38)
(58, 38)
(59, 38)
(55, 39)
(56, 39)
(57, 39)
(58, 39)
(59, 39)
(55, 40)
(56, 40)
(57, 40)
(58, 40)
(59, 40)
(79, 40)
(80, 40)
(81, 40)
(55, 41)
(56, 41)
(57, 41)
(58, 41)
(59, 41)
(79, 41)
(80, 41)
(81, 41)
(79, 42)
(80, 42)
(81, 42)
(15, 43)
(16, 43)
(17, 43)
(79, 43)
(80, 43)
(81, 43)
(15, 44)
(16, 44)
(17, 44)
(87, 44)
(88, 44)
(89, 44)
(90, 44)
(91, 44)
(15, 45)
(16, 45)
(17, 45)
(87, 45)
(88, 45)
(89, 45)
(90, 45)
(91, 45)
(7, 46)
(8, 46)
(9, 46)
(10, 46)
(11, 46)
(21, 46)
(22, 46)
(23, 46)
(24, 46)
(25, 46)
(87, 46)
(88, 46)
(89, 46)
(90, 46)
(91, 46)
(7, 47)
(8, 47)
(9, 47)
(10, 47)
(11, 47)
(21, 47)
(22, 47)
(23, 47)
(24, 47)
(25, 47)
(87, 47)
(88, 47)
(89, 47)
(90, 47)
(91, 47)
(7, 48)
(8, 48)
(9, 48)
(10, 48)
(11, 48)
(21, 48)
(22, 48)
(23, 48)
(24, 48)
(25, 48)
(30, 48)
(31, 48)
(32, 48)
(48, 48)
(49, 48)
(50, 48)
(51, 48)
(52, 48)
(56, 48)
(57, 48)
(58, 48)
(59, 48)
(60, 48)
(87, 48)
(88, 48)
(89, 48)
(90, 48)
(91, 48)
(7, 49)
(8, 49)
(9, 49)
(10, 49)
(11, 49)
(21, 49)
(22, 49)
(23, 49)
(24, 49)
(25, 49)
(30, 49)
(31, 49)
(32, 49)
(48, 49)
(49, 49)
(50, 49)
(51, 49)
(52, 49)
(56, 49)
(57, 49)
(58, 49)
(59, 49)
(60, 49)
(30, 50)
(31, 50)
(32, 50)
(48, 50)
(49, 50)
(50, 50)
(51, 50)
(52, 50)
(56, 50)
(57, 50)
(58, 50)
(59, 50)
(60, 50)
(41, 51)
(42, 51)
(43, 51)
(44, 51)
(48, 51)
(49, 51)
(50, 51)
(51, 51)
(52, 51)
(41, 52)
(42, 52)
(43, 52)
(44, 52)
(48, 52)
(49, 52)
(50, 52)
(51, 52)
(52, 52)
(77, 52)
(78, 52)
(79, 52)
(80, 52)
(23, 53)
(24, 53)
(25, 53)
(26, 53)
(27, 53)
(41, 53)
(42, 53)
(43, 53)
(44, 53)
(47, 53)
(48, 53)
(49, 53)
(50, 53)
(77, 53)
(78, 53)
(79, 53)
(80, 53)
(23, 54)
(24, 54)
(25, 54)
(26, 54)
(27, 54)
(47, 54)
(48, 54)
(49, 54)
(50, 54)
(77, 54)
(78, 54)
(79, 54)
(80, 54)
(23, 55)
(24, 55)
(25, 55)
(26, 55)
(27, 55)
(47, 55)
(48, 55)
(49, 55)
(50, 55)
(77, 55)
(78, 55)
(79, 55)
(80, 55)
(17, 56)
(18, 56)
(19, 56)
(92, 56)
(93, 56)
(94, 56)
(95, 56)
(96, 56)
(5, 57)
(6, 57)
(7, 57)
(8, 57)
(17, 57)
(18, 57)
(19, 57)
(92, 57)
(93, 57)
(94, 57)
(95, 57)
(96, 57)
(5, 58)
(6, 58)
(7, 58)
(8, 58)
(17, 58)
(18, 58)
(19, 58)
(50, 58)
(51, 58)
(52, 58)
(53, 58)
(54, 58)
(92, 58)
(93, 58)
(94, 58)
(95, 58)
(96, 58)
(5, 59)
(6, 59)
(7, 59)
(8, 59)
(50, 59)
(51, 59)
(52, 59)
(53, 59)
(54, 59)
(56, 59)
(57, 59)
(58, 59)
(59, 59)
(5, 60)
(6, 60)
(7, 60)
(8, 60)
(40, 60)
(41, 60)
(42, 60)
(43, 60)
(44, 60)
(50, 60)
(51, 60)
(52, 60)
(53, 60)
(54, 60)
(56, 60)
(57, 60)
(58, 60)
(59, 60)
(69, 60)
(70, 60)
(71, 60)
(72, 60)
(73, 60)
(5, 61)
(6, 61)
(7, 61)
(8, 61)
(23, 61)
(24, 61)
(25, 61)
(26, 61)
(40, 61)
(41, 61)
(42, 61)
(43, 61)
(44, 61)
(50, 61)
(51, 61)
(52, 61)
(53, 61)
(54, 61)
(56, 61)
(57, 61)
(58, 61)
(59, 61)
(69, 61)
(70, 61)
(71, 61)
(72, 61)
(73, 61)
(23, 62)
(24, 62)
(25, 62)
(26, 62)
(40, 62)
(41, 62)
(42, 62)
(43, 62)
(44, 62)
(50, 62)
(51, 62)
(52, 62)
(53, 62)
(54, 62)
(69, 62)
(70, 62)
(71, 62)
(72, 62)
(73, 62)
(23, 63)
(24, 63)
(25, 63)
(26, 63)
(46, 64)
(47, 64)
(48, 64)
(55, 64)
(56, 64)
(57, 64)
(76, 64)
(77, 64)
(78, 64)
(79, 64)
(80, 64)
(46, 65)
(47, 65)
(48, 65)
(55, 65)
(56, 65)
(57, 65)
(76, 65)
(77, 65)
(78, 65)
(79, 65)
(80, 65)
(46, 66)
(47, 66)
(48, 66)
(55, 66)
(56, 66)
(57, 66)
(76, 66)
(77, 66)
(78, 66)
(79, 66)
(80, 66)
(1, 67)
(2, 67)
(3, 67)
(4, 67)
(46, 67)
(47, 67)
(48, 67)
(60, 67)
(61, 67)
(62, 67)
(63, 67)
(1, 68)
(2, 68)
(3, 68)
(4, 68)
(29, 68)
(30, 68)
(31, 68)
(60, 68)
(61, 68)
(62, 68)
(63, 68)
(1, 69)
(2, 69)
(3, 69)
(4, 69)
(29, 69)
(30, 69)
(31, 69)
(60, 69)
(61, 69)
(62, 69)
(63, 69)
(1, 70)
(2, 70)
(3, 70)
(4, 70)
(29, 70)
(30, 70)
(31, 70)
(60, 70)
(61, 70)
(62, 70)
(63, 70)
(52, 73)
(53, 73)
(54, 73)
(55, 73)
(56, 73)
(73, 73)
(74, 73)
(75, 73)
(52, 74)
(53, 74)
(54, 74)
(55, 74)
(56, 74)
(73, 74)
(74, 74)
(75, 74)
(52, 75)
(53, 75)
(54, 75)
(55, 75)
(56, 75)
(73, 75)
(74, 75)
(75, 75)
(52, 76)
(53, 76)
(54, 76)
(55, 76)
(56, 76)
(73, 76)
(74, 76)
(75, 76)
(52, 77)
(53, 77)
(54, 77)
(55, 77)
(56, 77)
(79, 79)
(80, 79)
(81, 79)
(82, 79)
(83, 79)
(39, 80)
(40, 80)
(41, 80)
(79, 80)
(80, 80)
(81, 80)
(82, 80)
(83, 80)
(39, 81)
(40, 81)
(41, 81)
(65, 81)
(66, 81)
(67, 81)
(79, 81)
(80, 81)
(81, 81)
(82, 81)
(83, 81)
(39, 82)
(40, 82)
(41, 82)
(65, 82)
(66, 82)
(67, 82)
(79, 82)
(80, 82)
(81, 82)
(82, 82)
(83, 82)
(39, 83)
(40, 83)
(41, 83)
(54, 83)
(55, 83)
(56, 83)
(65, 83)
(66, 83)
(67, 83)
(39, 84)
(40, 84)
(41, 84)
(43, 84)
(44, 84)
(45, 84)
(46, 84)
(54, 84)
(55, 84)
(56, 84)
(65, 84)
(66, 84)
(67, 84)
(43, 85)
(44, 85)
(45, 85)
(46, 85)
(54, 85)
(55, 85)
(56, 85)
(93, 85)
(94, 85)
(95, 85)
(96, 85)
(43, 86)
(44, 86)
(45, 86)
(46, 86)
(54, 86)
(55, 86)
(56, 86)
(93, 86)
(94, 86)
(95, 86)
(96, 86)
(82, 87)
(83, 87)
(84, 87)
(93, 87)
(94, 87)
(95, 87)
(96, 87)
(46, 88)
(47, 88)
(48, 88)
(49, 88)
(50, 88)
(82, 88)
(83, 88)
(84, 88)
(93, 88)
(94, 88)
(95, 88)
(96, 88)
(46, 89)
(47, 89)
(48, 89)
(49, 89)
(50, 89)
(82, 89)
(83, 89)
(84, 89)
(46, 90)
(47, 90)
(48, 90)
(49, 90)
(50, 90)
(55, 90)
(56, 90)
(57, 90)
(58, 90)
(55, 91)
(56, 91)
(57, 91)
(58, 91)
(88, 91)
(89, 91)
(90, 91)
(91, 91)
(92, 91)
(55, 92)
(56, 92)
(57, 92)
(58, 92)
(61, 92)
(62, 92)
(63, 92)
(64, 92)
(65, 92)
(88, 92)
(89, 92)
(90, 92)
(91, 92)
(92, 92)
(9, 93)
(10, 93)
(11, 93)
(12, 93)
(13, 93)
(31, 93)
(32, 93)
(33, 93)
(34, 93)
(35, 93)
(61, 93)
(62, 93)
(63, 93)
(64, 93)
(65, 93)
(88, 93)
(89, 93)
(90, 93)
(91, 93)
(92, 93)
(9, 94)
(10, 94)
(11, 94)
(12, 94)
(13, 94)
(31, 94)
(32, 94)
(33, 94)
(34, 94)
(35, 94)
(61, 94)
(62, 94)
(63, 94)
(64, 94)
(65, 94)
(86, 94)
(87, 94)
(88, 94)
(9, 95)
(10, 95)
(11, 95)
(12, 95)
(13, 95)
(31, 95)
(32, 95)
(33, 95)
(34, 95)
(35, 95)
(61, 95)
(62, 95)
(63, 95)
(64, 95)
(65, 95)
(86, 95)
(87, 95)
(88, 95)
(9, 96)
(10, 96)
(11, 96)
(12, 96)
(13, 96)
(31, 96)
(32, 96)
(33, 96)
(34, 96)
(35, 96)
(86, 96)
(87, 96)
(88, 96)
(90, 96)
(91, 96)
(92, 96)
(86, 97)
(87, 97)
(88, 97)
(90, 97)
(91, 97)
(92, 97)
(86, 98)
(87, 98)
(88, 98)
(90, 98)
(91, 98)
(92, 98)
-
(0, 1, 1.0, -1, 0.5)
(1, 4, 1.0, -1, 0.5)
(2, 5, 1.0, -1, 0.5)
(3, 1, 1.0, -1, 0.5)
(4, 2, 1.0, -1, 0.5)
(5, 5, 1.0, -1, 0.5)
(6, 2, 1.0, -1, 0.5)
(7, 4, 1.0, -1, 0.5)
(8, 3, 1.0, -1, 0.5)
(9, 3, 1.0, -1, 0.5)
-
(0, (66,7), (18,45))
(1, (5,76), (51,6))
(2, (11,86), (8,19))
(3, (66,15), (77,88))
(4, (68,22), (68,72))
(5, (69,80), (32,38))
(6, (0,34), (72,6))
(7, (17,65), (58,72))
(8, (49,37), (1,1))
(9, (77,45), (91,80))
