100
(60, 0)
(61, 0)
(62, 0)
(63, 0)
(64, 0)
(43, 1)
(44, 1)
(45, 1)
(46, 1)
(60, 1)
(61, 1)
(62, 1)
(63, 1)
(64, 1)
(78, 1)
(79, 1)
(80, 1)
(81, 1)
(83, 1)
(84, 1)
(85, 1)
(86, 1)
(87, 1)
(37, 2)
(38, 2)
(39, 2)
(40, 2)
(43, 2)
(44, 2)
(45, 2)
(46, 2)
(60, 2)
(61, 2)
(62, 2)
(63, 2)
(64, 2)
(78, 2)
(79, 2)
(80, 2)
(81, 2)
(83, 2)
(84, 2)
(85, 2)
(86, 2)
(87, 2)
(37, 3)
(38, 3)
(39, 3)
(40, 3)
(43, 3)
(44, 3)
(45, 3)
(46, 3)
(60, 3)
(61, 3)
(62, 3)
(63, 3)
(64, 3)
(78, 3)
(79, 3)
(80, 3)
(81, 3)
(83, 3)
(84, 3)
(85, 3)
(86, 3)
(87, 3)
(15, 4)
(16, 4)
(17, 4)
(18, 4)
(37, 4)
(38, 4)
(39, 4)
(40, 4)
(43, 4)
(44, 4)
(45, 4)
(46, 4)
(78, 4)
(79, 4)
(80, 4)
(81, 4)
(83, 4)
(84, 4)
(85, 4)
(86, 4)
(87, 4)
(15, 5)
(16, 5)
(17, 5)
(18, 5)
(37, 5)
(38, 5)
(39, 5)
(40, 5)
(62, 5)
(63, 5)
(64, 5)
(65, 5)
(66, 5)
(78, 5)
(79, 5)
(80, 5)
(81, 5)
(83, 5)
(84, 5)
(85, 5)
(86, 5)
(87, 5)
(15, 6)
(16, 6)
(17, 6)
(18, 6)
(37, 6)
(38, 6)
(39, 6)
(40, 6)
(44, 6)
(45, 6)
(46, 6)
(47, 6)
(62, 6)
(63, 6)
(64, 6)
(65, 6)
(66, 6)
(15, 7)
(16, 7)
(17, 7)
(18, 7)
(44, 7)
(45, 7)
(46, 7)
(47, 7)
(62, 7)
(63, 7)
(64, 7)
(65, 7)
(66, 7)
(44, 8)
(45, 8)
(46, 8)
(47, 8)
(44, 9)
(45, 9)
(46, 9)
(47, 9)
(44, 10)
(45, 10)
(46, 10)
(47, 10)
(92, 11)
(93, 11)
(94, 11)
(95, 11)
(7, 12)
(8, 12)
(9, 12)
(10, 12)
(37, 12)
(38, 12)
(39, 12)
(40, 12)
(41, 12)
(79, 12)
(80, 12)
(81, 12)
(92, 12)
(93, 12)
(94, 12)
(95, 12)
(7, 13)
(8, 13)
(9, 13)
(10, 13)
(37, 13)
(38, 13)
(39, 13)
(40, 13)
(41, 13)
(59, 13)
(60, 13)
(61, 13)
(62, 13)
(63, 13)
(79, 13)
(80, 13)
(81, 13)
(92, 13)
(93, 13)
(94, 13)
(95, 13)
(7, 14)
(8, 14)
(9, 14)
(10, 14)
(16, 14)
(17, 14)
(18, 14)
(37, 14)
(38, 14)
(39, 14)
(40, 14)
(41, 14)
(59, 14)
(60, 14)
(61, 14)
(62, 14)
(63, 14)
(79, 14)
(80, 14)
(81, 14)
(92, 14)
(93, 14)
(94, 14)
(95, 14)
(16, 15)
(17, 15)
(18, 15)
(37, 15)
(38, 15)
(39, 15)
(40, 15)
(41, 15)
(59, 15)
(60, 15)
(61, 15)
(62, 15)
(63, 15)
(79, 15)
(80, 15)
(81, 15)
(92, 15)
(93, 15)
(94, 15)
(95, 15)
(16, 16)
(17, 16)
(18, 16)
(59, 16)
(60, 16)
(61, 16)
(62, 16)
(63, 16)
(16, 17)
(17, 17)
(18, 17)
(44, 17)
(45, 17)
(46, 17)
(47, 17)
(59, 17)
(60, 17)
(61, 17)
(62, 17)
(63, 17)
(16, 18)
(17, 18)
(18, 18)
(24, 18)
(25, 18)
(26, 18)
(27, 18)
(28, 18)
(44, 18)
(45, 18)
(46, 18)
(47, 18)
(24, 19)
(25, 19)
(26, 19)
(27, 19)
(28, 19)
(44, 19)
(45, 19)
(46, 19)
(47, 19)
(51, 19)
(52, 19)
(53, 19)
(54, 19)
(55, 19)
(56, 19)
(57, 19)
(58, 19)
(24, 20)
(25, 20)
(26, 20)
(27, 20)
(28, 20)
(44, 20)
(45, 20)
(46, 20)
(47, 20)
(51, 20)
(52, 20)
(53, 20)
(54, 20)
(55, 20)
(56, 20)
(57, 20)
(58, 20)
(51, 21)
(52, 21)
(53, 21)
(54, 21)
(55, 21)
(56, 21)
(57, 21)
(58, 21)
(6, 22)
(7, 22)
(8, 22)
(9, 22)
(51, 22)
(52, 22)
(53, 22)
(54, 22)
(55, 22)
(56, 22)
(57, 22)
(58, 22)
(6, 23)
(7, 23)
(8, 23)
(9, 23)
(45, 23)
(46, 23)
(47, 23)
(48, 23)
(49, 23)
(56, 23)
(57, 23)
(58, 23)
(61, 23)
(62, 23)
(63, 23)
(64, 23)
(65, 23)
(6, 24)
(7, 24)
(8, 24)
(9, 24)
(45, 24)
(46, 24)
(47, 24)
(48, 24)
(49, 24)
(61, 24)
(62, 24)
(63, 24)
(64, 24)
(65, 24)
(6, 25)
(7, 25)
(8, 25)
(9, 25)
(45, 25)
(46, 25)
(47, 25)
(48, 25)
(49, 25)
(61, 25)
(62, 25)
(63, 25)
(64, 25)
(65, 25)
(75, 25)
(76, 25)
(77, 25)
(78, 25)
(6, 26)
(7, 26)
(8, 26)
(9, 26)
(45, 26)
(46, 26)
(47, 26)
(48, 26)
(49, 26)
(52, 26)
(53, 26)
(54, 26)
(75, 26)
(76, 26)
(77, 26)
(78, 26)
(90, 26)
(91, 26)
(92, 26)
(36, 27)
(37, 27)
(38, 27)
(39, 27)
(40, 27)
(52, 27)
(53, 27)
(54, 27)
(75, 27)
(76, 27)
(77, 27)
(78, 27)
(90, 27)
(91, 27)
(92, 27)
(36, 28)
(37, 28)
(38, 28)
(39, 28)
(40, 28)
(52, 28)
(53, 28)
(54, 28)
(61, 28)
(62, 28)
(63, 28)
(64, 28)
(65, 28)
(75, 28)
(76, 28)
(77, 28)
(78, 28)
(90, 28)
(91, 28)
(92, 28)
(36, 29)
(37, 29)
(38, 29)
(39, 29)
(40, 29)
(52, 29)
(53, 29)
(54, 29)
(61, 29)
(62, 29)
(63, 29)
(64, 29)
(65, 29)
(75, 29)
(76, 29)
(77, 29)
(78, 29)
(90, 29)
(91, 29)
(92, 29)
(52, 30)
(53, 30)
(54, 30)
(61, 30)
(62, 30)
(63, 30)
(64, 30)
(65, 30)
(61, 31)
(62, 31)
(63, 31)
(64, 31)
(65, 31)
(86, 31)
(87, 31)
(88, 31)
(89, 31)
(77, 32)
(78, 32)
(79, 32)
(80, 32)
(81, 32)
(86, 32)
(87, 32)
(88, 32)
(89, 32)
(77, 33)
(78, 33)
(79, 33)
(80, 33)
(81, 33)
(86, 33)
(87, 33)
(88, 33)
(89, 33)
(77, 34)
(78, 34)
(79, 34)
(80, 34)
(81, 34)
(86, 34)
(87, 34)
(88, 34)
(89, 34)
(46, 35)
(47, 35)
(48, 35)
(49, 35)
(50, 35)
(46, 36)
(47, 36)
(48, 36)
(49, 36)
(50, 36)
(46, 37)
(47, 37)
(48, 37)
(49, 37)
(50, 37)
(60, 37)
(61, 37)
(62, 37)
(63, 37)
(80, 37)
(81, 37)
(82, 37)
(83, 37)
(84, 37)
(16, 38)
(17, 38)
(18, 38)
(19, 38)
(32, 38)
(33, 38)
(34, 38)
(35, 38)
(36, 38)
(60, 38)
(61, 38)
(62, 38)
(63, 38)
(80, 38)
(81, 38)
(82, 38)
(83, 38)
(84, 38)
(86, 38)
(87, 38)
(88, 38)
(89, 38)
(16, 39)
(17, 39)
(18, 39)
(19, 39)
(32, 39)
(33, 39)
(34, 39)
(35, 39)
(36, 39)
(47, 39)
(48, 39)
(49, 39)
(50, 39)
(60, 39)
(61, 39)
(62, 39)
(63, 39)
(80, 39)
(81, 39)
(82, 39)
(83, 39)
(84, 39)
(86, 39)
(87, 39)
(88, 39)
(89, 39)
(16, 40)
(17, 40)
(18, 40)
(19, 40)
(25, 40)
(26, 40)
(27, 40)
(28, 40)
(29, 40)
(32, 40)
(33, 40)
(34, 40)
(35, 40)
(36, 40)
(47, 40)
(48, 40)
(49, 40)
(50, 40)
(80, 40)
(81, 40)
(82, 40)
(83, 40)
(84, 40)
(86, 40)
(87, 40)
(88, 40)
(89, 40)
(16, 41)
(17, 41)
(18, 41)
(19, 41)
(25, 41)
(26, 41)
(27, 41)
(28, 41)
(29, 41)
(32, 41)
(33, 41)
(34, 41)
(35, 41)
(36, 41)
(47, 41)
(48, 41)
(49, 41)
(50, 41)
(80, 41)
(81, 41)
(82, 41)
(83, 41)
(84, 41)
(86, 41)
(87, 41)
(88, 41)
(89, 41)
(25, 42)
(26, 42)
(27, 42)
(28, 42)
(29, 42)
(32, 42)
(33, 42)
(34, 42)
(35, 42)
(36, 42)
(47, 42)
(48, 42)
(49, 42)
(50, 42)
(47, 43)
(48, 43)
(49, 43)
(50, 43)
(28, 48)
(29, 48)
(30, 48)
(31, 48)
(75, 48)
(76, 48)
(77, 48)
(28, 49)
(29, 49)
(30, 49)
(31, 49)
(65, 49)
(66, 49)
(67, 49)
(68, 49)
(75, 49)
(76, 49)
(77, 49)
(28, 50)
(29, 50)
(30, 50)
(31, 50)
(65, 50)
(66, 50)
(67, 50)
(68, 50)
(75, 50)
(76, 50)
(77, 50)
(28, 51)
(29, 51)
(30, 51)
(31, 51)
(43, 51)
(44, 51)
(45, 51)
(65, 51)
(66, 51)
(67, 51)
(68, 51)
(28, 52)
(29, 52)
(30, 52)
(31, 52)
(43, 52)
(44, 52)
(45, 52)
(43, 53)
(44, 53)
(45, 53)
(34, 54)
(35, 54)
(36, 54)
(37, 54)
(43, 54)
(44, 54)
(45, 54)
(34, 55)
(35, 55)
(36, 55)
(37, 55)
(26, 56)
(27, 56)
(28, 56)
(29, 56)
(34, 56)
(35, 56)
(36, 56)
(37, 56)
(26, 57)
(27, 57)
(28, 57)
(29, 57)
(32, 57)
(33, 57)
(34, 57)
(26, 58)
(27, 58)
(28, 58)
(29, 58)
(32, 58)
(33, 58)
(34, 58)
(26, 59)
(27, 59)
(28, 59)
(29, 59)
(32, 59)
(33, 59)
(34, 59)
(60, 59)
(61, 59)
(62, 59)
(63, 59)
(26, 60)
(27, 60)
(28, 60)
(29, 60)
(32, 60)
(33, 60)
(34, 60)
(60, 60)
(61, 60)
(62, 60)
(63, 60)
(53, 61)
(54, 61)
(55, 61)
(60, 61)
(61, 61)
(62, 61)
(63, 61)
(90, 61)
(91, 61)
(92, 61)
(93, 61)
(94, 61)
(53, 62)
(54, 62)
(55, 62)
(60, 62)
(61, 62)
(62, 62)
(63, 62)
(90, 62)
(91, 62)
(92, 62)
(93, 62)
(94, 62)
(53, 63)
(54, 63)
(55, 63)
(60, 63)
(61, 63)
(62, 63)
(63, 63)
(90, 63)
(91, 63)
(92, 63)
(93, 63)
(94, 63)
(42, 64)
(43, 64)
(44, 64)
(80, 64)
(81, 64)
(82, 64)
(83, 64)
(90, 64)
(91, 64)
(92, 64)
(93, 64)
(94, 64)
(42, 65)
(43, 65)
(44, 65)
(80, 65)
(81, 65)
(82, 65)
(83, 65)
(6, 66)
(7, 66)
(8, 66)
(42, 66)
(43, 66)
(44, 66)
(80, 66)
(81, 66)
(82, 66)
(83, 66)
(6, 67)
(7, 67)
(8, 67)
(42, 67)
(43, 67)
(44, 67)
(51, 67)
(52, 67)
(53, 67)
(6, 68)
(7, 68)
(8, 68)
(42, 68)
(43, 68)
(44, 68)
(51, 68)
(52, 68)
(53, 68)
(6, 69)
(7, 69)
(8, 69)
(51, 69)
(52, 69)
(53, 69)
(6, 70)
(7, 70)
(8, 70)
(37, 70)
(38, 70)
(39, 70)
(51, 70)
(52, 70)
(53, 70)
(14, 71)
(15, 71)
(16, 71)
(17, 71)
(37, 71)
(38, 71)
(39, 71)
(51, 71)
(52, 71)
(53, 71)
(14, 72)
(15, 72)
(16, 72)
(17, 72)
(37, 72)
(38, 72)
(39, 72)
(14, 73)
(15, 73)
(16, 73)
(17, 73)
(37, 73)
(38, 73)
(39, 73)
(57, 73)
(58, 73)
(59, 73)
(60, 73)
(61, 73)
(14, 74)
(15, 74)
(16, 74)
(17, 74)
(57, 74)
(58, 74)
(59, 74)
(60, 74)
(61, 74)
(14, 75)
(15, 75)
(16, 75)
(17, 75)
(57, 75)
(58, 75)
(59, 75)
(60, 75)
(61, 75)
(57, 76)
(58, 76)
(59, 76)
(60, 76)
(61, 76)
(82, 78)
(83, 78)
(84, 78)
(85, 78)
(82, 79)
(83, 79)
(84, 79)
(85, 79)
(78, 80)
(79, 80)
(80, 80)
(81, 80)
(82, 80)
(83, 80)
(84, 80)
(85, 80)
(1, 81)
(2, 81)
(3, 81)
(4, 81)
(5, 81)
(7, 81)
(8, 81)
(9, 81)
(34, 81)
(35, 81)
(36, 81)
(78, 81)
(79, 81)
(80, 81)
(81, 81)
(82, 81)
(83, 81)
(84, 81)
(85, 81)
(1, 82)
(2, 82)
(3, 82)
(4, 82)
(5, 82)
(7, 82)
(8, 82)
(9, 82)
(34, 82)
(35, 82)
(36, 82)
(78, 82)
(79, 82)
(80, 82)
(81, 82)
(1, 83)
(2, 83)
(3, 83)
(4, 83)
(5, 83)
(7, 83)
(8, 83)
(9, 83)
(34, 83)
(35, 83)
(36, 83)
(78, 83)
(79, 83)
(80, 83)
(81, 83)
(7, 84)
(8, 84)
(9, 84)
(35, 87)
(36, 87)
(37, 87)
(38, 87)
(39, 87)
(35, 88)
(36, 88)
(37, 88)
(38, 88)
(39, 88)
(22, 89)
(23, 89)
(24, 89)
(25, 89)
(26, 89)
(35, 89)
(36, 89)
(37, 89)
(38, 89)
(39, 89)
(15, 90)
(16, 90)
(17, 90)
(18, 90)
(22, 90)
(23, 90)
(24, 90)
(25, 90)
(26, 90)
(35, 90)
(36, 90)
(37, 90)
(38, 90)
(39, 90)
(15, 91)
(16, 91)
(17, 91)
(18, 91)
(22, 91)
(23, 91)
(24, 91)
(25, 91)
(26, 91)
(50, 91)
(51, 91)
(52, 91)
(53, 91)
(54, 91)
(15, 92)
(16, 92)
(17, 92)
(18, 92)
(22, 92)
(23, 92)
(24, 92)
(25, 92)
(26, 92)
(50, 92)
(51, 92)
(52, 92)
(53, 92)
(54, 92)
(15, 93)
(16, 93)
(17, 93)
(18, 93)
(50, 93)
(51, 93)
(52, 93)
(53, 93)
(54, 93)
(7, 94)
(8, 94)
(9, 94)
(10, 94)
(11, 94)
(15, 94)
(16, 94)
(17, 94)
(18, 94)
(36, 94)
(37, 94)
(38, 94)
(39, 94)
(50, 94)
(51, 94)
(52, 94)
(53, 94)
(54, 94)
(88, 94)
(89, 94)
(90, 94)
(7, 95)
(8, 95)
(9, 95)
(10, 95)
(11, 95)
(36, 95)
(37, 95)
(38, 95)
(39, 95)
(88, 95)
(89, 95)
(90, 95)
(7, 96)
(8, 96)
(9, 96)
(10, 96)
(11, 96)
(36, 96)
(37, 96)
(38, 96)
(39, 96)
(88, 96)
(89, 96)
(90, 96)
(7, 97)
(8, 97)
(9, 97)
(10, 97)
(11, 97)
(36, 97)
(37, 97)
(38, 97)
(39, 97)
(88, 97)
(89, 97)
(90, 97)
(36, 98)
(37, 98)
(38, 98)
(39, 98)
-
(0, 4, 1.0, -1, 0.5)
(1, 3, 1.0, -1, 0.5)
(2, 2, 1.0, -1, 0.5)
(3, 3, 1.0, -1, 0.5)
(4, 5, 1.0, -1, 0.5)
(5, 4, 1.0, -1, 0.5)
(6, 1, 1.0, -1, 0.5)
(7, 2, 1.0, -1, 0.5)
(8, 5, 1.0, -1, 0.5)
(9, 1, 1.0, -1, 0.5)
-
(0, (15,83), (7,52))
(1, (16,78), (46,86))
(2, (21,54), (66,40))
(3, (48,66), (13,14))
(4, (74,84), (89,43))
(5, (37,16), (82,10))
(6, (18,12), (72,66))
(7, (77,35), (25,85))
(8, (20,69), (90,20))
(9, (20,80), (63,76))
