100
(24, 2)
(25, 2)
(26, 2)
(27, 2)
(59, 2)
(60, 2)
(61, 2)
(24, 3)
(25, 3)
(26, 3)
(27, 3)
(59, 3)
(60, 3)
(61, 3)
(84, 3)
(85, 3)
(86, 3)
(87, 3)
(88, 3)
(4, 4)
(5, 4)
(6, 4)
(7, 4)
(24, 4)
(25, 4)
(26, 4)
(27, 4)
(36, 4)
(37, 4)
(38, 4)
(59, 4)
(60, 4)
(61, 4)
(84, 4)
(85, 4)
(86, 4)
(87, 4)
(88, 4)
(4, 5)
(5, 5)
(6, 5)
(7, 5)
(10, 5)
(11, 5)
(12, 5)
(13, 5)
(14, 5)
(22, 5)
(23, 5)
(24, 5)
(25, 5)
(26, 5)
(36, 5)
(37, 5)
(38, 5)
(59, 5)
(60, 5)
(61, 5)
(84, 5)
(85, 5)
(86, 5)
(87, 5)
(88, 5)
(4, 6)
(5, 6)
(6, 6)
(7, 6)
(10, 6)
(11, 6)
(12, 6)
(13, 6)
(14, 6)
(22, 6)
(23, 6)
(24, 6)
(25, 6)
(26, 6)
(36, 6)
(37, 6)
(38, 6)
(59, 6)
(60, 6)
(61, 6)
(84, 6)
(85, 6)
(86, 6)
(87, 6)
(88, 6)
(4, 7)
(5, 7)
(6, 7)
(7, 7)
(10, 7)
(11, 7)
(12, 7)
(13, 7)
(14, 7)
(22, 7)
(23, 7)
(24, 7)
(25, 7)
(26, 7)
(36, 7)
(37, 7)
(38, 7)
(10, 8)
(11, 8)
(12, 8)
(13, 8)
(14, 8)
(36, 8)
(37, 8)
(38, 8)
(56, 8)
(57, 8)
(58, 8)
(59, 8)
(66, 8)
(67, 8)
(68, 8)
(69, 8)
(4, 9)
(5, 9)
(6, 9)
(7, 9)
(56, 9)
(57, 9)
(58, 9)
(59, 9)
(66, 9)
(67, 9)
(68, 9)
(69, 9)
(4, 10)
(5, 10)
(6, 10)
(7, 10)
(56, 10)
(57, 10)
(58, 10)
(59, 10)
(66, 10)
(67, 10)
(68, 10)
(69, 10)
(89, 10)
(90, 10)
(91, 10)
(4, 11)
(5, 11)
(6, 11)
(7, 11)
(58, 11)
(59, 11)
(60, 11)
(66, 11)
(67, 11)
(68, 11)
(69, 11)
(89, 11)
(90, 11)
(91, 11)
(95, 11)
(96, 11)
(97, 11)
(98, 11)
(4, 12)
(5, 12)
(6, 12)
(7, 12)
(58, 12)
(59, 12)
(60, 12)
(89, 12)
(90, 12)
(91, 12)
(95, 12)
(96, 12)
(97, 12)
(98, 12)
(2, 13)
(3, 13)
(4, 13)
(17, 13)
(18, 13)
(19, 13)
(20, 13)
(21, 13)
(58, 13)
(59, 13)
(60, 13)
(80, 13)
(81, 13)
(82, 13)
(83, 13)
(84, 13)
(86, 13)
(87, 13)
(88, 13)
(89, 13)
(90, 13)
(91, 13)
(95, 13)
(96, 13)
(97, 13)
(98, 13)
(2, 14)
(3, 14)
(4, 14)
(17, 14)
(18, 14)
(19, 14)
(20, 14)
(21, 14)
(58, 14)
(59, 14)
(60, 14)
(80, 14)
(81, 14)
(82, 14)
(83, 14)
(84, 14)
(86, 14)
(87, 14)
(88, 14)
(95, 14)
(96, 14)
(97, 14)
(98, 14)
(2, 15)
(3, 15)
(4, 15)
(8, 15)
(9, 15)
(10, 15)
(17, 15)
(18, 15)
(19, 15)
(20, 15)
(21, 15)
(31, 15)
(32, 15)
(33, 15)
(80, 15)
(81, 15)
(82, 15)
(83, 15)
(84, 15)
(86, 15)
(87, 15)
(88, 15)
(95, 15)
(96, 15)
(97, 15)
(98, 15)
(8, 16)
(9, 16)
(10, 16)
(31, 16)
(32, 16)
(33, 16)
(80, 16)
(81, 16)
(82, 16)
(83, 16)
(84, 16)
(86, 16)
(87, 16)
(88, 16)
(8, 17)
(9, 17)
(10, 17)
(31, 17)
(32, 17)
(33, 17)
(69, 17)
(70, 17)
(71, 17)
(72, 17)
(80, 17)
(81, 17)
(82, 17)
(83, 17)
(84, 17)
(8, 18)
(9, 18)
(10, 18)
(31, 18)
(32, 18)
(33, 18)
(48, 18)
(49, 18)
(50, 18)
(51, 18)
(69, 18)
(70, 18)
(71, 18)
(72, 18)
(76, 18)
(77, 18)
(78, 18)
(79, 18)
(80, 18)
(8, 19)
(9, 19)
(10, 19)
(21, 19)
(22, 19)
(23, 19)
(24, 19)
(25, 19)
(31, 19)
(32, 19)
(33, 19)
(48, 19)
(49, 19)
(50, 19)
(51, 19)
(69, 19)
(70, 19)
(71, 19)
(72, 19)
(76, 19)
(77, 19)
(78, 19)
(79, 19)
(80, 19)
(21, 20)
(22, 20)
(23, 20)
(24, 20)
(25, 20)
(48, 20)
(49, 20)
(50, 20)
(51, 20)
(76, 20)
(77, 20)
(78, 20)
(79, 20)
(80, 20)
(21, 21)
(22, 21)
(23, 21)
(24, 21)
(25, 21)
(48, 21)
(49, 21)
(50, 21)
(51, 21)
(76, 21)
(77, 21)
(78, 21)
(79, 21)
(80, 21)
(48, 22)
(49, 22)
(50, 22)
(51, 22)
(28, 23)
(29, 23)
(30, 23)
(31, 23)
(32, 23)
(28, 24)
(29, 24)
(30, 24)
(31, 24)
(32, 24)
(65, 24)
(66, 24)
(67, 24)
(28, 25)
(29, 25)
(30, 25)
(31, 25)
(32, 25)
(65, 25)
(66, 25)
(67, 25)
(28, 26)
(29, 26)
(30, 26)
(31, 26)
(32, 26)
(65, 26)
(66, 26)
(67, 26)
(80, 26)
(81, 26)
(82, 26)
(83, 26)
(84, 26)
(28, 27)
(29, 27)
(30, 27)
(31, 27)
(32, 27)
(65, 27)
(66, 27)
(67, 27)
(80, 27)
(81, 27)
(82, 27)
(83, 27)
(84, 27)
(87, 27)
(88, 27)
(89, 27)
(90, 27)
(65, 28)
(66, 28)
(67, 28)
(80, 28)
(81, 28)
(82, 28)
(83, 28)
(84, 28)
(87, 28)
(88, 28)
(89, 28)
(90, 28)
(87, 29)
(88, 29)
(89, 29)
(90, 29)
(87, 30)
(88, 30)
(89, 30)
(90, 30)
(91, 30)
(92, 30)
(93, 30)
(25, 31)
(26, 31)
(27, 31)
(28, 31)
(29, 31)
(64, 31)
(65, 31)
(66, 31)
(67, 31)
(68, 31)
(86, 31)
(87, 31)
(88, 31)
(89, 31)
(90, 31)
(91, 31)
(92, 31)
(93, 31)
(8, 32)
(9, 32)
(10, 32)
(25, 32)
(26, 32)
(27, 32)
(28, 32)
(29, 32)
(64, 32)
(65, 32)
(66, 32)
(67, 32)
(68, 32)
(86, 32)
(87, 32)
(88, 32)
(89, 32)
(90, 32)
(91, 32)
(92, 32)
(93, 32)
(8, 33)
(9, 33)
(10, 33)
(25, 33)
(26, 33)
(27, 33)
(28, 33)
(29, 33)
(35, 33)
(36, 33)
(37, 33)
(38, 33)
(64, 33)
(65, 33)
(66, 33)
(67, 33)
(68, 33)
(69, 33)
(70, 33)
(71, 33)
(86, 33)
(87, 33)
(88, 33)
(89, 33)
(90, 33)
(8, 34)
(9, 34)
(10, 34)
(35, 34)
(36, 34)
(37, 34)
(38, 34)
(64, 34)
(65, 34)
(66, 34)
(67, 34)
(68, 34)
(69, 34)
(70, 34)
(71, 34)
(86, 34)
(87, 34)
(88, 34)
(89, 34)
(90, 34)
(35, 35)
(36, 35)
(37, 35)
(38, 35)
(49, 35)
(50, 35)
(51, 35)
(64, 35)
(65, 35)
(66, 35)
(67, 35)
(68, 35)
(69, 35)
(70, 35)
(71, 35)
(86, 35)
(87, 35)
(88, 35)
(89, 35)
(90, 35)
(49, 36)
(50, 36)
(51, 36)
(49, 37)
(50, 37)
(51, 37)
(49, 38)
(50, 38)
(51, 38)
(71, 38)
(72, 38)
(73, 38)
(74, 38)
(49, 39)
(50, 39)
(51, 39)
(71, 39)
(72, 39)
(73, 39)
(74, 39)
(71, 40)
(72, 40)
(73, 40)
(74, 40)
(75, 40)
(76, 40)
(77, 40)
(10, 41)
(11, 41)
(12, 41)
(71, 41)
(72, 41)
(73, 41)
(74, 41)
(75, 41)
(76, 41)
(77, 41)
(10, 42)
(11, 42)
(12, 42)
(20, 42)
(21, 42)
(22, 42)
(23, 42)
(71, 42)
(72, 42)
(73, 42)
(74, 42)
(75, 42)
(76, 42)
(77, 42)
(10, 43)
(11, 43)
(12, 43)
(20, 43)
(21, 43)
(22, 43)
(23, 43)
(37, 43)
(38, 43)
(39, 43)
(40, 43)
(41, 43)
(45, 43)
(46, 43)
(47, 43)
(48, 43)
(55, 43)
(56, 43)
(57, 43)
(58, 43)
(59, 43)
(87, 43)
(88, 43)
(89, 43)
(10, 44)
(11, 44)
(12, 44)
(20, 44)
(21, 44)
(22, 44)
(23, 44)
(37, 44)
(38, 44)
(39, 44)
(40, 44)
(41, 44)
(45, 44)
(46, 44)
(47, 44)
(48, 44)
(55, 44)
(56, 44)
(57, 44)
(58, 44)
(59, 44)
(87, 44)
(88, 44)
(89, 44)
(20, 45)
(21, 45)
(22, 45)
(23, 45)
(37, 45)
(38, 45)
(39, 45)
(40, 45)
(41, 45)
(45, 45)
(46, 45)
(47, 45)
(48, 45)
(55, 45)
(56, 45)
(57, 45)
(58, 45)
(59, 45)
(87, 45)
(88, 45)
(89, 45)
(37, 46)
(38, 46)
(39, 46)
(40, 46)
(41, 46)
(45, 46)
(46, 46)
(47, 46)
(48, 46)
(51, 46)
(52, 46)
(53, 46)
(55, 46)
(56, 46)
(57, 46)
(58, 46)
(59, 46)
(79, 46)
(80, 46)
(81, 46)
(82, 46)
(87, 46)
(88, 46)
(89, 46)
(10, 47)
(11, 47)
(12, 47)
(37, 47)
(38, 47)
(39, 47)
(40, 47)
(41, 47)
(44, 47)
(45, 47)
(46, 47)
(51, 47)
(52, 47)
(53, 47)
(79, 47)
(80, 47)
(81, 47)
(82, 47)
(87, 47)
(88, 47)
(89, 47)
(10, 48)
(11, 48)
(12, 48)
(24, 48)
(25, 48)
(26, 48)
(44, 48)
(45, 48)
(46, 48)
(51, 48)
(52, 48)
(53, 48)
(79, 48)
(80, 48)
(81, 48)
(82, 48)
(10, 49)
(11, 49)
(12, 49)
(17, 49)
(18, 49)
(19, 49)
(20, 49)
(21, 49)
(24, 49)
(25, 49)
(26, 49)
(44, 49)
(45, 49)
(46, 49)
(51, 49)
(52, 49)
(53, 49)
(58, 49)
(59, 49)
(60, 49)
(61, 49)
(62, 49)
(71, 49)
(72, 49)
(73, 49)
(79, 49)
(80, 49)
(81, 49)
(82, 49)
(10, 50)
(11, 50)
(12, 50)
(17, 50)
(18, 50)
(19, 50)
(20, 50)
(21, 50)
(24, 50)
(25, 50)
(26, 50)
(27, 50)
(28, 50)
(29, 50)
(30, 50)
(31, 50)
(51, 50)
(52, 50)
(53, 50)
(58, 50)
(59, 50)
(60, 50)
(61, 50)
(62, 50)
(71, 50)
(72, 50)
(73, 50)
(79, 50)
(80, 50)
(81, 50)
(82, 50)
(10, 51)
(11, 51)
(12, 51)
(17, 51)
(18, 51)
(19, 51)
(20, 51)
(21, 51)
(27, 51)
(28, 51)
(29, 51)
(30, 51)
(31, 51)
(58, 51)
(59, 51)
(60, 51)
(61, 51)
(62, 51)
(71, 51)
(72, 51)
(73, 51)
(17, 52)
(18, 52)
(19, 52)
(20, 52)
(21, 52)
(27, 52)
(28, 52)
(29, 52)
(30, 52)
(31, 52)
(45, 52)
(46, 52)
(47, 52)
(48, 52)
(49, 52)
(58, 52)
(59, 52)
(60, 52)
(61, 52)
(62, 52)
(45, 53)
(46, 53)
(47, 53)
(48, 53)
(49, 53)
(58, 53)
(59, 53)
(60, 53)
(61, 53)
(62, 53)
(45, 54)
(46, 54)
(47, 54)
(48, 54)
(49, 54)
(78, 54)
(79, 54)
(80, 54)
(81, 54)
(82, 54)
(45, 55)
(46, 55)
(47, 55)
(48, 55)
(49, 55)
(78, 55)
(79, 55)
(80, 55)
(81, 55)
(82, 55)
(54, 56)
(55, 56)
(56, 56)
(78, 56)
(79, 56)
(80, 56)
(81, 56)
(82, 56)
(54, 57)
(55, 57)
(56, 57)
(57, 57)
(58, 57)
(59, 57)
(60, 57)
(78, 57)
(79, 57)
(80, 57)
(81, 57)
(82, 57)
(54, 58)
(55, 58)
(56, 58)
(57, 58)
(58, 58)
(59, 58)
(60, 58)
(78, 58)
(79, 58)
(80, 58)
(81, 58)
(82, 58)
(54, 59)
(55, 59)
(56, 59)
(57, 59)
(58, 59)
(59, 59)
(60, 59)
(46, 60)
(47, 60)
(48, 60)
(49, 60)
(50, 60)
(54, 60)
(55, 60)
(56, 60)
(57, 60)
(58, 60)
(59, 60)
(60, 60)
(19, 61)
(20, 61)
(21, 61)
(22, 61)
(23, 61)
(46, 61)
(47, 61)
(48, 61)
(49, 61)
(50, 61)
(19, 62)
(20, 62)
(21, 62)
(22, 62)
(23, 62)
(46, 62)
(47, 62)
(48, 62)
(49, 62)
(50, 62)
(63, 62)
(64, 62)
(65, 62)
(66, 62)
(19, 63)
(20, 63)
(21, 63)
(22, 63)
(23, 63)
(37, 63)
(38, 63)
(39, 63)
(57, 63)
(58, 63)
(59, 63)
(60, 63)
(61, 63)
(63, 63)
(64, 63)
(65, 63)
(66, 63)
(19, 64)
(20, 64)
(21, 64)
(22, 64)
(23, 64)
(37, 64)
(38, 64)
(39, 64)
(57, 64)
(58, 64)
(59, 64)
(60, 64)
(61, 64)
(63, 64)
(64, 64)
(65, 64)
(66, 64)
(25, 65)
(26, 65)
(27, 65)
(28, 65)
(29, 65)
(37, 65)
(38, 65)
(39, 65)
(57, 65)
(58, 65)
(59, 65)
(60, 65)
(61, 65)
(25, 66)
(26, 66)
(27, 66)
(28, 66)
(29, 66)
(37, 66)
(38, 66)
(39, 66)
(57, 66)
(58, 66)
(59, 66)
(60, 66)
(61, 66)
(22, 67)
(23, 67)
(24, 67)
(25, 67)
(26, 67)
(27, 67)
(28, 67)
(29, 67)
(35, 67)
(36, 67)
(37, 67)
(38, 67)
(56, 67)
(57, 67)
(58, 67)
(95, 67)
(96, 67)
(97, 67)
(10, 68)
(11, 68)
(12, 68)
(13, 68)
(22, 68)
(23, 68)
(24, 68)
(25, 68)
(26, 68)
(27, 68)
(28, 68)
(29, 68)
(35, 68)
(36, 68)
(37, 68)
(38, 68)
(56, 68)
(57, 68)
(58, 68)
(62, 68)
(63, 68)
(64, 68)
(65, 68)
(78, 68)
(79, 68)
(80, 68)
(81, 68)
(95, 68)
(96, 68)
(97, 68)
(10, 69)
(11, 69)
(12, 69)
(13, 69)
(17, 69)
(18, 69)
(19, 69)
(22, 69)
(23, 69)
(24, 69)
(25, 69)
(26, 69)
(27, 69)
(28, 69)
(29, 69)
(35, 69)
(36, 69)
(37, 69)
(38, 69)
(56, 69)
(57, 69)
(58, 69)
(62, 69)
(63, 69)
(64, 69)
(65, 69)
(78, 69)
(79, 69)
(80, 69)
(81, 69)
(95, 69)
(96, 69)
(97, 69)
(10, 70)
(11, 70)
(12, 70)
(13, 70)
(17, 70)
(18, 70)
(19, 70)
(22, 70)
(23, 70)
(24, 70)
(56, 70)
(57, 70)
(58, 70)
(62, 70)
(63, 70)
(64, 70)
(65, 70)
(78, 70)
(79, 70)
(80, 70)
(81, 70)
(17, 71)
(18, 71)
(19, 71)
(22, 71)
(23, 71)
(24, 71)
(62, 71)
(63, 71)
(64, 71)
(65, 71)
(17, 72)
(18, 72)
(19, 72)
(44, 72)
(45, 72)
(46, 72)
(47, 72)
(62, 72)
(63, 72)
(64, 72)
(65, 72)
(67, 72)
(68, 72)
(69, 72)
(1, 73)
(2, 73)
(3, 73)
(17, 73)
(18, 73)
(19, 73)
(44, 73)
(45, 73)
(46, 73)
(47, 73)
(67, 73)
(68, 73)
(69, 73)
(1, 74)
(2, 74)
(3, 74)
(44, 74)
(45, 74)
(46, 74)
(47, 74)
(67, 74)
(68, 74)
(69, 74)
(1, 75)
(2, 75)
(3, 75)
(44, 75)
(45, 75)
(46, 75)
(47, 75)
(60, 75)
(61, 75)
(62, 75)
(63, 75)
(1, 76)
(2, 76)
(3, 76)
(60, 76)
(61, 76)
(62, 76)
(63, 76)
(88, 76)
(89, 76)
(90, 76)
(91, 76)
(1, 77)
(2, 77)
(3, 77)
(60, 77)
(61, 77)
(62, 77)
(63, 77)
(88, 77)
(89, 77)
(90, 77)
(91, 77)
(30, 78)
(31, 78)
(32, 78)
(33, 78)
(60, 78)
(61, 78)
(62, 78)
(63, 78)
(88, 78)
(89, 78)
(90, 78)
(91, 78)
(25, 79)
(26, 79)
(27, 79)
(30, 79)
(31, 79)
(32, 79)
(33, 79)
(88, 79)
(89, 79)
(90, 79)
(91, 79)
(25, 80)
(26, 80)
(27, 80)
(30, 80)
(31, 80)
(32, 80)
(33, 80)
(36, 80)
(37, 80)
(38, 80)
(39, 80)
(65, 80)
(66, 80)
(67, 80)
(68, 80)
(25, 81)
(26, 81)
(27, 81)
(30, 81)
(31, 81)
(32, 81)
(33, 81)
(36, 81)
(37, 81)
(38, 81)
(39, 81)
(65, 81)
(66, 81)
(67, 81)
(68, 81)
(14, 82)
(15, 82)
(16, 82)
(17, 82)
(25, 82)
(26, 82)
(27, 82)
(36, 82)
(37, 82)
(38, 82)
(39, 82)
(65, 82)
(66, 82)
(67, 82)
(68, 82)
(14, 83)
(15, 83)
(16, 83)
(17, 83)
(65, 83)
(66, 83)
(67, 83)
(68, 83)
(14, 84)
(15, 84)
(16, 84)
(17, 84)
(88, 84)
(89, 84)
(90, 84)
(91, 84)
(92, 84)
(58, 85)
(59, 85)
(60, 85)
(71, 85)
(72, 85)
(73, 85)
(74, 85)
(75, 85)
(88, 85)
(89, 85)
(90, 85)
(91, 85)
(92, 85)
(39, 86)
(40, 86)
(41, 86)
(42, 86)
(43, 86)
(58, 86)
(59, 86)
(60, 86)
(71, 86)
(72, 86)
(73, 86)
(74, 86)
(75, 86)
(88, 86)
(89, 86)
(90, 86)
(91, 86)
(92, 86)
(39, 87)
(40, 87)
(41, 87)
(42, 87)
(43, 87)
(58, 87)
(59, 87)
(60, 87)
(71, 87)
(72, 87)
(73, 87)
(74, 87)
(75, 87)
(88, 87)
(89, 87)
(90, 87)
(91, 87)
(92, 87)
(27, 88)
(28, 88)
(29, 88)
(30, 88)
(31, 88)
(39, 88)
(40, 88)
(41, 88)
(42, 88)
(43, 88)
(59, 88)
(60, 88)
(61, 88)
(65, 88)
(66, 88)
(67, 88)
(68, 88)
(69, 88)
(71, 88)
(72, 88)
(73, 88)
(74, 88)
(75, 88)
(88, 88)
(89, 88)
(90, 88)
(91, 88)
(92, 88)
(27, 89)
(28, 89)
(29, 89)
(30, 89)
(31, 89)
(53, 89)
(54, 89)
(55, 89)
(56, 89)
(57, 89)
(59, 89)
(60, 89)
(61, 89)
(65, 89)
(66, 89)
(67, 89)
(68, 89)
(69, 89)
(27, 90)
(28, 90)
(29, 90)
(30, 90)
(31, 90)
(53, 90)
(54, 90)
(55, 90)
(56, 90)
(57, 90)
(59, 90)
(60, 90)
(61, 90)
(65, 90)
(66, 90)
(67, 90)
(68, 90)
(69, 90)
(39, 91)
(40, 91)
(41, 91)
(53, 91)
(54, 91)
(55, 91)
(56, 91)
(57, 91)
(65, 91)
(66, 91)
(67, 91)
(68, 91)
(69, 91)
(39, 92)
(40, 92)
(41, 92)
(53, 92)
(54, 92)
(55, 92)
(56, 92)
(57, 92)
(65, 92)
(66, 92)
(67, 92)
(68, 92)
(69, 92)
(80, 92)
(81, 92)
(82, 92)
(83, 92)
(39, 93)
(40, 93)
(41, 93)
(42, 93)
(43, 93)
(44, 93)
(53, 93)
(54, 93)
(55, 93)
(56, 93)
(57, 93)
(80, 93)
(81, 93)
(82, 93)
(83, 93)
(91, 93)
(92, 93)
(93, 93)
(94, 93)
(39, 94)
(40, 94)
(41, 94)
(42, 94)
(43, 94)
(44, 94)
(80, 94)
(81, 94)
(82, 94)
(83, 94)
(91, 94)
(92, 94)
(93, 94)
(94, 94)
(42, 95)
(43, 95)
(44, 95)
(70, 95)
(71, 95)
(72, 95)
(91, 95)
(92, 95)
(93, 95)
(94, 95)
(42, 96)
(43, 96)
(44, 96)
(45, 96)
(46, 96)
(47, 96)
(48, 96)
(51, 96)
(52, 96)
(53, 96)
(70, 96)
(71, 96)
(72, 96)
(42, 97)
(43, 97)
(44, 97)
(45, 97)
(46, 97)
(47, 97)
(48, 97)
(51, 97)
(52, 97)
(53, 97)
(70, 97)
(71, 97)
(72, 97)
(45, 98)
(46, 98)
(47, 98)
(48, 98)
(51, 98)
(52, 98)
(53, 98)
(70, 98)
(71, 98)
(72, 98)
-
(0, 1, 1.0, -1, 0.5)
(1, 2, 1.0, -1, 0.5)
(2, 3, 1.0, -1, 0.5)
(3, 5, 1.0, -1, 0.5)
(4, 4, 1.0, -1, 0.5)
(5, 2, 1.0, -1, 0.5)
(6, 4, 1.0, -1, 0.5)
(7, 1, 1.0, -1, 0.5)
(8, 3, 1.0, -1, 0.5)
(9, 5, 1.0, -1, 0.5)
-
(0, (84,61), (17,77))
(1, (45,37), (80,63))
(2, (6,54), (86,93))
(3, (28,93), (94,23))
(4, (42,12), (27,57))
(5, (52,77), (30,4))
(6, (49,72), (17,87))
(7, (18,43), (43,19))
(8, (48,2), (10,1))
(9, (71,28), (47,7))
