100
(24, 2)
(25, 2)
(26, 2)
(27, 2)
(59, 2)
(60, 2)
(61, 2)
(24, 3)
(25, 3)
(26, 3)
(27, 3)
(59, 3)
(60, 3)
(61, 3)
(4, 4)
(5, 4)
(6, 4)
(7, 4)
(24, 4)
(25, 4)
(26, 4)
(27, 4)
(59, 4)
(60, 4)
(61, 4)
(4, 5)
(5, 5)
(6, 5)
(7, 5)
(10, 5)
(11, 5)
(12, 5)
(13, 5)
(14, 5)
(22, 5)
(23, 5)
(24, 5)
(25, 5)
(26, 5)
(59, 5)
(60, 5)
(61, 5)
(4, 6)
(5, 6)
(6, 6)
(7, 6)
(10, 6)
(11, 6)
(12, 6)
(13, 6)
(14, 6)
(22, 6)
(23, 6)
(24, 6)
(25, 6)
(26, 6)
(59, 6)
(60, 6)
(61, 6)
(4, 7)
(5, 7)
(6, 7)
(7, 7)
(10, 7)
(11, 7)
(12, 7)
(13, 7)
(14, 7)
(22, 7)
(23, 7)
(24, 7)
(25, 7)
(26, 7)
(10, 8)
(11, 8)
(12, 8)
(13, 8)
(14, 8)
(66, 8)
(67, 8)
(68, 8)
(69, 8)
(66, 9)
(67, 9)
(68, 9)
(69, 9)
(66, 10)
(67, 10)
(68, 10)
(69, 10)
(89, 10)
(90, 10)
(91, 10)
(58, 11)
(59, 11)
(60, 11)
(66, 11)
(67, 11)
(68, 11)
(69, 11)
(89, 11)
(90, 11)
(91, 11)
(95, 11)
(96, 11)
(97, 11)
(98, 11)
(58, 12)
(59, 12)
(60, 12)
(89, 12)
(90, 12)
(91, 12)
(95, 12)
(96, 12)
(97, 12)
(98, 12)
(17, 13)
(18, 13)
(19, 13)
(20, 13)
(21, 13)
(58, 13)
(59, 13)
(60, 13)
(86, 13)
(87, 13)
(88, 13)
(89, 13)
(90, 13)
(91, 13)
(95, 13)
(96, 13)
(97, 13)
(98, 13)
(17, 14)
(18, 14)
(19, 14)
(20, 14)
(21, 14)
(58, 14)
(59, 14)
(60, 14)
(86, 14)
(87, 14)
(88, 14)
(95, 14)
(96, 14)
(97, 14)
(98, 14)
(8, 15)
(9, 15)
(10, 15)
(17, 15)
(18, 15)
(19, 15)
(20, 15)
(21, 15)
(31, 15)
(32, 15)
(33, 15)
(86, 15)
(87, 15)
(88, 15)
(95, 15)
(96, 15)
(97, 15)
(98, 15)
(8, 16)
(9, 16)
(10, 16)
(31, 16)
(32, 16)
(33, 16)
(86, 16)
(87, 16)
(88, 16)
(8, 17)
(9, 17)
(10, 17)
(31, 17)
(32, 17)
(33, 17)
(69, 17)
(70, 17)
(71, 17)
(72, 17)
(8, 18)
(9, 18)
(10, 18)
(31, 18)
(32, 18)
(33, 18)
(48, 18)
(49, 18)
(50, 18)
(51, 18)
(69, 18)
(70, 18)
(71, 18)
(72, 18)
(76, 18)
(77, 18)
(78, 18)
(79, 18)
(80, 18)
(8, 19)
(9, 19)
(10, 19)
(31, 19)
(32, 19)
(33, 19)
(48, 19)
(49, 19)
(50, 19)
(51, 19)
(69, 19)
(70, 19)
(71, 19)
(72, 19)
(76, 19)
(77, 19)
(78, 19)
(79, 19)
(80, 19)
(48, 20)
(49, 20)
(50, 20)
(51, 20)
(76, 20)
(77, 20)
(78, 20)
(79, 20)
(80, 20)
(48, 21)
(49, 21)
(50, 21)
(51, 21)
(76, 21)
(77, 21)
(78, 21)
(79, 21)
(80, 21)
(48, 22)
(49, 22)
(50, 22)
(51, 22)
(80, 26)
(81, 26)
(82, 26)
(83, 26)
(84, 26)
(80, 27)
(81, 27)
(82, 27)
(83, 27)
(84, 27)
(80, 28)
(81, 28)
(82, 28)
(83, 28)
(84, 28)
(91, 30)
(92, 30)
(93, 30)
(25, 31)
(26, 31)
(27, 31)
(28, 31)
(29, 31)
(64, 31)
(65, 31)
(66, 31)
(67, 31)
(68, 31)
(86, 31)
(87, 31)
(88, 31)
(89, 31)
(90, 31)
(91, 31)
(92, 31)
(93, 31)
(25, 32)
(26, 32)
(27, 32)
(28, 32)
(29, 32)
(64, 32)
(65, 32)
(66, 32)
(67, 32)
(68, 32)
(86, 32)
(87, 32)
(88, 32)
(89, 32)
(90, 32)
(91, 32)
(92, 32)
(93, 32)
(25, 33)
(26, 33)
(27, 33)
(28, 33)
(29, 33)
(64, 33)
(65, 33)
(66, 33)
(67, 33)
(68, 33)
(86, 33)
(87, 33)
(88, 33)
(89, 33)
(90, 33)
(64, 34)
(65, 34)
(66, 34)
(67, 34)
(68, 34)
(86, 34)
(87, 34)
(88, 34)
(89, 34)
(90, 34)
(49, 35)
(50, 35)
(51, 35)
(64, 35)
(65, 35)
(66, 35)
(67, 35)
(68, 35)
(86, 35)
(87, 35)
(88, 35)
(89, 35)
(90, 35)
(49, 36)
(50, 36)
(51, 36)
(49, 37)
(50, 37)
(51, 37)
(49, 38)
(50, 38)
(51, 38)
(71, 38)
(72, 38)
(73, 38)
(74, 38)
(49, 39)
(50, 39)
(51, 39)
(71, 39)
(72, 39)
(73, 39)
(74, 39)
(71, 40)
(72, 40)
(73, 40)
(74, 40)
(75, 40)
(76, 40)
(77, 40)
(10, 41)
(11, 41)
(12, 41)
(71, 41)
(72, 41)
(73, 41)
(74, 41)
(75, 41)
(76, 41)
(77, 41)
(10, 42)
(11, 42)
(12, 42)
(71, 42)
(72, 42)
(73, 42)
(74, 42)
(75, 42)
(76, 42)
(77, 42)
(10, 43)
(11, 43)
(12, 43)
(37, 43)
(38, 43)
(39, 43)
(40, 43)
(41, 43)
(55, 43)
(56, 43)
(57, 43)
(58, 43)
(59, 43)
(10, 44)
(11, 44)
(12, 44)
(37, 44)
(38, 44)
(39, 44)
(40, 44)
(41, 44)
(55, 44)
(56, 44)
(57, 44)
(58, 44)
(59, 44)
(37, 45)
(38, 45)
(39, 45)
(40, 45)
(41, 45)
(55, 45)
(56, 45)
(57, 45)
(58, 45)
(59, 45)
(37, 46)
(38, 46)
(39, 46)
(40, 46)
(41, 46)
(55, 46)
(56, 46)
(57, 46)
(58, 46)
(59, 46)
(79, 46)
(80, 46)
(81, 46)
(82, 46)
(10, 47)
(11, 47)
(12, 47)
(37, 47)
(38, 47)
(39, 47)
(40, 47)
(41, 47)
(44, 47)
(45, 47)
(46, 47)
(79, 47)
(80, 47)
(81, 47)
(82, 47)
(10, 48)
(11, 48)
(12, 48)
(24, 48)
(25, 48)
(26, 48)
(44, 48)
(45, 48)
(46, 48)
(79, 48)
(80, 48)
(81, 48)
(82, 48)
(10, 49)
(11, 49)
(12, 49)
(17, 49)
(18, 49)
(19, 49)
(20, 49)
(21, 49)
(24, 49)
(25, 49)
(26, 49)
(44, 49)
(45, 49)
(46, 49)
(71, 49)
(72, 49)
(73, 49)
(79, 49)
(80, 49)
(81, 49)
(82, 49)
(10, 50)
(11, 50)
(12, 50)
(17, 50)
(18, 50)
(19, 50)
(20, 50)
(21, 50)
(24, 50)
(25, 50)
(26, 50)
(27, 50)
(28, 50)
(29, 50)
(30, 50)
(31, 50)
(71, 50)
(72, 50)
(73, 50)
(79, 50)
(80, 50)
(81, 50)
(82, 50)
(10, 51)
(11, 51)
(12, 51)
(17, 51)
(18, 51)
(19, 51)
(20, 51)
(21, 51)
(27, 51)
(28, 51)
(29, 51)
(30, 51)
(31, 51)
(71, 51)
(72, 51)
(73, 51)
(17, 52)
(18, 52)
(19, 52)
(20, 52)
(21, 52)
(27, 52)
(28, 52)
(29, 52)
(30, 52)
(31, 52)
(45, 52)
(46, 52)
(47, 52)
(48, 52)
(49, 52)
(45, 53)
(46, 53)
(47, 53)
(48, 53)
(49, 53)
(45, 54)
(46, 54)
(47, 54)
(48, 54)
(49, 54)
(78, 54)
(79, 54)
(80, 54)
(81, 54)
(82, 54)
(45, 55)
(46, 55)
(47, 55)
(48, 55)
(49, 55)
(78, 55)
(79, 55)
(80, 55)
(81, 55)
(82, 55)
(78, 56)
(79, 56)
(80, 56)
(81, 56)
(82, 56)
(57, 57)
(58, 57)
(59, 57)
(60, 57)
(78, 57)
(79, 57)
(80, 57)
(81, 57)
(82, 57)
(57, 58)
(58, 58)
(59, 58)
(60, 58)
(78, 58)
(79, 58)
(80, 58)
(81, 58)
(82, 58)
(57, 59)
(58, 59)
(59, 59)
(60, 59)
(57, 60)
(58, 60)
(59, 60)
(60, 60)
(57, 63)
(58, 63)
(59, 63)
(60, 63)
(61, 63)
(57, 64)
(58, 64)
(59, 64)
(60, 64)
(61, 64)
(25, 65)
(26, 65)
(27, 65)
(28, 65)
(29, 65)
(57, 65)
(58, 65)
(59, 65)
(60, 65)
(61, 65)
(25, 66)
(26, 66)
(27, 66)
(28, 66)
(29, 66)
(57, 66)
(58, 66)
(59, 66)
(60, 66)
(61, 66)
(22, 67)
(23, 67)
(24, 67)
(25, 67)
(26, 67)
(27, 67)
(28, 67)
(29, 67)
(95, 67)
(96, 67)
(97, 67)
(22, 68)
(23, 68)
(24, 68)
(25, 68)
(26, 68)
(27, 68)
(28, 68)
(29, 68)
(95, 68)
(96, 68)
(97, 68)
(22, 69)
(23, 69)
(24, 69)
(25, 69)
(26, 69)
(27, 69)
(28, 69)
(29, 69)
(95, 69)
(96, 69)
(97, 69)
(22, 70)
(23, 70)
(24, 70)
(22, 71)
(23, 71)
(24, 71)
(44, 72)
(45, 72)
(46, 72)
(47, 72)
(67, 72)
(68, 72)
(69, 72)
(44, 73)
(45, 73)
(46, 73)
(47, 73)
(67, 73)
(68, 73)
(69, 73)
(44, 74)
(45, 74)
(46, 74)
(47, 74)
(67, 74)
(68, 74)
(69, 74)
(44, 75)
(45, 75)
(46, 75)
(47, 75)
(60, 75)
(61, 75)
(62, 75)
(63, 75)
(60, 76)
(61, 76)
(62, 76)
(63, 76)
(88, 76)
(89, 76)
(90, 76)
(91, 76)
(60, 77)
(61, 77)
(62, 77)
(63, 77)
(88, 77)
(89, 77)
(90, 77)
(91, 77)
(30, 78)
(31, 78)
(32, 78)
(33, 78)
(60, 78)
(61, 78)
(62, 78)
(63, 78)
(88, 78)
(89, 78)
(90, 78)
(91, 78)
(25, 79)
(26, 79)
(27, 79)
(30, 79)
(31, 79)
(32, 79)
(33, 79)
(88, 79)
(89, 79)
(90, 79)
(91, 79)
(25, 80)
(26, 80)
(27, 80)
(30, 80)
(31, 80)
(32, 80)
(33, 80)
(65, 80)
(66, 80)
(67, 80)
(68, 80)
(25, 81)
(26, 81)
(27, 81)
(30, 81)
(31, 81)
(32, 81)
(33, 81)
(65, 81)
(66, 81)
(67, 81)
(68, 81)
(14, 82)
(15, 82)
(16, 82)
(17, 82)
(25, 82)
(26, 82)
(27, 82)
(65, 82)
(66, 82)
(67, 82)
(68, 82)
(14, 83)
(15, 83)
(16, 83)
(17, 83)
(65, 83)
(66, 83)
(67, 83)
(68, 83)
(14, 84)
(15, 84)
(16, 84)
(17, 84)
(88, 84)
(89, 84)
(90, 84)
(91, 84)
(92, 84)
(58, 85)
(59, 85)
(60, 85)
(71, 85)
(72, 85)
(73, 85)
(74, 85)
(75, 85)
(88, 85)
(89, 85)
(90, 85)
(91, 85)
(92, 85)
(39, 86)
(40, 86)
(41, 86)
(42, 86)
(43, 86)
(58, 86)
(59, 86)
(60, 86)
(71, 86)
(72, 86)
(73, 86)
(74, 86)
(75, 86)
(88, 86)
(89, 86)
(90, 86)
(91, 86)
(92, 86)
(39, 87)
(40, 87)
(41, 87)
(42, 87)
(43, 87)
(58, 87)
(59, 87)
(60, 87)
(71, 87)
(72, 87)
(73, 87)
(74, 87)
(75, 87)
(88, 87)
(89, 87)
(90, 87)
(91, 87)
(92, 87)
(27, 88)
(28, 88)
(29, 88)
(30, 88)
(31, 88)
(39, 88)
(40, 88)
(41, 88)
(42, 88)
(43, 88)
(65, 88)
(66, 88)
(67, 88)
(68, 88)
(69, 88)
(71, 88)
(72, 88)
(73, 88)
(74, 88)
(75, 88)
(88, 88)
(89, 88)
(90, 88)
(91, 88)
(92, 88)
(27, 89)
(28, 89)
(29, 89)
(30, 89)
(31, 89)
(53, 89)
(54, 89)
(55, 89)
(56, 89)
(57, 89)
(65, 89)
(66, 89)
(67, 89)
(68, 89)
(69, 89)
(27, 90)
(28, 90)
(29, 90)
(30, 90)
(31, 90)
(53, 90)
(54, 90)
(55, 90)
(56, 90)
(57, 90)
(65, 90)
(66, 90)
(67, 90)
(68, 90)
(69, 90)
(39, 91)
(40, 91)
(41, 91)
(53, 91)
(54, 91)
(55, 91)
(56, 91)
(57, 91)
(65, 91)
(66, 91)
(67, 91)
(68, 91)
(69, 91)
(39, 92)
(40, 92)
(41, 92)
(53, 92)
(54, 92)
(55, 92)
(56, 92)
(57, 92)
(65, 92)
(66, 92)
(67, 92)
(68, 92)
(69, 92)
(80, 92)
(81, 92)
(82, 92)
(83, 92)
(39, 93)
(40, 93)
(41, 93)
(42, 93)
(43, 93)
(44, 93)
(53, 93)
(54, 93)
(55, 93)
(56, 93)
(57, 93)
(80, 93)
(81, 93)
(82, 93)
(83, 93)
(91, 93)
(92, 93)
(93, 93)
(94, 93)
(39, 94)
(40, 94)
(41, 94)
(42, 94)
(43, 94)
(44, 94)
(80, 94)
(81, 94)
(82, 94)
(83, 94)
(91, 94)
(92, 94)
(93, 94)
(94, 94)
(42, 95)
(43, 95)
(44, 95)
(91, 95)
(92, 95)
(93, 95)
(94, 95)
(42, 96)
(43, 96)
(44, 96)
(42, 97)
(43, 97)
(44, 97)
-
(0, 1, 1.0, -1, 0.5)
(1, 2, 1.0, -1, 0.5)
(2, 3, 1.0, -1, 0.5)
(3, 5, 1.0, -1, 0.5)
(4, 4, 1.0, -1, 0.5)
(5, 2, 1.0, -1, 0.5)
(6, 4, 1.0, -1, 0.5)
(7, 1, 1.0, -1, 0.5)
(8, 3, 1.0, -1, 0.5)
(9, 5, 1.0, -1, 0.5)
-
(0, (84,61), (17,77))
(1, (45,37), (80,63))
(2, (6,54), (86,93))
(3, (28,93), (94,23))
(4, (42,12), (27,57))
(5, (52,77), (30,4))
(6, (49,72), (17,87))
(7, (18,43), (43,19))
(8, (48,2), (10,1))
(9, (71,28), (47,7))
