100
(17, 0)
(18, 0)
(19, 0)
(17, 1)
(18, 1)
(19, 1)
(26, 1)
(27, 1)
(28, 1)
(29, 1)
(0, 2)
(1, 2)
(2, 2)
(17, 2)
(18, 2)
(19, 2)
(26, 2)
(27, 2)
(28, 2)
(29, 2)
(41, 2)
(42, 2)
(43, 2)
(44, 2)
(45, 2)
(0, 3)
(1, 3)
(2, 3)
(17, 3)
(18, 3)
(19, 3)
(26, 3)
(27, 3)
(28, 3)
(29, 3)
(41, 3)
(42, 3)
(43, 3)
(44, 3)
(45, 3)
(0, 4)
(1, 4)
(2, 4)
(26, 4)
(27, 4)
(28, 4)
(29, 4)
(41, 4)
(42, 4)
(43, 4)
(44, 4)
(45, 4)
(0, 5)
(1, 5)
(2, 5)
(79, 5)
(80, 5)
(81, 5)
(82, 5)
(83, 5)
(0, 6)
(1, 6)
(2, 6)
(79, 6)
(80, 6)
(81, 6)
(82, 6)
(83, 6)
(95, 6)
(96, 6)
(97, 6)
(98, 6)
(99, 6)
(79, 7)
(80, 7)
(81, 7)
(82, 7)
(83, 7)
(95, 7)
(96, 7)
(97, 7)
(98, 7)
(99, 7)
(24, 8)
(25, 8)
(26, 8)
(27, 8)
(79, 8)
(80, 8)
(81, 8)
(82, 8)
(83, 8)
(95, 8)
(96, 8)
(97, 8)
(98, 8)
(99, 8)
(5, 9)
(6, 9)
(7, 9)
(8, 9)
(24, 9)
(25, 9)
(26, 9)
(27, 9)
(58, 9)
(59, 9)
(60, 9)
(5, 10)
(6, 10)
(7, 10)
(8, 10)
(24, 10)
(25, 10)
(26, 10)
(27, 10)
(58, 10)
(59, 10)
(60, 10)
(5, 11)
(6, 11)
(7, 11)
(8, 11)
(12, 11)
(13, 11)
(14, 11)
(35, 11)
(36, 11)
(37, 11)
(58, 11)
(59, 11)
(60, 11)
(5, 12)
(6, 12)
(7, 12)
(8, 12)
(12, 12)
(13, 12)
(14, 12)
(35, 12)
(36, 12)
(37, 12)
(58, 12)
(59, 12)
(60, 12)
(66, 12)
(67, 12)
(68, 12)
(69, 12)
(70, 12)
(71, 12)
(72, 12)
(73, 12)
(74, 12)
(5, 13)
(6, 13)
(7, 13)
(8, 13)
(12, 13)
(13, 13)
(14, 13)
(35, 13)
(36, 13)
(37, 13)
(58, 13)
(59, 13)
(60, 13)
(66, 13)
(67, 13)
(68, 13)
(69, 13)
(70, 13)
(71, 13)
(72, 13)
(73, 13)
(74, 13)
(12, 14)
(13, 14)
(14, 14)
(45, 14)
(46, 14)
(47, 14)
(48, 14)
(66, 14)
(67, 14)
(68, 14)
(69, 14)
(70, 14)
(71, 14)
(72, 14)
(73, 14)
(74, 14)
(45, 15)
(46, 15)
(47, 15)
(48, 15)
(66, 15)
(67, 15)
(68, 15)
(69, 15)
(70, 15)
(71, 15)
(72, 15)
(73, 15)
(74, 15)
(77, 15)
(78, 15)
(79, 15)
(80, 15)
(84, 15)
(85, 15)
(86, 15)
(94, 15)
(95, 15)
(96, 15)
(97, 15)
(98, 15)
(45, 16)
(46, 16)
(47, 16)
(48, 16)
(71, 16)
(72, 16)
(73, 16)
(74, 16)
(77, 16)
(78, 16)
(79, 16)
(80, 16)
(84, 16)
(85, 16)
(86, 16)
(94, 16)
(95, 16)
(96, 16)
(97, 16)
(98, 16)
(45, 17)
(46, 17)
(47, 17)
(48, 17)
(77, 17)
(78, 17)
(79, 17)
(80, 17)
(84, 17)
(85, 17)
(86, 17)
(94, 17)
(95, 17)
(96, 17)
(97, 17)
(98, 17)
(84, 18)
(85, 18)
(86, 18)
(22, 19)
(23, 19)
(24, 19)
(25, 19)
(26, 19)
(80, 19)
(81, 19)
(82, 19)
(83, 19)
(84, 19)
(22, 20)
(23, 20)
(24, 20)
(25, 20)
(26, 20)
(55, 20)
(56, 20)
(57, 20)
(58, 20)
(59, 20)
(80, 20)
(81, 20)
(82, 20)
(83, 20)
(84, 20)
(8, 21)
(9, 21)
(10, 21)
(22, 21)
(23, 21)
(24, 21)
(25, 21)
(26, 21)
(55, 21)
(56, 21)
(57, 21)
(58, 21)
(59, 21)
(77, 21)
(78, 21)
(79, 21)
(80, 21)
(81, 21)
(82, 21)
(83, 21)
(84, 21)
(8, 22)
(9, 22)
(10, 22)
(55, 22)
(56, 22)
(57, 22)
(58, 22)
(59, 22)
(77, 22)
(78, 22)
(79, 22)
(80, 22)
(81, 22)
(82, 22)
(83, 22)
(84, 22)
(8, 23)
(9, 23)
(10, 23)
(77, 23)
(78, 23)
(79, 23)
(80, 23)
(81, 23)
(82, 23)
(83, 23)
(84, 23)
(8, 24)
(9, 24)
(10, 24)
(8, 25)
(9, 25)
(10, 25)
(87, 28)
(88, 28)
(89, 28)
(90, 28)
(49, 29)
(50, 29)
(51, 29)
(52, 29)
(53, 29)
(54, 29)
(55, 29)
(56, 29)
(57, 29)
(87, 29)
(88, 29)
(89, 29)
(90, 29)
(49, 30)
(50, 30)
(51, 30)
(52, 30)
(53, 30)
(54, 30)
(55, 30)
(56, 30)
(57, 30)
(78, 30)
(79, 30)
(80, 30)
(81, 30)
(87, 30)
(88, 30)
(89, 30)
(90, 30)
(8, 31)
(9, 31)
(10, 31)
(11, 31)
(12, 31)
(49, 31)
(50, 31)
(51, 31)
(52, 31)
(53, 31)
(54, 31)
(55, 31)
(56, 31)
(57, 31)
(60, 31)
(61, 31)
(62, 31)
(78, 31)
(79, 31)
(80, 31)
(81, 31)
(87, 31)
(88, 31)
(89, 31)
(90, 31)
(8, 32)
(9, 32)
(10, 32)
(11, 32)
(12, 32)
(38, 32)
(39, 32)
(40, 32)
(41, 32)
(60, 32)
(61, 32)
(62, 32)
(78, 32)
(79, 32)
(80, 32)
(81, 32)
(8, 33)
(9, 33)
(10, 33)
(11, 33)
(12, 33)
(38, 33)
(39, 33)
(40, 33)
(41, 33)
(60, 33)
(61, 33)
(62, 33)
(8, 34)
(9, 34)
(10, 34)
(11, 34)
(12, 34)
(38, 34)
(39, 34)
(40, 34)
(41, 34)
(8, 35)
(9, 35)
(10, 35)
(11, 35)
(12, 35)
(38, 35)
(39, 35)
(40, 35)
(41, 35)
(65, 35)
(66, 35)
(67, 35)
(68, 35)
(69, 35)
(65, 36)
(66, 36)
(67, 36)
(68, 36)
(69, 36)
(15, 37)
(16, 37)
(17, 37)
(18, 37)
(19, 37)
(65, 37)
(66, 37)
(67, 37)
(68, 37)
(69, 37)
(15, 38)
(16, 38)
(17, 38)
(18, 38)
(19, 38)
(65, 38)
(66, 38)
(67, 38)
(68, 38)
(69, 38)
(15, 39)
(16, 39)
(17, 39)
(18, 39)
(19, 39)
(15, 40)
(16, 40)
(17, 40)
(18, 40)
(19, 40)
(34, 40)
(35, 40)
(36, 40)
(67, 40)
(68, 40)
(69, 40)
(15, 41)
(16, 41)
(17, 41)
(18, 41)
(19, 41)
(34, 41)
(35, 41)
(36, 41)
(49, 41)
(50, 41)
(51, 41)
(52, 41)
(53, 41)
(67, 41)
(68, 41)
(69, 41)
(34, 42)
(35, 42)
(36, 42)
(49, 42)
(50, 42)
(51, 42)
(52, 42)
(53, 42)
(59, 42)
(60, 42)
(61, 42)
(67, 42)
(68, 42)
(69, 42)
(31, 43)
(32, 43)
(33, 43)
(34, 43)
(35, 43)
(36, 43)
(49, 43)
(50, 43)
(51, 43)
(52, 43)
(53, 43)
(59, 43)
(60, 43)
(61, 43)
(31, 44)
(32, 44)
(33, 44)
(59, 44)
(60, 44)
(61, 44)
(31, 45)
(32, 45)
(33, 45)
(59, 45)
(60, 45)
(61, 45)
(31, 46)
(32, 46)
(33, 46)
(12, 47)
(13, 47)
(14, 47)
(15, 47)
(16, 47)
(12, 48)
(13, 48)
(14, 48)
(15, 48)
(16, 48)
(32, 48)
(33, 48)
(34, 48)
(35, 48)
(36, 48)
(53, 48)
(54, 48)
(55, 48)
(12, 49)
(13, 49)
(14, 49)
(15, 49)
(16, 49)
(32, 49)
(33, 49)
(34, 49)
(35, 49)
(36, 49)
(53, 49)
(54, 49)
(55, 49)
(57, 49)
(58, 49)
(59, 49)
(60, 49)
(32, 50)
(33, 50)
(34, 50)
(35, 50)
(36, 50)
(53, 50)
(54, 50)
(55, 50)
(57, 50)
(58, 50)
(59, 50)
(60, 50)
(35, 51)
(36, 51)
(37, 51)
(38, 51)
(39, 51)
(53, 51)
(54, 51)
(55, 51)
(57, 51)
(58, 51)
(59, 51)
(60, 51)
(80, 51)
(81, 51)
(82, 51)
(35, 52)
(36, 52)
(37, 52)
(38, 52)
(39, 52)
(53, 52)
(54, 52)
(55, 52)
(57, 52)
(58, 52)
(59, 52)
(60, 52)
(80, 52)
(81, 52)
(82, 52)
(35, 53)
(36, 53)
(37, 53)
(38, 53)
(39, 53)
(57, 53)
(58, 53)
(59, 53)
(60, 53)
(80, 53)
(81, 53)
(82, 53)
(35, 54)
(36, 54)
(37, 54)
(38, 54)
(39, 54)
(35, 55)
(36, 55)
(37, 55)
(38, 55)
(39, 55)
(50, 57)
(51, 57)
(52, 57)
(50, 58)
(51, 58)
(52, 58)
(71, 58)
(72, 58)
(73, 58)
(74, 58)
(50, 59)
(51, 59)
(52, 59)
(71, 59)
(72, 59)
(73, 59)
(74, 59)
(10, 60)
(11, 60)
(12, 60)
(46, 60)
(47, 60)
(48, 60)
(49, 60)
(50, 60)
(51, 60)
(52, 60)
(71, 60)
(72, 60)
(73, 60)
(74, 60)
(10, 61)
(11, 61)
(12, 61)
(31, 61)
(32, 61)
(33, 61)
(34, 61)
(46, 61)
(47, 61)
(48, 61)
(49, 61)
(50, 61)
(51, 61)
(52, 61)
(53, 61)
(10, 62)
(11, 62)
(12, 62)
(31, 62)
(32, 62)
(33, 62)
(34, 62)
(46, 62)
(47, 62)
(48, 62)
(49, 62)
(50, 62)
(51, 62)
(52, 62)
(53, 62)
(63, 62)
(64, 62)
(65, 62)
(66, 62)
(10, 63)
(11, 63)
(12, 63)
(31, 63)
(32, 63)
(33, 63)
(34, 63)
(46, 63)
(47, 63)
(48, 63)
(49, 63)
(50, 63)
(51, 63)
(52, 63)
(53, 63)
(63, 63)
(64, 63)
(65, 63)
(66, 63)
(84, 63)
(85, 63)
(86, 63)
(87, 63)
(88, 63)
(31, 64)
(32, 64)
(33, 64)
(34, 64)
(36, 64)
(37, 64)
(38, 64)
(46, 64)
(47, 64)
(48, 64)
(49, 64)
(50, 64)
(51, 64)
(52, 64)
(53, 64)
(63, 64)
(64, 64)
(65, 64)
(66, 64)
(84, 64)
(85, 64)
(86, 64)
(87, 64)
(88, 64)
(36, 65)
(37, 65)
(38, 65)
(50, 65)
(51, 65)
(52, 65)
(53, 65)
(63, 65)
(64, 65)
(65, 65)
(66, 65)
(84, 65)
(85, 65)
(86, 65)
(87, 65)
(88, 65)
(36, 66)
(37, 66)
(38, 66)
(63, 66)
(64, 66)
(65, 66)
(66, 66)
(84, 66)
(85, 66)
(86, 66)
(87, 66)
(88, 66)
(36, 67)
(37, 67)
(38, 67)
(84, 67)
(85, 67)
(86, 67)
(87, 67)
(88, 67)
(46, 69)
(47, 69)
(48, 69)
(49, 69)
(46, 70)
(47, 70)
(48, 70)
(49, 70)
(46, 71)
(47, 71)
(48, 71)
(49, 71)
(2, 72)
(3, 72)
(4, 72)
(46, 72)
(47, 72)
(48, 72)
(49, 72)
(53, 72)
(54, 72)
(55, 72)
(56, 72)
(2, 73)
(3, 73)
(4, 73)
(53, 73)
(54, 73)
(55, 73)
(56, 73)
(66, 73)
(67, 73)
(68, 73)
(69, 73)
(2, 74)
(3, 74)
(4, 74)
(53, 74)
(54, 74)
(55, 74)
(56, 74)
(66, 74)
(67, 74)
(68, 74)
(69, 74)
(53, 75)
(54, 75)
(55, 75)
(56, 75)
(66, 75)
(67, 75)
(68, 75)
(69, 75)
(96, 75)
(97, 75)
(98, 75)
(28, 76)
(29, 76)
(30, 76)
(31, 76)
(32, 76)
(66, 76)
(67, 76)
(68, 76)
(69, 76)
(96, 76)
(97, 76)
(98, 76)
(28, 77)
(29, 77)
(30, 77)
(31, 77)
(32, 77)
(96, 77)
(97, 77)
(98, 77)
(2, 78)
(3, 78)
(4, 78)
(5, 78)
(6, 78)
(28, 78)
(29, 78)
(30, 78)
(31, 78)
(32, 78)
(2, 79)
(3, 79)
(4, 79)
(5, 79)
(6, 79)
(2, 80)
(3, 80)
(4, 80)
(5, 80)
(6, 80)
(67, 80)
(68, 80)
(69, 80)
(50, 81)
(51, 81)
(52, 81)
(53, 81)
(54, 81)
(67, 81)
(68, 81)
(69, 81)
(50, 82)
(51, 82)
(52, 82)
(53, 82)
(54, 82)
(63, 82)
(64, 82)
(65, 82)
(66, 82)
(67, 82)
(68, 82)
(69, 82)
(11, 83)
(12, 83)
(13, 83)
(14, 83)
(50, 83)
(51, 83)
(52, 83)
(53, 83)
(54, 83)
(63, 83)
(64, 83)
(65, 83)
(66, 83)
(11, 84)
(12, 84)
(13, 84)
(14, 84)
(16, 84)
(17, 84)
(18, 84)
(19, 84)
(20, 84)
(63, 84)
(64, 84)
(65, 84)
(66, 84)
(11, 85)
(12, 85)
(13, 85)
(14, 85)
(16, 85)
(17, 85)
(18, 85)
(19, 85)
(20, 85)
(11, 86)
(12, 86)
(13, 86)
(14, 86)
(16, 86)
(17, 86)
(18, 86)
(19, 86)
(20, 86)
(11, 87)
(12, 87)
(13, 87)
(14, 87)
(67, 87)
(68, 87)
(69, 87)
(70, 87)
(67, 88)
(68, 88)
(69, 88)
(70, 88)
(82, 88)
(83, 88)
(84, 88)
(85, 88)
(86, 88)
(67, 89)
(68, 89)
(69, 89)
(70, 89)
(82, 89)
(83, 89)
(84, 89)
(85, 89)
(86, 89)
(67, 90)
(68, 90)
(69, 90)
(70, 90)
(82, 90)
(83, 90)
(84, 90)
(85, 90)
(86, 90)
(24, 91)
(25, 91)
(26, 91)
(27, 91)
(67, 91)
(68, 91)
(69, 91)
(70, 91)
(82, 91)
(83, 91)
(84, 91)
(85, 91)
(86, 91)
(92, 91)
(93, 91)
(94, 91)
(24, 92)
(25, 92)
(26, 92)
(27, 92)
(82, 92)
(83, 92)
(84, 92)
(85, 92)
(86, 92)
(92, 92)
(93, 92)
(94, 92)
(4, 93)
(5, 93)
(6, 93)
(7, 93)
(8, 93)
(24, 93)
(25, 93)
(26, 93)
(27, 93)
(92, 93)
(93, 93)
(94, 93)
(4, 94)
(5, 94)
(6, 94)
(7, 94)
(8, 94)
(33, 94)
(34, 94)
(35, 94)
(92, 94)
(93, 94)
(94, 94)
(4, 95)
(5, 95)
(6, 95)
(7, 95)
(8, 95)
(33, 95)
(34, 95)
(35, 95)
(4, 96)
(5, 96)
(6, 96)
(7, 96)
(8, 96)
(10, 96)
(11, 96)
(12, 96)
(13, 96)
(33, 96)
(34, 96)
(35, 96)
(10, 97)
(11, 97)
(12, 97)
(13, 97)
(33, 97)
(34, 97)
(35, 97)
(10, 98)
(11, 98)
(12, 98)
(13, 98)
(10, 99)
(11, 99)
(12, 99)
(13, 99)
-
(0, 1, 1.0, -1, 0.5)
(1, 4, 1.0, -1, 0.5)
(2, 5, 1.0, -1, 0.5)
(3, 4, 1.0, -1, 0.5)
(4, 5, 1.0, -1, 0.5)
(5, 2, 1.0, -1, 0.5)
(6, 1, 1.0, -1, 0.5)
(7, 2, 1.0, -1, 0.5)
(8, 3, 1.0, -1, 0.5)
(9, 3, 1.0, -1, 0.5)
-
(0, (58,43), (30,1))
(1, (54,60), (38,85))
(2, (18,94), (20,41))
(3, (27,44), (3,25))
(4, (7,76), (49,33))
(5, (47,45), (88,40))
(6, (24,75), (18,8))
(7, (58,24), (88,22))
(8, (11,72), (36,22))
(9, (18,19), (93,58))
