100
(38, 0)
(39, 0)
(40, 0)
(41, 0)
(78, 0)
(79, 0)
(80, 0)
(38, 1)
(39, 1)
(40, 1)
(41, 1)
(78, 1)
(79, 1)
(80, 1)
(90, 1)
(91, 1)
(92, 1)
(93, 1)
(94, 1)
(38, 2)
(39, 2)
(40, 2)
(41, 2)
(78, 2)
(79, 2)
(80, 2)
(90, 2)
(91, 2)
(92, 2)
(93, 2)
(94, 2)
(38, 3)
(39, 3)
(40, 3)
(41, 3)
(73, 3)
(74, 3)
(75, 3)
(76, 3)
(78, 3)
(79, 3)
(80, 3)
(90, 3)
(91, 3)
(92, 3)
(93, 3)
(94, 3)
(73, 4)
(74, 4)
(75, 4)
(76, 4)
(78, 4)
(79, 4)
(80, 4)
(90, 4)
(91, 4)
(92, 4)
(93, 4)
(94, 4)
(73, 5)
(74, 5)
(75, 5)
(76, 5)
(61, 6)
(62, 6)
(63, 6)
(64, 6)
(73, 6)
(74, 6)
(75, 6)
(76, 6)
(61, 7)
(62, 7)
(63, 7)
(64, 7)
(73, 7)
(74, 7)
(75, 7)
(76, 7)
(31, 8)
(32, 8)
(33, 8)
(61, 8)
(62, 8)
(63, 8)
(64, 8)
(31, 9)
(32, 9)
(33, 9)
(56, 9)
(57, 9)
(58, 9)
(59, 9)
(61, 9)
(62, 9)
(63, 9)
(64, 9)
(31, 10)
(32, 10)
(33, 10)
(56, 10)
(57, 10)
(58, 10)
(59, 10)
(31, 11)
(32, 11)
(33, 11)
(56, 11)
(57, 11)
(58, 11)
(59, 11)
(87, 13)
(88, 13)
(89, 13)
(90, 13)
(87, 14)
(88, 14)
(89, 14)
(90, 14)
(34, 15)
(35, 15)
(36, 15)
(37, 15)
(38, 15)
(87, 15)
(88, 15)
(89, 15)
(90, 15)
(34, 16)
(35, 16)
(36, 16)
(37, 16)
(38, 16)
(13, 17)
(14, 17)
(15, 17)
(16, 17)
(34, 17)
(35, 17)
(36, 17)
(37, 17)
(38, 17)
(13, 18)
(14, 18)
(15, 18)
(16, 18)
(34, 18)
(35, 18)
(36, 18)
(37, 18)
(38, 18)
(13, 19)
(14, 19)
(15, 19)
(16, 19)
(62, 19)
(63, 19)
(64, 19)
(65, 19)
(0, 20)
(1, 20)
(2, 20)
(3, 20)
(13, 20)
(14, 20)
(15, 20)
(16, 20)
(24, 20)
(25, 20)
(26, 20)
(37, 20)
(38, 20)
(39, 20)
(62, 20)
(63, 20)
(64, 20)
(65, 20)
(82, 20)
(83, 20)
(84, 20)
(85, 20)
(86, 20)
(0, 21)
(1, 21)
(2, 21)
(3, 21)
(24, 21)
(25, 21)
(26, 21)
(37, 21)
(38, 21)
(39, 21)
(62, 21)
(63, 21)
(64, 21)
(65, 21)
(82, 21)
(83, 21)
(84, 21)
(85, 21)
(86, 21)
(0, 22)
(1, 22)
(2, 22)
(3, 22)
(17, 22)
(18, 22)
(19, 22)
(24, 22)
(25, 22)
(26, 22)
(37, 22)
(38, 22)
(39, 22)
(82, 22)
(83, 22)
(84, 22)
(85, 22)
(86, 22)
(0, 23)
(1, 23)
(2, 23)
(3, 23)
(17, 23)
(18, 23)
(19, 23)
(37, 23)
(38, 23)
(39, 23)
(77, 23)
(78, 23)
(79, 23)
(80, 23)
(82, 23)
(83, 23)
(84, 23)
(85, 23)
(86, 23)
(17, 24)
(18, 24)
(19, 24)
(77, 24)
(78, 24)
(79, 24)
(80, 24)
(82, 24)
(83, 24)
(84, 24)
(85, 24)
(86, 24)
(91, 24)
(92, 24)
(93, 24)
(94, 24)
(17, 25)
(18, 25)
(19, 25)
(27, 25)
(28, 25)
(29, 25)
(77, 25)
(78, 25)
(79, 25)
(80, 25)
(91, 25)
(92, 25)
(93, 25)
(94, 25)
(17, 26)
(18, 26)
(19, 26)
(27, 26)
(28, 26)
(29, 26)
(65, 26)
(66, 26)
(67, 26)
(68, 26)
(77, 26)
(78, 26)
(79, 26)
(80, 26)
(91, 26)
(92, 26)
(93, 26)
(94, 26)
(27, 27)
(28, 27)
(29, 27)
(65, 27)
(66, 27)
(67, 27)
(68, 27)
(77, 27)
(78, 27)
(79, 27)
(80, 27)
(91, 27)
(92, 27)
(93, 27)
(94, 27)
(27, 28)
(28, 28)
(29, 28)
(65, 28)
(66, 28)
(67, 28)
(68, 28)
(91, 28)
(92, 28)
(93, 28)
(94, 28)
(21, 29)
(22, 29)
(23, 29)
(24, 29)
(27, 29)
(28, 29)
(29, 29)
(65, 29)
(66, 29)
(67, 29)
(68, 29)
(21, 30)
(22, 30)
(23, 30)
(24, 30)
(11, 31)
(12, 31)
(13, 31)
(14, 31)
(21, 31)
(22, 31)
(23, 31)
(24, 31)
(97, 31)
(98, 31)
(99, 31)
(11, 32)
(12, 32)
(13, 32)
(14, 32)
(59, 32)
(60, 32)
(61, 32)
(62, 32)
(63, 32)
(97, 32)
(98, 32)
(99, 32)
(1, 33)
(2, 33)
(3, 33)
(4, 33)
(5, 33)
(11, 33)
(12, 33)
(13, 33)
(14, 33)
(59, 33)
(60, 33)
(61, 33)
(62, 33)
(63, 33)
(97, 33)
(98, 33)
(99, 33)
(1, 34)
(2, 34)
(3, 34)
(4, 34)
(5, 34)
(11, 34)
(12, 34)
(13, 34)
(14, 34)
(59, 34)
(60, 34)
(61, 34)
(62, 34)
(63, 34)
(1, 35)
(2, 35)
(3, 35)
(4, 35)
(5, 35)
(11, 35)
(12, 35)
(13, 35)
(14, 35)
(24, 35)
(25, 35)
(26, 35)
(27, 35)
(28, 35)
(59, 35)
(60, 35)
(61, 35)
(62, 35)
(63, 35)
(1, 36)
(2, 36)
(3, 36)
(4, 36)
(5, 36)
(24, 36)
(25, 36)
(26, 36)
(27, 36)
(28, 36)
(59, 36)
(60, 36)
(61, 36)
(62, 36)
(63, 36)
(1, 37)
(2, 37)
(3, 37)
(4, 37)
(5, 37)
(24, 37)
(25, 37)
(26, 37)
(27, 37)
(28, 37)
(74, 37)
(75, 37)
(76, 37)
(77, 37)
(74, 38)
(75, 38)
(76, 38)
(77, 38)
(74, 39)
(75, 39)
(76, 39)
(77, 39)
(43, 40)
(44, 40)
(45, 40)
(46, 40)
(84, 40)
(85, 40)
(86, 40)
(87, 40)
(88, 40)
(9, 41)
(10, 41)
(11, 41)
(43, 41)
(44, 41)
(45, 41)
(46, 41)
(57, 41)
(58, 41)
(59, 41)
(84, 41)
(85, 41)
(86, 41)
(87, 41)
(88, 41)
(9, 42)
(10, 42)
(11, 42)
(43, 42)
(44, 42)
(45, 42)
(46, 42)
(57, 42)
(58, 42)
(59, 42)
(63, 42)
(64, 42)
(65, 42)
(66, 42)
(67, 42)
(84, 42)
(85, 42)
(86, 42)
(87, 42)
(88, 42)
(9, 43)
(10, 43)
(11, 43)
(43, 43)
(44, 43)
(45, 43)
(46, 43)
(57, 43)
(58, 43)
(59, 43)
(63, 43)
(64, 43)
(65, 43)
(66, 43)
(67, 43)
(84, 43)
(85, 43)
(86, 43)
(87, 43)
(88, 43)
(9, 44)
(10, 44)
(11, 44)
(43, 44)
(44, 44)
(45, 44)
(46, 44)
(59, 44)
(60, 44)
(61, 44)
(62, 44)
(63, 44)
(64, 44)
(65, 44)
(66, 44)
(67, 44)
(9, 45)
(10, 45)
(11, 45)
(33, 45)
(34, 45)
(35, 45)
(36, 45)
(37, 45)
(59, 45)
(60, 45)
(61, 45)
(62, 45)
(82, 45)
(83, 45)
(84, 45)
(33, 46)
(34, 46)
(35, 46)
(36, 46)
(37, 46)
(59, 46)
(60, 46)
(61, 46)
(62, 46)
(82, 46)
(83, 46)
(84, 46)
(89, 46)
(90, 46)
(91, 46)
(92, 46)
(93, 46)
(0, 47)
(1, 47)
(2, 47)
(3, 47)
(33, 47)
(34, 47)
(35, 47)
(36, 47)
(37, 47)
(59, 47)
(60, 47)
(61, 47)
(62, 47)
(82, 47)
(83, 47)
(84, 47)
(89, 47)
(90, 47)
(91, 47)
(92, 47)
(93, 47)
(95, 47)
(96, 47)
(97, 47)
(0, 48)
(1, 48)
(2, 48)
(3, 48)
(33, 48)
(34, 48)
(35, 48)
(36, 48)
(37, 48)
(48, 48)
(49, 48)
(50, 48)
(51, 48)
(52, 48)
(82, 48)
(83, 48)
(84, 48)
(89, 48)
(90, 48)
(91, 48)
(92, 48)
(93, 48)
(95, 48)
(96, 48)
(97, 48)
(0, 49)
(1, 49)
(2, 49)
(3, 49)
(10, 49)
(11, 49)
(12, 49)
(30, 49)
(31, 49)
(32, 49)
(33, 49)
(34, 49)
(35, 49)
(36, 49)
(37, 49)
(48, 49)
(49, 49)
(50, 49)
(51, 49)
(52, 49)
(80, 49)
(81, 49)
(82, 49)
(89, 49)
(90, 49)
(91, 49)
(92, 49)
(93, 49)
(95, 49)
(96, 49)
(97, 49)
(10, 50)
(11, 50)
(12, 50)
(30, 50)
(31, 50)
(32, 50)
(48, 50)
(49, 50)
(50, 50)
(51, 50)
(52, 50)
(69, 50)
(70, 50)
(71, 50)
(80, 50)
(81, 50)
(82, 50)
(89, 50)
(90, 50)
(91, 50)
(92, 50)
(93, 50)
(10, 51)
(11, 51)
(12, 51)
(26, 51)
(27, 51)
(28, 51)
(29, 51)
(30, 51)
(31, 51)
(32, 51)
(48, 51)
(49, 51)
(50, 51)
(51, 51)
(52, 51)
(69, 51)
(70, 51)
(71, 51)
(80, 51)
(81, 51)
(82, 51)
(21, 52)
(22, 52)
(23, 52)
(24, 52)
(25, 52)
(26, 52)
(27, 52)
(28, 52)
(29, 52)
(30, 52)
(31, 52)
(32, 52)
(48, 52)
(49, 52)
(50, 52)
(51, 52)
(52, 52)
(69, 52)
(70, 52)
(71, 52)
(21, 53)
(22, 53)
(23, 53)
(24, 53)
(25, 53)
(26, 53)
(27, 53)
(28, 53)
(29, 53)
(30, 53)
(31, 53)
(32, 53)
(54, 53)
(55, 53)
(56, 53)
(69, 53)
(70, 53)
(71, 53)
(21, 54)
(22, 54)
(23, 54)
(24, 54)
(25, 54)
(26, 54)
(27, 54)
(28, 54)
(29, 54)
(54, 54)
(55, 54)
(56, 54)
(21, 55)
(22, 55)
(23, 55)
(24, 55)
(25, 55)
(54, 55)
(55, 55)
(56, 55)
(21, 56)
(22, 56)
(23, 56)
(24, 56)
(25, 56)
(54, 56)
(55, 56)
(56, 56)
(61, 57)
(62, 57)
(63, 57)
(42, 58)
(43, 58)
(44, 58)
(45, 58)
(46, 58)
(61, 58)
(62, 58)
(63, 58)
(83, 58)
(84, 58)
(85, 58)
(86, 58)
(87, 58)
(42, 59)
(43, 59)
(44, 59)
(45, 59)
(46, 59)
(61, 59)
(62, 59)
(63, 59)
(78, 59)
(79, 59)
(80, 59)
(83, 59)
(84, 59)
(85, 59)
(86, 59)
(87, 59)
(42, 60)
(43, 60)
(44, 60)
(45, 60)
(46, 60)
(78, 60)
(79, 60)
(80, 60)
(83, 60)
(84, 60)
(85, 60)
(86, 60)
(87, 60)
(91, 60)
(92, 60)
(93, 60)
(94, 60)
(42, 61)
(43, 61)
(44, 61)
(45, 61)
(46, 61)
(78, 61)
(79, 61)
(80, 61)
(91, 61)
(92, 61)
(93, 61)
(94, 61)
(34, 62)
(35, 62)
(36, 62)
(57, 62)
(58, 62)
(59, 62)
(76, 62)
(77, 62)
(78, 62)
(79, 62)
(80, 62)
(91, 62)
(92, 62)
(93, 62)
(94, 62)
(34, 63)
(35, 63)
(36, 63)
(54, 63)
(55, 63)
(56, 63)
(57, 63)
(58, 63)
(59, 63)
(76, 63)
(77, 63)
(78, 63)
(79, 63)
(80, 63)
(91, 63)
(92, 63)
(93, 63)
(94, 63)
(2, 64)
(3, 64)
(4, 64)
(5, 64)
(6, 64)
(7, 64)
(8, 64)
(9, 64)
(17, 64)
(18, 64)
(19, 64)
(20, 64)
(21, 64)
(28, 64)
(29, 64)
(30, 64)
(31, 64)
(34, 64)
(35, 64)
(36, 64)
(54, 64)
(55, 64)
(56, 64)
(57, 64)
(58, 64)
(59, 64)
(76, 64)
(77, 64)
(78, 64)
(79, 64)
(80, 64)
(91, 64)
(92, 64)
(93, 64)
(94, 64)
(2, 65)
(3, 65)
(4, 65)
(5, 65)
(6, 65)
(7, 65)
(8, 65)
(9, 65)
(17, 65)
(18, 65)
(19, 65)
(20, 65)
(21, 65)
(28, 65)
(29, 65)
(30, 65)
(31, 65)
(34, 65)
(35, 65)
(36, 65)
(54, 65)
(55, 65)
(56, 65)
(57, 65)
(58, 65)
(59, 65)
(76, 65)
(77, 65)
(78, 65)
(79, 65)
(80, 65)
(2, 66)
(3, 66)
(4, 66)
(5, 66)
(6, 66)
(7, 66)
(8, 66)
(9, 66)
(17, 66)
(18, 66)
(19, 66)
(20, 66)
(21, 66)
(28, 66)
(29, 66)
(30, 66)
(31, 66)
(34, 66)
(35, 66)
(36, 66)
(54, 66)
(55, 66)
(56, 66)
(57, 66)
(58, 66)
(59, 66)
(2, 67)
(3, 67)
(4, 67)
(5, 67)
(6, 67)
(7, 67)
(8, 67)
(9, 67)
(17, 67)
(18, 67)
(19, 67)
(20, 67)
(21, 67)
(28, 67)
(29, 67)
(30, 67)
(31, 67)
(50, 67)
(51, 67)
(52, 67)
(53, 67)
(90, 67)
(91, 67)
(92, 67)
(93, 67)
(17, 68)
(18, 68)
(19, 68)
(20, 68)
(21, 68)
(50, 68)
(51, 68)
(52, 68)
(53, 68)
(90, 68)
(91, 68)
(92, 68)
(93, 68)
(50, 69)
(51, 69)
(52, 69)
(53, 69)
(64, 69)
(65, 69)
(66, 69)
(67, 69)
(90, 69)
(91, 69)
(92, 69)
(93, 69)
(50, 70)
(51, 70)
(52, 70)
(53, 70)
(64, 70)
(65, 70)
(66, 70)
(67, 70)
(80, 70)
(81, 70)
(82, 70)
(83, 70)
(64, 71)
(65, 71)
(66, 71)
(67, 71)
(80, 71)
(81, 71)
(82, 71)
(83, 71)
(87, 71)
(88, 71)
(89, 71)
(27, 72)
(28, 72)
(29, 72)
(30, 72)
(31, 72)
(54, 72)
(55, 72)
(56, 72)
(64, 72)
(65, 72)
(66, 72)
(67, 72)
(80, 72)
(81, 72)
(82, 72)
(83, 72)
(87, 72)
(88, 72)
(89, 72)
(27, 73)
(28, 73)
(29, 73)
(30, 73)
(31, 73)
(54, 73)
(55, 73)
(56, 73)
(80, 73)
(81, 73)
(82, 73)
(83, 73)
(87, 73)
(88, 73)
(89, 73)
(95, 73)
(96, 73)
(97, 73)
(98, 73)
(27, 74)
(28, 74)
(29, 74)
(30, 74)
(31, 74)
(54, 74)
(55, 74)
(56, 74)
(87, 74)
(88, 74)
(89, 74)
(95, 74)
(96, 74)
(97, 74)
(98, 74)
(27, 75)
(28, 75)
(29, 75)
(30, 75)
(31, 75)
(54, 75)
(55, 75)
(56, 75)
(68, 75)
(69, 75)
(70, 75)
(71, 75)
(72, 75)
(87, 75)
(88, 75)
(89, 75)
(95, 75)
(96, 75)
(97, 75)
(98, 75)
(27, 76)
(28, 76)
(29, 76)
(30, 76)
(31, 76)
(68, 76)
(69, 76)
(70, 76)
(71, 76)
(72, 76)
(95, 76)
(96, 76)
(97, 76)
(98, 76)
(68, 77)
(69, 77)
(70, 77)
(71, 77)
(72, 77)
(95, 77)
(96, 77)
(97, 77)
(98, 77)
(33, 78)
(34, 78)
(35, 78)
(68, 78)
(69, 78)
(70, 78)
(71, 78)
(72, 78)
(33, 79)
(34, 79)
(35, 79)
(33, 80)
(34, 80)
(35, 80)
(90, 80)
(91, 80)
(92, 80)
(93, 80)
(94, 80)
(33, 81)
(34, 81)
(35, 81)
(90, 81)
(91, 81)
(92, 81)
(93, 81)
(94, 81)
(18, 82)
(19, 82)
(20, 82)
(21, 82)
(33, 82)
(34, 82)
(35, 82)
(90, 82)
(91, 82)
(92, 82)
(93, 82)
(94, 82)
(18, 83)
(19, 83)
(20, 83)
(21, 83)
(85, 83)
(86, 83)
(87, 83)
(18, 84)
(19, 84)
(20, 84)
(21, 84)
(70, 84)
(71, 84)
(72, 84)
(73, 84)
(74, 84)
(85, 84)
(86, 84)
(87, 84)
(70, 85)
(71, 85)
(72, 85)
(73, 85)
(74, 85)
(80, 85)
(81, 85)
(82, 85)
(83, 85)
(85, 85)
(86, 85)
(87, 85)
(49, 86)
(50, 86)
(51, 86)
(52, 86)
(70, 86)
(71, 86)
(72, 86)
(73, 86)
(74, 86)
(80, 86)
(81, 86)
(82, 86)
(83, 86)
(85, 86)
(86, 86)
(87, 86)
(49, 87)
(50, 87)
(51, 87)
(52, 87)
(70, 87)
(71, 87)
(72, 87)
(73, 87)
(74, 87)
(80, 87)
(81, 87)
(82, 87)
(83, 87)
(85, 87)
(86, 87)
(87, 87)
(49, 88)
(50, 88)
(51, 88)
(52, 88)
(80, 88)
(81, 88)
(82, 88)
(83, 88)
(80, 89)
(81, 89)
(82, 89)
(83, 89)
(84, 89)
(85, 89)
(86, 89)
(87, 89)
(10, 90)
(11, 90)
(12, 90)
(13, 90)
(84, 90)
(85, 90)
(86, 90)
(87, 90)
(10, 91)
(11, 91)
(12, 91)
(13, 91)
(84, 91)
(85, 91)
(86, 91)
(87, 91)
(95, 91)
(96, 91)
(97, 91)
(10, 92)
(11, 92)
(12, 92)
(13, 92)
(17, 92)
(18, 92)
(19, 92)
(84, 92)
(85, 92)
(86, 92)
(87, 92)
(95, 92)
(96, 92)
(97, 92)
(17, 93)
(18, 93)
(19, 93)
(71, 93)
(72, 93)
(73, 93)
(77, 93)
(78, 93)
(79, 93)
(80, 93)
(81, 93)
(95, 93)
(96, 93)
(97, 93)
(17, 94)
(18, 94)
(19, 94)
(71, 94)
(72, 94)
(73, 94)
(77, 94)
(78, 94)
(79, 94)
(80, 94)
(81, 94)
(95, 94)
(96, 94)
(97, 94)
(17, 95)
(18, 95)
(19, 95)
(25, 95)
(26, 95)
(27, 95)
(43, 95)
(44, 95)
(45, 95)
(71, 95)
(72, 95)
(73, 95)
(77, 95)
(78, 95)
(79, 95)
(80, 95)
(81, 95)
(17, 96)
(18, 96)
(19, 96)
(25, 96)
(26, 96)
(27, 96)
(43, 96)
(44, 96)
(45, 96)
(71, 96)
(72, 96)
(73, 96)
(77, 96)
(78, 96)
(79, 96)
(80, 96)
(81, 96)
(91, 96)
(92, 96)
(93, 96)
(13, 97)
(14, 97)
(15, 97)
(16, 97)
(25, 97)
(26, 97)
(27, 97)
(43, 97)
(44, 97)
(45, 97)
(71, 97)
(72, 97)
(73, 97)
(77, 97)
(78, 97)
(79, 97)
(80, 97)
(81, 97)
(91, 97)
(92, 97)
(93, 97)
(13, 98)
(14, 98)
(15, 98)
(16, 98)
(43, 98)
(44, 98)
(45, 98)
(91, 98)
(92, 98)
(93, 98)
(13, 99)
(14, 99)
(15, 99)
(16, 99)
(91, 99)
(92, 99)
(93, 99)
-
(0, 5, 1.0, -1, 0.5)
(1, 2, 1.0, -1, 0.5)
(2, 4, 1.0, -1, 0.5)
(3, 1, 1.0, -1, 0.5)
(4, 5, 1.0, -1, 0.5)
(5, 1, 1.0, -1, 0.5)
(6, 3, 1.0, -1, 0.5)
(7, 3, 1.0, -1, 0.5)
(8, 2, 1.0, -1, 0.5)
(9, 4, 1.0, -1, 0.5)
-
(0, (45,33), (9,85))
(1, (40,33), (28,85))
(2, (31,4), (70,17))
(3, (93,31), (24,27))
(4, (4,17), (9,72))
(5, (66,17), (5,78))
(6, (29,82), (19,6))
(7, (41,89), (1,83))
(8, (10,23), (9,68))
(9, (52,28), (3,2))
