100
(38, 21)
(39, 21)
(40, 21)
(38, 22)
(39, 22)
(40, 22)
(38, 23)
(39, 23)
(40, 23)
(32, 25)
(33, 25)
(34, 25)
(32, 26)
(33, 26)
(34, 26)
(32, 27)
(33, 27)
(34, 27)
(32, 28)
(33, 28)
(34, 28)
(16, 29)
(17, 29)
(18, 29)
(16, 30)
(17, 30)
(18, 30)
(16, 31)
(17, 31)
(18, 31)
(16, 32)
(17, 32)
(18, 32)
(47, 55)
(48, 55)
(49, 55)
(50, 55)
(51, 55)
(47, 56)
(48, 56)
(49, 56)
(50, 56)
(51, 56)
(47, 57)
(48, 57)
(49, 57)
(50, 57)
(51, 57)
(47, 58)
(48, 58)
(49, 58)
(50, 58)
(51, 58)
(55, 71)
(56, 71)
(57, 71)
(58, 71)
(59, 71)
(55, 72)
(56, 72)
(57, 72)
(58, 72)
(59, 72)
(55, 73)
(56, 73)
(57, 73)
(58, 73)
(59, 73)
(55, 74)
(56, 74)
(57, 74)
(58, 74)
(59, 74)
(55, 75)
(56, 75)
(57, 75)
(58, 75)
(59, 75)
-
(0, 4, 1.0, -1, 0.5)
(1, 2, 1.0, -1, 0.5)
(2, 3, 1.0, -1, 0.5)
(3, 2, 1.0, -1, 0.5)
(4, 4, 1.0, -1, 0.5)
(5, 5, 1.0, -1, 0.5)
(6, 1, 1.0, -1, 0.5)
(7, 3, 1.0, -1, 0.5)
(8, 1, 1.0, -1, 0.5)
(9, 5, 1.0, -1, 0.5)
-
(0, (86,83), (96,31))
(1, (21,18), (92,2))
(2, (16,93), (42,12))
(3, (66,41), (93,79))
(4, (60,79), (91,9))
(5, (26,4), (50,30))
(6, (2,40), (63,78))
(7, (60,13), (6,46))
(8, (26,71), (52,54))
(9, (46,95), (58,3))
