100
(54, 2)
(55, 2)
(56, 2)
(57, 2)
(58, 2)
(54, 3)
(55, 3)
(56, 3)
(57, 3)
(58, 3)
(54, 4)
(55, 4)
(56, 4)
(57, 4)
(58, 4)
(70, 5)
(71, 5)
(72, 5)
(73, 5)
(74, 5)
(70, 6)
(71, 6)
(72, 6)
(73, 6)
(74, 6)
(54, 7)
(55, 7)
(56, 7)
(57, 7)
(58, 7)
(70, 7)
(71, 7)
(72, 7)
(73, 7)
(74, 7)
(54, 8)
(55, 8)
(56, 8)
(57, 8)
(58, 8)
(8, 9)
(9, 9)
(10, 9)
(11, 9)
(12, 9)
(54, 9)
(55, 9)
(56, 9)
(57, 9)
(58, 9)
(4, 10)
(5, 10)
(6, 10)
(8, 10)
(9, 10)
(10, 10)
(11, 10)
(12, 10)
(54, 10)
(55, 10)
(56, 10)
(57, 10)
(58, 10)
(4, 11)
(5, 11)
(6, 11)
(8, 11)
(9, 11)
(10, 11)
(11, 11)
(12, 11)
(54, 11)
(55, 11)
(56, 11)
(57, 11)
(58, 11)
(71, 11)
(72, 11)
(73, 11)
(74, 11)
(4, 12)
(5, 12)
(6, 12)
(8, 12)
(9, 12)
(10, 12)
(11, 12)
(12, 12)
(71, 12)
(72, 12)
(73, 12)
(74, 12)
(4, 13)
(5, 13)
(6, 13)
(71, 13)
(72, 13)
(73, 13)
(74, 13)
(36, 14)
(37, 14)
(38, 14)
(39, 14)
(71, 14)
(72, 14)
(73, 14)
(74, 14)
(93, 14)
(94, 14)
(95, 14)
(5, 15)
(6, 15)
(7, 15)
(8, 15)
(36, 15)
(37, 15)
(38, 15)
(39, 15)
(93, 15)
(94, 15)
(95, 15)
(5, 16)
(6, 16)
(7, 16)
(8, 16)
(36, 16)
(37, 16)
(38, 16)
(39, 16)
(93, 16)
(94, 16)
(95, 16)
(5, 17)
(6, 17)
(7, 17)
(8, 17)
(36, 17)
(37, 17)
(38, 17)
(39, 17)
(93, 17)
(94, 17)
(95, 17)
(5, 18)
(6, 18)
(7, 18)
(8, 18)
(17, 18)
(18, 18)
(19, 18)
(20, 18)
(21, 18)
(37, 18)
(38, 18)
(39, 18)
(40, 18)
(93, 18)
(94, 18)
(95, 18)
(5, 19)
(6, 19)
(7, 19)
(8, 19)
(17, 19)
(18, 19)
(19, 19)
(20, 19)
(21, 19)
(37, 19)
(38, 19)
(39, 19)
(40, 19)
(47, 19)
(48, 19)
(49, 19)
(17, 20)
(18, 20)
(19, 20)
(20, 20)
(21, 20)
(37, 20)
(38, 20)
(39, 20)
(40, 20)
(47, 20)
(48, 20)
(49, 20)
(58, 20)
(59, 20)
(60, 20)
(61, 20)
(82, 20)
(83, 20)
(84, 20)
(85, 20)
(17, 21)
(18, 21)
(19, 21)
(20, 21)
(21, 21)
(37, 21)
(38, 21)
(39, 21)
(40, 21)
(47, 21)
(48, 21)
(49, 21)
(58, 21)
(59, 21)
(60, 21)
(61, 21)
(82, 21)
(83, 21)
(84, 21)
(85, 21)
(47, 22)
(48, 22)
(49, 22)
(58, 22)
(59, 22)
(60, 22)
(61, 22)
(82, 22)
(83, 22)
(84, 22)
(85, 22)
(47, 23)
(48, 23)
(49, 23)
(58, 23)
(59, 23)
(60, 23)
(61, 23)
(82, 23)
(83, 23)
(84, 23)
(85, 23)
(8, 28)
(9, 28)
(10, 28)
(11, 28)
(24, 28)
(25, 28)
(26, 28)
(8, 29)
(9, 29)
(10, 29)
(11, 29)
(16, 29)
(17, 29)
(18, 29)
(24, 29)
(25, 29)
(26, 29)
(8, 30)
(9, 30)
(10, 30)
(11, 30)
(16, 30)
(17, 30)
(18, 30)
(24, 30)
(25, 30)
(26, 30)
(8, 31)
(9, 31)
(10, 31)
(11, 31)
(16, 31)
(17, 31)
(18, 31)
(24, 31)
(25, 31)
(26, 31)
(8, 32)
(9, 32)
(10, 32)
(11, 32)
(16, 32)
(17, 32)
(18, 32)
(64, 34)
(65, 34)
(66, 34)
(64, 35)
(65, 35)
(66, 35)
(59, 36)
(60, 36)
(61, 36)
(64, 36)
(65, 36)
(66, 36)
(59, 37)
(60, 37)
(61, 37)
(93, 37)
(94, 37)
(95, 37)
(96, 37)
(42, 38)
(43, 38)
(44, 38)
(45, 38)
(59, 38)
(60, 38)
(61, 38)
(83, 38)
(84, 38)
(85, 38)
(86, 38)
(93, 38)
(94, 38)
(95, 38)
(96, 38)
(42, 39)
(43, 39)
(44, 39)
(45, 39)
(83, 39)
(84, 39)
(85, 39)
(86, 39)
(93, 39)
(94, 39)
(95, 39)
(96, 39)
(42, 40)
(43, 40)
(44, 40)
(45, 40)
(83, 40)
(84, 40)
(85, 40)
(86, 40)
(93, 40)
(94, 40)
(95, 40)
(96, 40)
(42, 41)
(43, 41)
(44, 41)
(45, 41)
(83, 41)
(84, 41)
(85, 41)
(86, 41)
(93, 41)
(94, 41)
(95, 41)
(96, 41)
(14, 43)
(15, 43)
(16, 43)
(17, 43)
(18, 43)
(14, 44)
(15, 44)
(16, 44)
(17, 44)
(18, 44)
(35, 44)
(36, 44)
(37, 44)
(81, 44)
(82, 44)
(83, 44)
(84, 44)
(85, 44)
(14, 45)
(15, 45)
(16, 45)
(17, 45)
(18, 45)
(35, 45)
(36, 45)
(37, 45)
(57, 45)
(58, 45)
(59, 45)
(81, 45)
(82, 45)
(83, 45)
(84, 45)
(85, 45)
(14, 46)
(15, 46)
(16, 46)
(17, 46)
(18, 46)
(35, 46)
(36, 46)
(37, 46)
(57, 46)
(58, 46)
(59, 46)
(81, 46)
(82, 46)
(83, 46)
(84, 46)
(85, 46)
(14, 47)
(15, 47)
(16, 47)
(17, 47)
(18, 47)
(20, 47)
(21, 47)
(22, 47)
(24, 47)
(25, 47)
(26, 47)
(27, 47)
(28, 47)
(35, 47)
(36, 47)
(37, 47)
(38, 47)
(39, 47)
(40, 47)
(41, 47)
(57, 47)
(58, 47)
(59, 47)
(81, 47)
(82, 47)
(83, 47)
(84, 47)
(85, 47)
(20, 48)
(21, 48)
(22, 48)
(24, 48)
(25, 48)
(26, 48)
(27, 48)
(28, 48)
(38, 48)
(39, 48)
(40, 48)
(41, 48)
(57, 48)
(58, 48)
(59, 48)
(81, 48)
(82, 48)
(83, 48)
(84, 48)
(85, 48)
(20, 49)
(21, 49)
(22, 49)
(24, 49)
(25, 49)
(26, 49)
(27, 49)
(28, 49)
(38, 49)
(39, 49)
(40, 49)
(41, 49)
(57, 49)
(58, 49)
(59, 49)
(79, 49)
(80, 49)
(81, 49)
(24, 50)
(25, 50)
(26, 50)
(27, 50)
(28, 50)
(38, 50)
(39, 50)
(40, 50)
(41, 50)
(57, 50)
(58, 50)
(59, 50)
(79, 50)
(80, 50)
(81, 50)
(38, 51)
(39, 51)
(40, 51)
(41, 51)
(57, 51)
(58, 51)
(59, 51)
(79, 51)
(80, 51)
(81, 51)
(57, 52)
(58, 52)
(59, 52)
(70, 52)
(71, 52)
(72, 52)
(70, 53)
(71, 53)
(72, 53)
(19, 54)
(20, 54)
(21, 54)
(44, 54)
(45, 54)
(46, 54)
(70, 54)
(71, 54)
(72, 54)
(19, 55)
(20, 55)
(21, 55)
(44, 55)
(45, 55)
(46, 55)
(70, 55)
(71, 55)
(72, 55)
(10, 56)
(11, 56)
(12, 56)
(19, 56)
(20, 56)
(21, 56)
(44, 56)
(45, 56)
(46, 56)
(10, 57)
(11, 57)
(12, 57)
(19, 57)
(20, 57)
(21, 57)
(10, 58)
(11, 58)
(12, 58)
(19, 58)
(20, 58)
(21, 58)
(31, 59)
(32, 59)
(33, 59)
(34, 59)
(81, 59)
(82, 59)
(83, 59)
(21, 60)
(22, 60)
(23, 60)
(31, 60)
(32, 60)
(33, 60)
(34, 60)
(81, 60)
(82, 60)
(83, 60)
(21, 61)
(22, 61)
(23, 61)
(31, 61)
(32, 61)
(33, 61)
(34, 61)
(52, 61)
(53, 61)
(54, 61)
(81, 61)
(82, 61)
(83, 61)
(21, 62)
(22, 62)
(23, 62)
(31, 62)
(32, 62)
(33, 62)
(34, 62)
(52, 62)
(53, 62)
(54, 62)
(81, 62)
(82, 62)
(83, 62)
(21, 63)
(22, 63)
(23, 63)
(52, 63)
(53, 63)
(54, 63)
(88, 63)
(89, 63)
(90, 63)
(91, 63)
(52, 64)
(53, 64)
(54, 64)
(88, 64)
(89, 64)
(90, 64)
(91, 64)
(48, 65)
(49, 65)
(50, 65)
(52, 65)
(53, 65)
(54, 65)
(88, 65)
(89, 65)
(90, 65)
(91, 65)
(48, 66)
(49, 66)
(50, 66)
(88, 66)
(89, 66)
(90, 66)
(91, 66)
(48, 67)
(49, 67)
(50, 67)
(83, 67)
(84, 67)
(85, 67)
(86, 67)
(88, 67)
(89, 67)
(90, 67)
(91, 67)
(83, 68)
(84, 68)
(85, 68)
(86, 68)
(13, 69)
(14, 69)
(15, 69)
(16, 69)
(83, 69)
(84, 69)
(85, 69)
(86, 69)
(13, 70)
(14, 70)
(15, 70)
(16, 70)
(83, 70)
(84, 70)
(85, 70)
(86, 70)
(13, 71)
(14, 71)
(15, 71)
(16, 71)
(22, 71)
(23, 71)
(24, 71)
(25, 71)
(26, 71)
(13, 72)
(14, 72)
(15, 72)
(16, 72)
(22, 72)
(23, 72)
(24, 72)
(25, 72)
(26, 72)
(62, 72)
(63, 72)
(64, 72)
(65, 72)
(22, 73)
(23, 73)
(24, 73)
(25, 73)
(26, 73)
(44, 73)
(45, 73)
(46, 73)
(47, 73)
(48, 73)
(62, 73)
(63, 73)
(64, 73)
(65, 73)
(22, 74)
(23, 74)
(24, 74)
(25, 74)
(26, 74)
(27, 74)
(28, 74)
(29, 74)
(30, 74)
(31, 74)
(44, 74)
(45, 74)
(46, 74)
(47, 74)
(48, 74)
(62, 74)
(63, 74)
(64, 74)
(65, 74)
(74, 74)
(75, 74)
(76, 74)
(77, 74)
(78, 74)
(82, 74)
(83, 74)
(84, 74)
(27, 75)
(28, 75)
(29, 75)
(30, 75)
(31, 75)
(44, 75)
(45, 75)
(46, 75)
(47, 75)
(48, 75)
(62, 75)
(63, 75)
(64, 75)
(65, 75)
(74, 75)
(75, 75)
(76, 75)
(77, 75)
(78, 75)
(82, 75)
(83, 75)
(84, 75)
(27, 76)
(28, 76)
(29, 76)
(30, 76)
(31, 76)
(44, 76)
(45, 76)
(46, 76)
(47, 76)
(48, 76)
(62, 76)
(63, 76)
(64, 76)
(65, 76)
(74, 76)
(75, 76)
(76, 76)
(77, 76)
(78, 76)
(82, 76)
(83, 76)
(84, 76)
(27, 77)
(28, 77)
(29, 77)
(30, 77)
(31, 77)
(74, 77)
(75, 77)
(76, 77)
(77, 77)
(78, 77)
(82, 77)
(83, 77)
(84, 77)
(27, 78)
(28, 78)
(29, 78)
(30, 78)
(31, 78)
(82, 78)
(83, 78)
(84, 78)
(10, 79)
(11, 79)
(12, 79)
(13, 79)
(14, 79)
(10, 80)
(11, 80)
(12, 80)
(13, 80)
(14, 80)
(10, 81)
(11, 81)
(12, 81)
(13, 81)
(14, 81)
(10, 82)
(11, 82)
(12, 82)
(13, 82)
(14, 82)
(16, 82)
(17, 82)
(18, 82)
(19, 82)
(10, 83)
(11, 83)
(12, 83)
(13, 83)
(14, 83)
(16, 83)
(17, 83)
(18, 83)
(19, 83)
(82, 83)
(83, 83)
(84, 83)
(16, 84)
(17, 84)
(18, 84)
(19, 84)
(82, 84)
(83, 84)
(84, 84)
(16, 85)
(17, 85)
(18, 85)
(19, 85)
(35, 85)
(36, 85)
(37, 85)
(38, 85)
(82, 85)
(83, 85)
(84, 85)
(35, 86)
(36, 86)
(37, 86)
(38, 86)
(7, 87)
(8, 87)
(9, 87)
(12, 87)
(13, 87)
(14, 87)
(15, 87)
(35, 87)
(36, 87)
(37, 87)
(38, 87)
(71, 87)
(72, 87)
(73, 87)
(74, 87)
(7, 88)
(8, 88)
(9, 88)
(12, 88)
(13, 88)
(14, 88)
(15, 88)
(71, 88)
(72, 88)
(73, 88)
(74, 88)
(7, 89)
(8, 89)
(9, 89)
(12, 89)
(13, 89)
(14, 89)
(15, 89)
(71, 89)
(72, 89)
(73, 89)
(74, 89)
(12, 90)
(13, 90)
(14, 90)
(15, 90)
(57, 91)
(58, 91)
(59, 91)
(57, 92)
(58, 92)
(59, 92)
(57, 93)
(58, 93)
(59, 93)
(57, 94)
(58, 94)
(59, 94)
(74, 94)
(75, 94)
(76, 94)
(77, 94)
(78, 94)
(22, 95)
(23, 95)
(24, 95)
(25, 95)
(26, 95)
(57, 95)
(58, 95)
(59, 95)
(74, 95)
(75, 95)
(76, 95)
(77, 95)
(78, 95)
(22, 96)
(23, 96)
(24, 96)
(25, 96)
(26, 96)
(36, 96)
(37, 96)
(38, 96)
(74, 96)
(75, 96)
(76, 96)
(77, 96)
(78, 96)
(22, 97)
(23, 97)
(24, 97)
(25, 97)
(26, 97)
(36, 97)
(37, 97)
(38, 97)
(74, 97)
(75, 97)
(76, 97)
(77, 97)
(78, 97)
(36, 98)
(37, 98)
(38, 98)
(74, 98)
(75, 98)
(76, 98)
(77, 98)
(78, 98)
-
(0, 3, 1.0, -1, 0.5)
(1, 1, 1.0, -1, 0.5)
(2, 5, 1.0, -1, 0.5)
(3, 4, 1.0, -1, 0.5)
(4, 2, 1.0, -1, 0.5)
(5, 3, 1.0, -1, 0.5)
(6, 1, 1.0, -1, 0.5)
(7, 2, 1.0, -1, 0.5)
(8, 4, 1.0, -1, 0.5)
(9, 5, 1.0, -1, 0.5)
-
(0, (17,50), (86,55))
(1, (67,7), (7,44))
(2, (64,48), (28,2))
(3, (6,3), (2,94))
(4, (74,24), (40,26))
(5, (3,87), (43,80))
(6, (25,63), (0,93))
(7, (41,9), (92,54))
(8, (75,28), (36,33))
(9, (13,11), (49,41))
