100
(58, 1)
(59, 1)
(60, 1)
(58, 2)
(59, 2)
(60, 2)
(19, 3)
(20, 3)
(21, 3)
(58, 3)
(59, 3)
(60, 3)
(2, 4)
(3, 4)
(4, 4)
(5, 4)
(19, 4)
(20, 4)
(21, 4)
(44, 4)
(45, 4)
(46, 4)
(58, 4)
(59, 4)
(60, 4)
(2, 5)
(3, 5)
(4, 5)
(5, 5)
(19, 5)
(20, 5)
(21, 5)
(44, 5)
(45, 5)
(46, 5)
(2, 6)
(3, 6)
(4, 6)
(5, 6)
(19, 6)
(20, 6)
(21, 6)
(32, 6)
(33, 6)
(34, 6)
(35, 6)
(36, 6)
(44, 6)
(45, 6)
(46, 6)
(69, 6)
(70, 6)
(71, 6)
(32, 7)
(33, 7)
(34, 7)
(35, 7)
(36, 7)
(69, 7)
(70, 7)
(71, 7)
(32, 8)
(33, 8)
(34, 8)
(35, 8)
(36, 8)
(37, 8)
(38, 8)
(39, 8)
(40, 8)
(69, 8)
(70, 8)
(71, 8)
(37, 9)
(38, 9)
(39, 9)
(40, 9)
(45, 9)
(46, 9)
(47, 9)
(48, 9)
(49, 9)
(93, 9)
(94, 9)
(95, 9)
(96, 9)
(37, 10)
(38, 10)
(39, 10)
(40, 10)
(45, 10)
(46, 10)
(47, 10)
(48, 10)
(49, 10)
(87, 10)
(88, 10)
(89, 10)
(93, 10)
(94, 10)
(95, 10)
(96, 10)
(11, 11)
(12, 11)
(13, 11)
(14, 11)
(37, 11)
(38, 11)
(39, 11)
(40, 11)
(45, 11)
(46, 11)
(47, 11)
(48, 11)
(49, 11)
(87, 11)
(88, 11)
(89, 11)
(93, 11)
(94, 11)
(95, 11)
(96, 11)
(11, 12)
(12, 12)
(13, 12)
(14, 12)
(45, 12)
(46, 12)
(47, 12)
(48, 12)
(49, 12)
(87, 12)
(88, 12)
(89, 12)
(5, 13)
(6, 13)
(7, 13)
(8, 13)
(9, 13)
(11, 13)
(12, 13)
(13, 13)
(14, 13)
(45, 13)
(46, 13)
(47, 13)
(48, 13)
(49, 13)
(87, 13)
(88, 13)
(89, 13)
(5, 14)
(6, 14)
(7, 14)
(8, 14)
(9, 14)
(11, 14)
(12, 14)
(13, 14)
(14, 14)
(87, 14)
(88, 14)
(89, 14)
(5, 15)
(6, 15)
(7, 15)
(8, 15)
(9, 15)
(42, 16)
(43, 16)
(44, 16)
(93, 16)
(94, 16)
(95, 16)
(96, 16)
(97, 16)
(42, 17)
(43, 17)
(44, 17)
(56, 17)
(57, 17)
(58, 17)
(59, 17)
(64, 17)
(65, 17)
(66, 17)
(81, 17)
(82, 17)
(83, 17)
(84, 17)
(85, 17)
(93, 17)
(94, 17)
(95, 17)
(96, 17)
(97, 17)
(42, 18)
(43, 18)
(44, 18)
(56, 18)
(57, 18)
(58, 18)
(59, 18)
(64, 18)
(65, 18)
(66, 18)
(81, 18)
(82, 18)
(83, 18)
(84, 18)
(85, 18)
(88, 18)
(89, 18)
(90, 18)
(93, 18)
(94, 18)
(95, 18)
(96, 18)
(97, 18)
(42, 19)
(43, 19)
(44, 19)
(56, 19)
(57, 19)
(58, 19)
(59, 19)
(64, 19)
(65, 19)
(66, 19)
(81, 19)
(82, 19)
(83, 19)
(84, 19)
(85, 19)
(88, 19)
(89, 19)
(90, 19)
(93, 19)
(94, 19)
(95, 19)
(96, 19)
(97, 19)
(42, 20)
(43, 20)
(44, 20)
(56, 20)
(57, 20)
(58, 20)
(59, 20)
(64, 20)
(65, 20)
(66, 20)
(88, 20)
(89, 20)
(90, 20)
(64, 21)
(65, 21)
(66, 21)
(88, 21)
(89, 21)
(90, 21)
(79, 22)
(80, 22)
(81, 22)
(82, 22)
(83, 22)
(88, 22)
(89, 22)
(90, 22)
(45, 23)
(46, 23)
(47, 23)
(79, 23)
(80, 23)
(81, 23)
(82, 23)
(83, 23)
(87, 23)
(88, 23)
(89, 23)
(90, 23)
(91, 23)
(12, 24)
(13, 24)
(14, 24)
(15, 24)
(45, 24)
(46, 24)
(47, 24)
(79, 24)
(80, 24)
(81, 24)
(82, 24)
(83, 24)
(87, 24)
(88, 24)
(89, 24)
(90, 24)
(91, 24)
(12, 25)
(13, 25)
(14, 25)
(15, 25)
(28, 25)
(29, 25)
(30, 25)
(31, 25)
(32, 25)
(34, 25)
(35, 25)
(36, 25)
(45, 25)
(46, 25)
(47, 25)
(79, 25)
(80, 25)
(81, 25)
(82, 25)
(83, 25)
(87, 25)
(88, 25)
(89, 25)
(90, 25)
(91, 25)
(4, 26)
(5, 26)
(6, 26)
(7, 26)
(12, 26)
(13, 26)
(14, 26)
(15, 26)
(28, 26)
(29, 26)
(30, 26)
(31, 26)
(32, 26)
(34, 26)
(35, 26)
(36, 26)
(45, 26)
(46, 26)
(47, 26)
(74, 26)
(75, 26)
(76, 26)
(79, 26)
(80, 26)
(81, 26)
(82, 26)
(83, 26)
(87, 26)
(88, 26)
(89, 26)
(90, 26)
(91, 26)
(4, 27)
(5, 27)
(6, 27)
(7, 27)
(12, 27)
(13, 27)
(14, 27)
(15, 27)
(28, 27)
(29, 27)
(30, 27)
(31, 27)
(32, 27)
(34, 27)
(35, 27)
(36, 27)
(45, 27)
(46, 27)
(47, 27)
(49, 27)
(50, 27)
(51, 27)
(52, 27)
(53, 27)
(74, 27)
(75, 27)
(76, 27)
(4, 28)
(5, 28)
(6, 28)
(7, 28)
(28, 28)
(29, 28)
(30, 28)
(31, 28)
(32, 28)
(34, 28)
(35, 28)
(36, 28)
(49, 28)
(50, 28)
(51, 28)
(52, 28)
(53, 28)
(74, 28)
(75, 28)
(76, 28)
(28, 29)
(29, 29)
(30, 29)
(31, 29)
(32, 29)
(49, 29)
(50, 29)
(51, 29)
(52, 29)
(53, 29)
(49, 30)
(50, 30)
(51, 30)
(52, 30)
(53, 30)
(37, 31)
(38, 31)
(39, 31)
(40, 31)
(49, 31)
(50, 31)
(51, 31)
(52, 31)
(53, 31)
(79, 31)
(80, 31)
(81, 31)
(82, 31)
(37, 32)
(38, 32)
(39, 32)
(40, 32)
(73, 32)
(74, 32)
(75, 32)
(79, 32)
(80, 32)
(81, 32)
(82, 32)
(86, 32)
(87, 32)
(88, 32)
(89, 32)
(90, 32)
(37, 33)
(38, 33)
(39, 33)
(40, 33)
(73, 33)
(74, 33)
(75, 33)
(79, 33)
(80, 33)
(81, 33)
(82, 33)
(86, 33)
(87, 33)
(88, 33)
(89, 33)
(90, 33)
(93, 33)
(94, 33)
(95, 33)
(37, 34)
(38, 34)
(39, 34)
(40, 34)
(73, 34)
(74, 34)
(75, 34)
(79, 34)
(80, 34)
(81, 34)
(82, 34)
(86, 34)
(87, 34)
(88, 34)
(89, 34)
(90, 34)
(93, 34)
(94, 34)
(95, 34)
(96, 34)
(97, 34)
(98, 34)
(73, 35)
(74, 35)
(75, 35)
(93, 35)
(94, 35)
(95, 35)
(96, 35)
(97, 35)
(98, 35)
(42, 36)
(43, 36)
(44, 36)
(45, 36)
(46, 36)
(73, 36)
(74, 36)
(75, 36)
(93, 36)
(94, 36)
(95, 36)
(96, 36)
(97, 36)
(98, 36)
(42, 37)
(43, 37)
(44, 37)
(45, 37)
(46, 37)
(55, 37)
(56, 37)
(57, 37)
(58, 37)
(59, 37)
(73, 37)
(74, 37)
(75, 37)
(93, 37)
(94, 37)
(95, 37)
(96, 37)
(97, 37)
(98, 37)
(42, 38)
(43, 38)
(44, 38)
(45, 38)
(46, 38)
(55, 38)
(56, 38)
(57, 38)
(58, 38)
(59, 38)
(73, 38)
(74, 38)
(75, 38)
(42, 39)
(43, 39)
(44, 39)
(45, 39)
(46, 39)
(55, 39)
(56, 39)
(57, 39)
(58, 39)
(59, 39)
(73, 39)
(74, 39)
(75, 39)
(42, 40)
(43, 40)
(44, 40)
(45, 40)
(46, 40)
(55, 40)
(56, 40)
(57, 40)
(58, 40)
(59, 40)
(73, 40)
(74, 40)
(75, 40)
(79, 40)
(80, 40)
(81, 40)
(55, 41)
(56, 41)
(57, 41)
(58, 41)
(59, 41)
(79, 41)
(80, 41)
(81, 41)
(79, 42)
(80, 42)
(81, 42)
(15, 43)
(16, 43)
(17, 43)
(79, 43)
(80, 43)
(81, 43)
(15, 44)
(16, 44)
(17, 44)
(87, 44)
(88, 44)
(89, 44)
(90, 44)
(91, 44)
(15, 45)
(16, 45)
(17, 45)
(87, 45)
(88, 45)
(89, 45)
(90, 45)
(91, 45)
(7, 46)
(8, 46)
(9, 46)
(10, 46)
(11, 46)
(21, 46)
(22, 46)
(23, 46)
(24, 46)
(25, 46)
(87, 46)
(88, 46)
(89, 46)
(90, 46)
(91, 46)
(7, 47)
(8, 47)
(9, 47)
(10, 47)
(11, 47)
(21, 47)
(22, 47)
(23, 47)
(24, 47)
(25, 47)
(87, 47)
(88, 47)
(89, 47)
(90, 47)
(91, 47)
(7, 48)
(8, 48)
(9, 48)
(10, 48)
(11, 48)
(21, 48)
(22, 48)
(23, 48)
(24, 48)
(25, 48)
(30, 48)
(31, 48)
(32, 48)
(48, 48)
(49, 48)
(50, 48)
(51, 48)
(52, 48)
(56, 48)
(57, 48)
(58, 48)
(59, 48)
(60, 48)
(87, 48)
(88, 48)
(89, 48)
(90, 48)
(91, 48)
(7, 49)
(8, 49)
(9, 49)
(10, 49)
(11, 49)
(21, 49)
(22, 49)
(23, 49)
(24, 49)
(25, 49)
(30, 49)
(31, 49)
(32, 49)
(48, 49)
(49, 49)
(50, 49)
(51, 49)
(52, 49)
(56, 49)
(57, 49)
(58, 49)
(59, 49)
(60, 49)
(3, 50)
(4, 50)
(5, 50)
(30, 50)
(31, 50)
(32, 50)
(48, 50)
(49, 50)
(50, 50)
(51, 50)
(52, 50)
(56, 50)
(57, 50)
(58, 50)
(59, 50)
(60, 50)
(3, 51)
(4, 51)
(5, 51)
(41, 51)
(42, 51)
(43, 51)
(44, 51)
(48, 51)
(49, 51)
(50, 51)
(51, 51)
(52, 51)
(3, 52)
(4, 52)
(5, 52)
(14, 52)
(15, 52)
(16, 52)
(17, 52)
(41, 52)
(42, 52)
(43, 52)
(44, 52)
(48, 52)
(49, 52)
(50, 52)
(51, 52)
(52, 52)
(77, 52)
(78, 52)
(79, 52)
(80, 52)
(14, 53)
(15, 53)
(16, 53)
(17, 53)
(23, 53)
(24, 53)
(25, 53)
(26, 53)
(27, 53)
(41, 53)
(42, 53)
(43, 53)
(44, 53)
(47, 53)
(48, 53)
(49, 53)
(50, 53)
(77, 53)
(78, 53)
(79, 53)
(80, 53)
(14, 54)
(15, 54)
(16, 54)
(17, 54)
(23, 54)
(24, 54)
(25, 54)
(26, 54)
(27, 54)
(47, 54)
(48, 54)
(49, 54)
(50, 54)
(77, 54)
(78, 54)
(79, 54)
(80, 54)
(14, 55)
(15, 55)
(16, 55)
(17, 55)
(23, 55)
(24, 55)
(25, 55)
(26, 55)
(27, 55)
(47, 55)
(48, 55)
(49, 55)
(50, 55)
(77, 55)
(78, 55)
(79, 55)
(80, 55)
(17, 56)
(18, 56)
(19, 56)
(92, 56)
(93, 56)
(94, 56)
(95, 56)
(96, 56)
(5, 57)
(6, 57)
(7, 57)
(8, 57)
(17, 57)
(18, 57)
(19, 57)
(92, 57)
(93, 57)
(94, 57)
(95, 57)
(96, 57)
(5, 58)
(6, 58)
(7, 58)
(8, 58)
(17, 58)
(18, 58)
(19, 58)
(50, 58)
(51, 58)
(52, 58)
(53, 58)
(54, 58)
(92, 58)
(93, 58)
(94, 58)
(95, 58)
(96, 58)
(5, 59)
(6, 59)
(7, 59)
(8, 59)
(50, 59)
(51, 59)
(52, 59)
(53, 59)
(54, 59)
(56, 59)
(57, 59)
(58, 59)
(59, 59)
(5, 60)
(6, 60)
(7, 60)
(8, 60)
(40, 60)
(41, 60)
(42, 60)
(43, 60)
(44, 60)
(50, 60)
(51, 60)
(52, 60)
(53, 60)
(54, 60)
(56, 60)
(57, 60)
(58, 60)
(59, 60)
(69, 60)
(70, 60)
(71, 60)
(72, 60)
(73, 60)
(5, 61)
(6, 61)
(7, 61)
(8, 61)
(23, 61)
(24, 61)
(25, 61)
(26, 61)
(40, 61)
(41, 61)
(42, 61)
(43, 61)
(44, 61)
(50, 61)
(51, 61)
(52, 61)
(53, 61)
(54, 61)
(56, 61)
(57, 61)
(58, 61)
(59, 61)
(69, 61)
(70, 61)
(71, 61)
(72, 61)
(73, 61)
(94, 61)
(95, 61)
(96, 61)
(11, 62)
(12, 62)
(13, 62)
(23, 62)
(24, 62)
(25, 62)
(26, 62)
(40, 62)
(41, 62)
(42, 62)
(43, 62)
(44, 62)
(50, 62)
(51, 62)
(52, 62)
(53, 62)
(54, 62)
(69, 62)
(70, 62)
(71, 62)
(72, 62)
(73, 62)
(94, 62)
(95, 62)
(96, 62)
(11, 63)
(12, 63)
(13, 63)
(23, 63)
(24, 63)
(25, 63)
(26, 63)
(94, 63)
(95, 63)
(96, 63)
(11, 64)
(12, 64)
(13, 64)
(46, 64)
(47, 64)
(48, 64)
(55, 64)
(56, 64)
(57, 64)
(76, 64)
(77, 64)
(78, 64)
(79, 64)
(80, 64)
(94, 64)
(95, 64)
(96, 64)
(46, 65)
(47, 65)
(48, 65)
(55, 65)
(56, 65)
(57, 65)
(76, 65)
(77, 65)
(78, 65)
(79, 65)
(80, 65)
(46, 66)
(47, 66)
(48, 66)
(55, 66)
(56, 66)
(57, 66)
(76, 66)
(77, 66)
(78, 66)
(79, 66)
(80, 66)
(1, 67)
(2, 67)
(3, 67)
(4, 67)
(46, 67)
(47, 67)
(48, 67)
(54, 67)
(55, 67)
(56, 67)
(60, 67)
(61, 67)
(62, 67)
(63, 67)
(1, 68)
(2, 68)
(3, 68)
(4, 68)
(29, 68)
(30, 68)
(31, 68)
(54, 68)
(55, 68)
(56, 68)
(60, 68)
(61, 68)
(62, 68)
(63, 68)
(68, 68)
(69, 68)
(70, 68)
(71, 68)
(1, 69)
(2, 69)
(3, 69)
(4, 69)
(29, 69)
(30, 69)
(31, 69)
(54, 69)
(55, 69)
(56, 69)
(60, 69)
(61, 69)
(62, 69)
(63, 69)
(68, 69)
(69, 69)
(70, 69)
(71, 69)
(1, 70)
(2, 70)
(3, 70)
(4, 70)
(29, 70)
(30, 70)
(31, 70)
(54, 70)
(55, 70)
(56, 70)
(60, 70)
(61, 70)
(62, 70)
(63, 70)
(68, 70)
(69, 70)
(70, 70)
(71, 70)
(54, 71)
(55, 71)
(56, 71)
(68, 71)
(69, 71)
(70, 71)
(71, 71)
(52, 73)
(53, 73)
(54, 73)
(55, 73)
(56, 73)
(73, 73)
(74, 73)
(75, 73)
(52, 74)
(53, 74)
(54, 74)
(55, 74)
(56, 74)
(73, 74)
(74, 74)
(75, 74)
(52, 75)
(53, 75)
(54, 75)
(55, 75)
(56, 75)
(73, 75)
(74, 75)
(75, 75)
(52, 76)
(53, 76)
(54, 76)
(55, 76)
(56, 76)
(73, 76)
(74, 76)
(75, 76)
(52, 77)
(53, 77)
(54, 77)
(55, 77)
(56, 77)
(10, 79)
(11, 79)
(12, 79)
(79, 79)
(80, 79)
(81, 79)
(82, 79)
(83, 79)
(10, 80)
(11, 80)
(12, 80)
(39, 80)
(40, 80)
(41, 80)
(79, 80)
(80, 80)
(81, 80)
(82, 80)
(83, 80)
(10, 81)
(11, 81)
(12, 81)
(39, 81)
(40, 81)
(41, 81)
(65, 81)
(66, 81)
(67, 81)
(79, 81)
(80, 81)
(81, 81)
(82, 81)
(83, 81)
(10, 82)
(11, 82)
(12, 82)
(39, 82)
(40, 82)
(41, 82)
(65, 82)
(66, 82)
(67, 82)
(79, 82)
(80, 82)
(81, 82)
(82, 82)
(83, 82)
(10, 83)
(11, 83)
(12, 83)
(39, 83)
(40, 83)
(41, 83)
(54, 83)
(55, 83)
(56, 83)
(65, 83)
(66, 83)
(67, 83)
(76, 83)
(77, 83)
(78, 83)
(79, 83)
(80, 83)
(39, 84)
(40, 84)
(41, 84)
(43, 84)
(44, 84)
(45, 84)
(46, 84)
(54, 84)
(55, 84)
(56, 84)
(65, 84)
(66, 84)
(67, 84)
(76, 84)
(77, 84)
(78, 84)
(79, 84)
(80, 84)
(43, 85)
(44, 85)
(45, 85)
(46, 85)
(54, 85)
(55, 85)
(56, 85)
(76, 85)
(77, 85)
(78, 85)
(79, 85)
(80, 85)
(93, 85)
(94, 85)
(95, 85)
(96, 85)
(43, 86)
(44, 86)
(45, 86)
(46, 86)
(54, 86)
(55, 86)
(56, 86)
(76, 86)
(77, 86)
(78, 86)
(79, 86)
(80, 86)
(93, 86)
(94, 86)
(95, 86)
(96, 86)
(82, 87)
(83, 87)
(84, 87)
(93, 87)
(94, 87)
(95, 87)
(96, 87)
(46, 88)
(47, 88)
(48, 88)
(49, 88)
(50, 88)
(82, 88)
(83, 88)
(84, 88)
(93, 88)
(94, 88)
(95, 88)
(96, 88)
(46, 89)
(47, 89)
(48, 89)
(49, 89)
(50, 89)
(82, 89)
(83, 89)
(84, 89)
(20, 90)
(21, 90)
(22, 90)
(23, 90)
(46, 90)
(47, 90)
(48, 90)
(49, 90)
(50, 90)
(55, 90)
(56, 90)
(57, 90)
(58, 90)
(20, 91)
(21, 91)
(22, 91)
(23, 91)
(55, 91)
(56, 91)
(57, 91)
(58, 91)
(66, 91)
(67, 91)
(68, 91)
(69, 91)
(88, 91)
(89, 91)
(90, 91)
(91, 91)
(92, 91)
(20, 92)
(21, 92)
(22, 92)
(23, 92)
(55, 92)
(56, 92)
(57, 92)
(58, 92)
(61, 92)
(62, 92)
(63, 92)
(64, 92)
(65, 92)
(66, 92)
(67, 92)
(68, 92)
(69, 92)
(88, 92)
(89, 92)
(90, 92)
(91, 92)
(92, 92)
(9, 93)
(10, 93)
(11, 93)
(12, 93)
(13, 93)
(31, 93)
(32, 93)
(33, 93)
(34, 93)
(35, 93)
(61, 93)
(62, 93)
(63, 93)
(64, 93)
(65, 93)
(66, 93)
(67, 93)
(68, 93)
(69, 93)
(88, 93)
(89, 93)
(90, 93)
(91, 93)
(92, 93)
(9, 94)
(10, 94)
(11, 94)
(12, 94)
(13, 94)
(31, 94)
(32, 94)
(33, 94)
(34, 94)
(35, 94)
(61, 94)
(62, 94)
(63, 94)
(64, 94)
(65, 94)
(66, 94)
(67, 94)
(68, 94)
(69, 94)
(71, 94)
(72, 94)
(73, 94)
(86, 94)
(87, 94)
(88, 94)
(9, 95)
(10, 95)
(11, 95)
(12, 95)
(13, 95)
(31, 95)
(32, 95)
(33, 95)
(34, 95)
(35, 95)
(61, 95)
(62, 95)
(63, 95)
(64, 95)
(65, 95)
(66, 95)
(67, 95)
(68, 95)
(69, 95)
(71, 95)
(72, 95)
(73, 95)
(86, 95)
(87, 95)
(88, 95)
(9, 96)
(10, 96)
(11, 96)
(12, 96)
(13, 96)
(31, 96)
(32, 96)
(33, 96)
(34, 96)
(35, 96)
(71, 96)
(72, 96)
(73, 96)
(86, 96)
(87, 96)
(88, 96)
(90, 96)
(91, 96)
(92, 96)
(86, 97)
(87, 97)
(88, 97)
(90, 97)
(91, 97)
(92, 97)
(86, 98)
(87, 98)
(88, 98)
(90, 98)
(91, 98)
(92, 98)
-
(0, 1, 1.0, -1, 0.5)
(1, 4, 1.0, -1, 0.5)
(2, 5, 1.0, -1, 0.5)
(3, 1, 1.0, -1, 0.5)
(4, 2, 1.0, -1, 0.5)
(5, 5, 1.0, -1, 0.5)
(6, 2, 1.0, -1, 0.5)
(7, 4, 1.0, -1, 0.5)
(8, 3, 1.0, -1, 0.5)
(9, 3, 1.0, -1, 0.5)
-
(0, (66,7), (18,45))
(1, (5,76), (51,6))
(2, (11,86), (8,19))
(3, (66,15), (77,88))
(4, (68,22), (68,72))
(5, (69,80), (32,38))
(6, (0,34), (72,6))
(7, (17,65), (58,72))
(8, (49,37), (1,1))
(9, (77,45), (91,80))
