100
(68, 0)
(69, 0)
(70, 0)
(71, 0)
(72, 0)
(68, 1)
(69, 1)
(70, 1)
(71, 1)
(72, 1)
(61, 2)
(62, 2)
(63, 2)
(68, 2)
(69, 2)
(70, 2)
(71, 2)
(72, 2)
(61, 3)
(62, 3)
(63, 3)
(61, 4)
(62, 4)
(63, 4)
(61, 5)
(62, 5)
(63, 5)
(73, 5)
(74, 5)
(75, 5)
(73, 6)
(74, 6)
(75, 6)
(73, 7)
(74, 7)
(75, 7)
(85, 10)
(86, 10)
(87, 10)
(85, 11)
(86, 11)
(87, 11)
(85, 12)
(86, 12)
(87, 12)
(68, 23)
(69, 23)
(70, 23)
(71, 23)
(72, 23)
(59, 24)
(60, 24)
(61, 24)
(62, 24)
(63, 24)
(68, 24)
(69, 24)
(70, 24)
(71, 24)
(72, 24)
(59, 25)
(60, 25)
(61, 25)
(62, 25)
(63, 25)
(68, 25)
(69, 25)
(70, 25)
(71, 25)
(72, 25)
(18, 26)
(19, 26)
(20, 26)
(21, 26)
(59, 26)
(60, 26)
(61, 26)
(62, 26)
(63, 26)
(68, 26)
(69, 26)
(70, 26)
(71, 26)
(72, 26)
(18, 27)
(19, 27)
(20, 27)
(21, 27)
(59, 27)
(60, 27)
(61, 27)
(62, 27)
(63, 27)
(18, 28)
(19, 28)
(20, 28)
(21, 28)
(59, 28)
(60, 28)
(61, 28)
(62, 28)
(63, 28)
(18, 29)
(19, 29)
(20, 29)
(21, 29)
(18, 35)
(19, 35)
(20, 35)
(21, 35)
(22, 35)
(18, 36)
(19, 36)
(20, 36)
(21, 36)
(22, 36)
(18, 37)
(19, 37)
(20, 37)
(21, 37)
(22, 37)
(18, 38)
(19, 38)
(20, 38)
(21, 38)
(22, 38)
(18, 39)
(19, 39)
(20, 39)
(21, 39)
(22, 39)
(42, 42)
(43, 42)
(44, 42)
(45, 42)
(74, 42)
(75, 42)
(76, 42)
(77, 42)
(78, 42)
(42, 43)
(43, 43)
(44, 43)
(45, 43)
(74, 43)
(75, 43)
(76, 43)
(77, 43)
(78, 43)
(42, 44)
(43, 44)
(44, 44)
(45, 44)
(74, 44)
(75, 44)
(76, 44)
(77, 44)
(78, 44)
(42, 45)
(43, 45)
(44, 45)
(45, 45)
(74, 45)
(75, 45)
(76, 45)
(77, 45)
(78, 45)
(42, 46)
(43, 46)
(44, 46)
(45, 46)
(74, 46)
(75, 46)
(76, 46)
(77, 46)
(78, 46)
(74, 51)
(75, 51)
(76, 51)
(77, 51)
(78, 51)
(74, 52)
(75, 52)
(76, 52)
(77, 52)
(78, 52)
(74, 53)
(75, 53)
(76, 53)
(77, 53)
(78, 53)
(80, 53)
(81, 53)
(82, 53)
(74, 54)
(75, 54)
(76, 54)
(77, 54)
(78, 54)
(80, 54)
(81, 54)
(82, 54)
(80, 55)
(81, 55)
(82, 55)
(80, 56)
(81, 56)
(82, 56)
(90, 60)
(91, 60)
(92, 60)
(93, 60)
(94, 60)
(90, 61)
(91, 61)
(92, 61)
(93, 61)
(94, 61)
(81, 62)
(82, 62)
(83, 62)
(84, 62)
(85, 62)
(90, 62)
(91, 62)
(92, 62)
(93, 62)
(94, 62)
(81, 63)
(82, 63)
(83, 63)
(84, 63)
(85, 63)
(90, 63)
(91, 63)
(92, 63)
(93, 63)
(94, 63)
(81, 64)
(82, 64)
(83, 64)
(84, 64)
(85, 64)
(90, 64)
(91, 64)
(92, 64)
(93, 64)
(94, 64)
(81, 65)
(82, 65)
(83, 65)
(84, 65)
(85, 65)
(81, 66)
(82, 66)
(83, 66)
(84, 66)
(85, 66)
(86, 66)
(87, 66)
(88, 66)
(89, 66)
(86, 67)
(87, 67)
(88, 67)
(89, 67)
(10, 68)
(11, 68)
(12, 68)
(13, 68)
(86, 68)
(87, 68)
(88, 68)
(89, 68)
(10, 69)
(11, 69)
(12, 69)
(13, 69)
(86, 69)
(87, 69)
(88, 69)
(89, 69)
(10, 70)
(11, 70)
(12, 70)
(13, 70)
(71, 70)
(72, 70)
(73, 70)
(86, 70)
(87, 70)
(88, 70)
(89, 70)
(71, 71)
(72, 71)
(73, 71)
(71, 72)
(72, 72)
(73, 72)
(71, 73)
(72, 73)
(73, 73)
(11, 74)
(12, 74)
(13, 74)
(14, 74)
(71, 74)
(72, 74)
(73, 74)
(11, 75)
(12, 75)
(13, 75)
(14, 75)
(11, 76)
(12, 76)
(13, 76)
(14, 76)
(40, 78)
(41, 78)
(42, 78)
(81, 78)
(82, 78)
(83, 78)
(84, 78)
(85, 78)
(40, 79)
(41, 79)
(42, 79)
(81, 79)
(82, 79)
(83, 79)
(84, 79)
(85, 79)
(40, 80)
(41, 80)
(42, 80)
(81, 80)
(82, 80)
(83, 80)
(84, 80)
(85, 80)
(21, 81)
(22, 81)
(23, 81)
(24, 81)
(40, 81)
(41, 81)
(42, 81)
(81, 81)
(82, 81)
(83, 81)
(84, 81)
(85, 81)
(21, 82)
(22, 82)
(23, 82)
(24, 82)
(27, 82)
(28, 82)
(29, 82)
(40, 82)
(41, 82)
(42, 82)
(21, 83)
(22, 83)
(23, 83)
(24, 83)
(27, 83)
(28, 83)
(29, 83)
(27, 84)
(28, 84)
(29, 84)
(27, 85)
(28, 85)
(29, 85)
(53, 85)
(54, 85)
(55, 85)
(56, 85)
(57, 85)
(53, 86)
(54, 86)
(55, 86)
(56, 86)
(57, 86)
(53, 87)
(54, 87)
(55, 87)
(56, 87)
(57, 87)
(53, 88)
(54, 88)
(55, 88)
(56, 88)
(57, 88)
(53, 89)
(54, 89)
(55, 89)
(56, 89)
(57, 89)
(3, 92)
(4, 92)
(5, 92)
(6, 92)
(7, 92)
(65, 92)
(66, 92)
(67, 92)
(68, 92)
(69, 92)
(3, 93)
(4, 93)
(5, 93)
(6, 93)
(7, 93)
(65, 93)
(66, 93)
(67, 93)
(68, 93)
(69, 93)
(3, 94)
(4, 94)
(5, 94)
(6, 94)
(7, 94)
(65, 94)
(66, 94)
(67, 94)
(68, 94)
(69, 94)
-
(0, 3, 1.0, -1, 0.5)
(1, 2, 1.0, -1, 0.5)
(2, 2, 1.0, -1, 0.5)
(3, 1, 1.0, -1, 0.5)
(4, 1, 1.0, -1, 0.5)
(5, 3, 1.0, -1, 0.5)
(6, 4, 1.0, -1, 0.5)
(7, 4, 1.0, -1, 0.5)
(8, 5, 1.0, -1, 0.5)
(9, 5, 1.0, -1, 0.5)
-
(0, (19,50), (25,89))
(1, (86,33), (52,1))
(2, (47,65), (75,26))
(3, (93,74), (42,72))
(4, (81,4), (19,48))
(5, (18,86), (79,12))
(6, (43,76), (60,51))
(7, (33,4), (76,37))
(8, (73,88), (17,62))
(9, (26,67), (81,33))
