100
(82, 4)
(83, 4)
(84, 4)
(85, 4)
(86, 4)
(82, 5)
(83, 5)
(84, 5)
(85, 5)
(86, 5)
(82, 6)
(83, 6)
(84, 6)
(85, 6)
(86, 6)
(82, 7)
(83, 7)
(84, 7)
(85, 7)
(86, 7)
(82, 8)
(83, 8)
(84, 8)
(85, 8)
(86, 8)
(2, 39)
(3, 39)
(4, 39)
(5, 39)
(6, 39)
(2, 40)
(3, 40)
(4, 40)
(5, 40)
(6, 40)
(2, 41)
(3, 41)
(4, 41)
(5, 41)
(6, 41)
(2, 42)
(3, 42)
(4, 42)
(5, 42)
(6, 42)
(2, 43)
(3, 43)
(4, 43)
(5, 43)
(6, 43)
(46, 68)
(47, 68)
(48, 68)
(49, 68)
(50, 68)
(46, 69)
(47, 69)
(48, 69)
(49, 69)
(50, 69)
(46, 70)
(47, 70)
(48, 70)
(49, 70)
(50, 70)
(61, 73)
(62, 73)
(63, 73)
(64, 73)
(61, 74)
(62, 74)
(63, 74)
(64, 74)
(61, 75)
(62, 75)
(63, 75)
(64, 75)
(61, 76)
(62, 76)
(63, 76)
(64, 76)
(61, 77)
(62, 77)
(63, 77)
(64, 77)
(23, 91)
(24, 91)
(25, 91)
(26, 91)
(27, 91)
(23, 92)
(24, 92)
(25, 92)
(26, 92)
(27, 92)
(23, 93)
(24, 93)
(25, 93)
(26, 93)
(27, 93)
-
(0, 4, 1.0, -1, 0.5)
(1, 2, 1.0, -1, 0.5)
(2, 5, 1.0, -1, 0.5)
(3, 1, 1.0, -1, 0.5)
(4, 2, 1.0, -1, 0.5)
(5, 4, 1.0, -1, 0.5)
(6, 5, 1.0, -1, 0.5)
(7, 1, 1.0, -1, 0.5)
(8, 3, 1.0, -1, 0.5)
(9, 3, 1.0, -1, 0.5)
-
(0, (82,46), (2,1))
(1, (48,14), (61,89))
(2, (61,49), (27,41))
(3, (92,63), (40,92))
(4, (85,41), (4,76))
(5, (92,12), (9,26))
(6, (17,56), (84,34))
(7, (99,71), (49,25))
(8, (46,82), (20,93))
(9, (39,35), (35,74))
