100
(58, 1)
(59, 1)
(60, 1)
(61, 1)
(62, 1)
(65, 1)
(66, 1)
(67, 1)
(24, 2)
(25, 2)
(26, 2)
(27, 2)
(28, 2)
(58, 2)
(59, 2)
(60, 2)
(61, 2)
(62, 2)
(65, 2)
(66, 2)
(67, 2)
(24, 3)
(25, 3)
(26, 3)
(27, 3)
(28, 3)
(58, 3)
(59, 3)
(60, 3)
(61, 3)
(62, 3)
(65, 3)
(66, 3)
(67, 3)
(24, 4)
(25, 4)
(26, 4)
(27, 4)
(28, 4)
(58, 4)
(59, 4)
(60, 4)
(61, 4)
(62, 4)
(65, 4)
(66, 4)
(67, 4)
(82, 4)
(83, 4)
(84, 4)
(85, 4)
(86, 4)
(65, 5)
(66, 5)
(67, 5)
(82, 5)
(83, 5)
(84, 5)
(85, 5)
(86, 5)
(82, 6)
(83, 6)
(84, 6)
(85, 6)
(86, 6)
(55, 7)
(56, 7)
(57, 7)
(82, 7)
(83, 7)
(84, 7)
(85, 7)
(86, 7)
(55, 8)
(56, 8)
(57, 8)
(82, 8)
(83, 8)
(84, 8)
(85, 8)
(86, 8)
(55, 9)
(56, 9)
(57, 9)
(55, 10)
(56, 10)
(57, 10)
(75, 10)
(76, 10)
(77, 10)
(78, 10)
(79, 10)
(35, 11)
(36, 11)
(37, 11)
(38, 11)
(39, 11)
(55, 11)
(56, 11)
(57, 11)
(75, 11)
(76, 11)
(77, 11)
(78, 11)
(79, 11)
(8, 12)
(9, 12)
(10, 12)
(11, 12)
(35, 12)
(36, 12)
(37, 12)
(38, 12)
(39, 12)
(75, 12)
(76, 12)
(77, 12)
(78, 12)
(79, 12)
(8, 13)
(9, 13)
(10, 13)
(11, 13)
(35, 13)
(36, 13)
(37, 13)
(38, 13)
(39, 13)
(75, 13)
(76, 13)
(77, 13)
(78, 13)
(79, 13)
(8, 14)
(9, 14)
(10, 14)
(11, 14)
(35, 14)
(36, 14)
(37, 14)
(38, 14)
(39, 14)
(67, 14)
(68, 14)
(69, 14)
(80, 14)
(81, 14)
(82, 14)
(8, 15)
(9, 15)
(10, 15)
(11, 15)
(35, 15)
(36, 15)
(37, 15)
(38, 15)
(39, 15)
(67, 15)
(68, 15)
(69, 15)
(80, 15)
(81, 15)
(82, 15)
(8, 16)
(9, 16)
(10, 16)
(11, 16)
(67, 16)
(68, 16)
(69, 16)
(80, 16)
(81, 16)
(82, 16)
(67, 17)
(68, 17)
(69, 17)
(80, 17)
(81, 17)
(82, 17)
(89, 17)
(90, 17)
(91, 17)
(92, 17)
(0, 18)
(1, 18)
(2, 18)
(3, 18)
(4, 18)
(89, 18)
(90, 18)
(91, 18)
(92, 18)
(0, 19)
(1, 19)
(2, 19)
(3, 19)
(4, 19)
(40, 19)
(41, 19)
(42, 19)
(43, 19)
(73, 19)
(74, 19)
(75, 19)
(76, 19)
(89, 19)
(90, 19)
(91, 19)
(92, 19)
(0, 20)
(1, 20)
(2, 20)
(3, 20)
(4, 20)
(40, 20)
(41, 20)
(42, 20)
(43, 20)
(73, 20)
(74, 20)
(75, 20)
(76, 20)
(40, 21)
(41, 21)
(42, 21)
(43, 21)
(73, 21)
(74, 21)
(75, 21)
(76, 21)
(40, 22)
(41, 22)
(42, 22)
(43, 22)
(73, 22)
(74, 22)
(75, 22)
(76, 22)
(4, 23)
(5, 23)
(6, 23)
(40, 23)
(41, 23)
(42, 23)
(43, 23)
(73, 23)
(74, 23)
(75, 23)
(76, 23)
(4, 24)
(5, 24)
(6, 24)
(19, 24)
(20, 24)
(21, 24)
(22, 24)
(4, 25)
(5, 25)
(6, 25)
(19, 25)
(20, 25)
(21, 25)
(22, 25)
(4, 26)
(5, 26)
(6, 26)
(19, 26)
(20, 26)
(21, 26)
(22, 26)
(73, 26)
(74, 26)
(75, 26)
(76, 26)
(77, 26)
(73, 27)
(74, 27)
(75, 27)
(76, 27)
(77, 27)
(73, 28)
(74, 28)
(75, 28)
(76, 28)
(77, 28)
(96, 30)
(97, 30)
(98, 30)
(99, 30)
(18, 31)
(19, 31)
(20, 31)
(21, 31)
(22, 31)
(65, 31)
(66, 31)
(67, 31)
(68, 31)
(69, 31)
(96, 31)
(97, 31)
(98, 31)
(99, 31)
(18, 32)
(19, 32)
(20, 32)
(21, 32)
(22, 32)
(65, 32)
(66, 32)
(67, 32)
(68, 32)
(69, 32)
(96, 32)
(97, 32)
(98, 32)
(99, 32)
(18, 33)
(19, 33)
(20, 33)
(21, 33)
(22, 33)
(65, 33)
(66, 33)
(67, 33)
(68, 33)
(69, 33)
(96, 33)
(97, 33)
(98, 33)
(99, 33)
(18, 34)
(19, 34)
(20, 34)
(21, 34)
(22, 34)
(52, 34)
(53, 34)
(54, 34)
(55, 34)
(65, 34)
(66, 34)
(67, 34)
(68, 34)
(69, 34)
(96, 34)
(97, 34)
(98, 34)
(99, 34)
(43, 35)
(44, 35)
(45, 35)
(46, 35)
(52, 35)
(53, 35)
(54, 35)
(55, 35)
(65, 35)
(66, 35)
(67, 35)
(68, 35)
(69, 35)
(14, 36)
(15, 36)
(16, 36)
(17, 36)
(18, 36)
(43, 36)
(44, 36)
(45, 36)
(46, 36)
(52, 36)
(53, 36)
(54, 36)
(55, 36)
(14, 37)
(15, 37)
(16, 37)
(17, 37)
(18, 37)
(43, 37)
(44, 37)
(45, 37)
(46, 37)
(49, 37)
(50, 37)
(51, 37)
(14, 38)
(15, 38)
(16, 38)
(17, 38)
(18, 38)
(49, 38)
(50, 38)
(51, 38)
(2, 39)
(3, 39)
(4, 39)
(5, 39)
(6, 39)
(14, 39)
(15, 39)
(16, 39)
(17, 39)
(18, 39)
(49, 39)
(50, 39)
(51, 39)
(2, 40)
(3, 40)
(4, 40)
(5, 40)
(6, 40)
(49, 40)
(50, 40)
(51, 40)
(96, 40)
(97, 40)
(98, 40)
(99, 40)
(2, 41)
(3, 41)
(4, 41)
(5, 41)
(6, 41)
(49, 41)
(50, 41)
(51, 41)
(96, 41)
(97, 41)
(98, 41)
(99, 41)
(2, 42)
(3, 42)
(4, 42)
(5, 42)
(6, 42)
(12, 42)
(13, 42)
(14, 42)
(15, 42)
(16, 42)
(96, 42)
(97, 42)
(98, 42)
(99, 42)
(2, 43)
(3, 43)
(4, 43)
(5, 43)
(6, 43)
(12, 43)
(13, 43)
(14, 43)
(15, 43)
(16, 43)
(96, 43)
(97, 43)
(98, 43)
(99, 43)
(12, 44)
(13, 44)
(14, 44)
(15, 44)
(16, 44)
(51, 44)
(52, 44)
(53, 44)
(54, 44)
(55, 44)
(12, 45)
(13, 45)
(14, 45)
(15, 45)
(16, 45)
(51, 45)
(52, 45)
(53, 45)
(54, 45)
(55, 45)
(51, 46)
(52, 46)
(53, 46)
(54, 46)
(55, 46)
(51, 47)
(52, 47)
(53, 47)
(54, 47)
(55, 47)
(51, 48)
(52, 48)
(53, 48)
(54, 48)
(55, 48)
(40, 53)
(41, 53)
(42, 53)
(43, 53)
(44, 53)
(6, 54)
(7, 54)
(8, 54)
(9, 54)
(40, 54)
(41, 54)
(42, 54)
(43, 54)
(44, 54)
(83, 54)
(84, 54)
(85, 54)
(6, 55)
(7, 55)
(8, 55)
(9, 55)
(40, 55)
(41, 55)
(42, 55)
(43, 55)
(44, 55)
(83, 55)
(84, 55)
(85, 55)
(6, 56)
(7, 56)
(8, 56)
(9, 56)
(23, 56)
(24, 56)
(25, 56)
(27, 56)
(28, 56)
(29, 56)
(30, 56)
(40, 56)
(41, 56)
(42, 56)
(43, 56)
(44, 56)
(83, 56)
(84, 56)
(85, 56)
(6, 57)
(7, 57)
(8, 57)
(9, 57)
(23, 57)
(24, 57)
(25, 57)
(27, 57)
(28, 57)
(29, 57)
(30, 57)
(40, 57)
(41, 57)
(42, 57)
(43, 57)
(44, 57)
(83, 57)
(84, 57)
(85, 57)
(6, 58)
(7, 58)
(8, 58)
(9, 58)
(23, 58)
(24, 58)
(25, 58)
(27, 58)
(28, 58)
(29, 58)
(30, 58)
(83, 58)
(84, 58)
(85, 58)
(23, 59)
(24, 59)
(25, 59)
(27, 59)
(28, 59)
(29, 59)
(30, 59)
(23, 60)
(24, 60)
(25, 60)
(77, 61)
(78, 61)
(79, 61)
(80, 61)
(81, 61)
(37, 62)
(38, 62)
(39, 62)
(40, 62)
(41, 62)
(77, 62)
(78, 62)
(79, 62)
(80, 62)
(81, 62)
(37, 63)
(38, 63)
(39, 63)
(40, 63)
(41, 63)
(77, 63)
(78, 63)
(79, 63)
(80, 63)
(81, 63)
(37, 64)
(38, 64)
(39, 64)
(40, 64)
(41, 64)
(46, 64)
(47, 64)
(48, 64)
(75, 64)
(76, 64)
(77, 64)
(78, 64)
(79, 64)
(37, 65)
(38, 65)
(39, 65)
(40, 65)
(41, 65)
(46, 65)
(47, 65)
(48, 65)
(75, 65)
(76, 65)
(77, 65)
(78, 65)
(79, 65)
(46, 66)
(47, 66)
(48, 66)
(75, 66)
(76, 66)
(77, 66)
(78, 66)
(79, 66)
(46, 67)
(47, 67)
(48, 67)
(75, 67)
(76, 67)
(77, 67)
(78, 67)
(79, 67)
(46, 68)
(47, 68)
(48, 68)
(49, 68)
(50, 68)
(73, 68)
(74, 68)
(75, 68)
(76, 68)
(77, 68)
(46, 69)
(47, 69)
(48, 69)
(49, 69)
(50, 69)
(73, 69)
(74, 69)
(75, 69)
(76, 69)
(77, 69)
(94, 69)
(95, 69)
(96, 69)
(46, 70)
(47, 70)
(48, 70)
(49, 70)
(50, 70)
(73, 70)
(74, 70)
(75, 70)
(76, 70)
(77, 70)
(94, 70)
(95, 70)
(96, 70)
(73, 71)
(74, 71)
(75, 71)
(76, 71)
(77, 71)
(94, 71)
(95, 71)
(96, 71)
(73, 72)
(74, 72)
(75, 72)
(76, 72)
(77, 72)
(94, 72)
(95, 72)
(96, 72)
(61, 73)
(62, 73)
(63, 73)
(64, 73)
(94, 73)
(95, 73)
(96, 73)
(61, 74)
(62, 74)
(63, 74)
(64, 74)
(18, 75)
(19, 75)
(20, 75)
(21, 75)
(22, 75)
(61, 75)
(62, 75)
(63, 75)
(64, 75)
(18, 76)
(19, 76)
(20, 76)
(21, 76)
(22, 76)
(25, 76)
(26, 76)
(27, 76)
(54, 76)
(55, 76)
(56, 76)
(57, 76)
(61, 76)
(62, 76)
(63, 76)
(64, 76)
(18, 77)
(19, 77)
(20, 77)
(21, 77)
(22, 77)
(25, 77)
(26, 77)
(27, 77)
(54, 77)
(55, 77)
(56, 77)
(57, 77)
(61, 77)
(62, 77)
(63, 77)
(64, 77)
(25, 78)
(26, 78)
(27, 78)
(54, 78)
(55, 78)
(56, 78)
(57, 78)
(82, 78)
(83, 78)
(84, 78)
(85, 78)
(91, 78)
(92, 78)
(93, 78)
(25, 79)
(26, 79)
(27, 79)
(54, 79)
(55, 79)
(56, 79)
(57, 79)
(82, 79)
(83, 79)
(84, 79)
(85, 79)
(91, 79)
(92, 79)
(93, 79)
(54, 80)
(55, 80)
(56, 80)
(57, 80)
(82, 80)
(83, 80)
(84, 80)
(85, 80)
(91, 80)
(92, 80)
(93, 80)
(82, 81)
(83, 81)
(84, 81)
(85, 81)
(75, 83)
(76, 83)
(77, 83)
(88, 83)
(89, 83)
(90, 83)
(91, 83)
(75, 84)
(76, 84)
(77, 84)
(88, 84)
(89, 84)
(90, 84)
(91, 84)
(75, 85)
(76, 85)
(77, 85)
(88, 85)
(89, 85)
(90, 85)
(91, 85)
(19, 86)
(20, 86)
(21, 86)
(22, 86)
(88, 86)
(89, 86)
(90, 86)
(91, 86)
(19, 87)
(20, 87)
(21, 87)
(22, 87)
(19, 88)
(20, 88)
(21, 88)
(22, 88)
(86, 89)
(87, 89)
(88, 89)
(89, 89)
(3, 90)
(4, 90)
(5, 90)
(86, 90)
(87, 90)
(88, 90)
(89, 90)
(3, 91)
(4, 91)
(5, 91)
(23, 91)
(24, 91)
(25, 91)
(26, 91)
(27, 91)
(57, 91)
(58, 91)
(59, 91)
(60, 91)
(61, 91)
(86, 91)
(87, 91)
(88, 91)
(89, 91)
(3, 92)
(4, 92)
(5, 92)
(23, 92)
(24, 92)
(25, 92)
(26, 92)
(27, 92)
(57, 92)
(58, 92)
(59, 92)
(60, 92)
(61, 92)
(86, 92)
(87, 92)
(88, 92)
(89, 92)
(23, 93)
(24, 93)
(25, 93)
(26, 93)
(27, 93)
(57, 93)
(58, 93)
(59, 93)
(60, 93)
(61, 93)
(86, 93)
(87, 93)
(88, 93)
(89, 93)
(57, 94)
(58, 94)
(59, 94)
(60, 94)
(61, 94)
(74, 95)
(75, 95)
(76, 95)
(74, 96)
(75, 96)
(76, 96)
(74, 97)
(75, 97)
(76, 97)
(90, 97)
(91, 97)
(92, 97)
(93, 97)
(94, 97)
(90, 98)
(91, 98)
(92, 98)
(93, 98)
(94, 98)
(90, 99)
(91, 99)
(92, 99)
(93, 99)
(94, 99)
-
(0, 4, 1.0, -1, 0.5)
(1, 2, 1.0, -1, 0.5)
(2, 5, 1.0, -1, 0.5)
(3, 1, 1.0, -1, 0.5)
(4, 2, 1.0, -1, 0.5)
(5, 4, 1.0, -1, 0.5)
(6, 5, 1.0, -1, 0.5)
(7, 1, 1.0, -1, 0.5)
(8, 3, 1.0, -1, 0.5)
(9, 3, 1.0, -1, 0.5)
-
(0, (82,46), (2,1))
(1, (48,14), (61,89))
(2, (61,49), (27,41))
(3, (92,63), (40,92))
(4, (85,41), (4,76))
(5, (92,12), (9,26))
(6, (17,56), (84,34))
(7, (99,71), (49,25))
(8, (46,82), (20,93))
(9, (39,35), (35,74))
