100
(60, 7)
(61, 7)
(62, 7)
(60, 8)
(61, 8)
(62, 8)
(60, 9)
(61, 9)
(62, 9)
(94, 12)
(95, 12)
(96, 12)
(94, 13)
(95, 13)
(96, 13)
(94, 14)
(95, 14)
(96, 14)
(94, 15)
(95, 15)
(96, 15)
(28, 16)
(29, 16)
(30, 16)
(31, 16)
(32, 16)
(28, 17)
(29, 17)
(30, 17)
(31, 17)
(32, 17)
(28, 18)
(29, 18)
(30, 18)
(31, 18)
(32, 18)
(28, 19)
(29, 19)
(30, 19)
(31, 19)
(32, 19)
(15, 21)
(16, 21)
(17, 21)
(18, 21)
(15, 22)
(16, 22)
(17, 22)
(18, 22)
(15, 23)
(16, 23)
(17, 23)
(18, 23)
(15, 24)
(16, 24)
(17, 24)
(18, 24)
(15, 25)
(16, 25)
(17, 25)
(18, 25)
(64, 28)
(65, 28)
(66, 28)
(64, 29)
(65, 29)
(66, 29)
(79, 29)
(80, 29)
(81, 29)
(64, 30)
(65, 30)
(66, 30)
(79, 30)
(80, 30)
(81, 30)
(79, 31)
(80, 31)
(81, 31)
(33, 67)
(34, 67)
(35, 67)
(33, 68)
(34, 68)
(35, 68)
(33, 69)
(34, 69)
(35, 69)
(36, 71)
(37, 71)
(38, 71)
(39, 71)
(40, 71)
(36, 72)
(37, 72)
(38, 72)
(39, 72)
(40, 72)
(36, 73)
(37, 73)
(38, 73)
(39, 73)
(40, 73)
(83, 73)
(84, 73)
(85, 73)
(86, 73)
(87, 73)
(36, 74)
(37, 74)
(38, 74)
(39, 74)
(40, 74)
(83, 74)
(84, 74)
(85, 74)
(86, 74)
(87, 74)
(83, 75)
(84, 75)
(85, 75)
(86, 75)
(87, 75)
(83, 76)
(84, 76)
(85, 76)
(86, 76)
(87, 76)
(0, 77)
(1, 77)
(2, 77)
(83, 77)
(84, 77)
(85, 77)
(86, 77)
(87, 77)
(0, 78)
(1, 78)
(2, 78)
(0, 79)
(1, 79)
(2, 79)
(67, 79)
(68, 79)
(69, 79)
(0, 80)
(1, 80)
(2, 80)
(67, 80)
(68, 80)
(69, 80)
(0, 81)
(1, 81)
(2, 81)
(67, 81)
(68, 81)
(69, 81)
(67, 82)
(68, 82)
(69, 82)
(23, 83)
(24, 83)
(25, 83)
(67, 83)
(68, 83)
(69, 83)
(23, 84)
(24, 84)
(25, 84)
(23, 85)
(24, 85)
(25, 85)
(46, 88)
(47, 88)
(48, 88)
(46, 89)
(47, 89)
(48, 89)
(46, 90)
(47, 90)
(48, 90)
(83, 90)
(84, 90)
(85, 90)
(86, 90)
(46, 91)
(47, 91)
(48, 91)
(83, 91)
(84, 91)
(85, 91)
(86, 91)
(46, 92)
(47, 92)
(48, 92)
(83, 92)
(84, 92)
(85, 92)
(86, 92)
(83, 93)
(84, 93)
(85, 93)
(86, 93)
(11, 94)
(12, 94)
(13, 94)
(14, 94)
(15, 94)
(83, 94)
(84, 94)
(85, 94)
(86, 94)
(11, 95)
(12, 95)
(13, 95)
(14, 95)
(15, 95)
(11, 96)
(12, 96)
(13, 96)
(14, 96)
(15, 96)
(11, 97)
(12, 97)
(13, 97)
(14, 97)
(15, 97)
-
(0, 5, 1.0, -1, 0.5)
(1, 2, 1.0, -1, 0.5)
(2, 5, 1.0, -1, 0.5)
(3, 3, 1.0, -1, 0.5)
(4, 2, 1.0, -1, 0.5)
(5, 1, 1.0, -1, 0.5)
(6, 4, 1.0, -1, 0.5)
(7, 1, 1.0, -1, 0.5)
(8, 4, 1.0, -1, 0.5)
(9, 3, 1.0, -1, 0.5)
-
(0, (21,45), (19,91))
(1, (39,50), (27,97))
(2, (16,41), (77,48))
(3, (60,93), (62,31))
(4, (11,74), (75,68))
(5, (21,69), (23,19))
(6, (85,6), (44,65))
(7, (83,67), (15,65))
(8, (19,50), (51,87))
(9, (59,54), (94,56))
