100
(63, 4)
(64, 4)
(65, 4)
(63, 5)
(64, 5)
(65, 5)
(34, 6)
(35, 6)
(36, 6)
(63, 6)
(64, 6)
(65, 6)
(34, 7)
(35, 7)
(36, 7)
(63, 7)
(64, 7)
(65, 7)
(70, 7)
(71, 7)
(72, 7)
(73, 7)
(74, 7)
(34, 8)
(35, 8)
(36, 8)
(70, 8)
(71, 8)
(72, 8)
(73, 8)
(74, 8)
(34, 9)
(35, 9)
(36, 9)
(70, 9)
(71, 9)
(72, 9)
(73, 9)
(74, 9)
(61, 11)
(62, 11)
(63, 11)
(81, 11)
(82, 11)
(83, 11)
(84, 11)
(86, 11)
(87, 11)
(88, 11)
(89, 11)
(90, 11)
(40, 12)
(41, 12)
(42, 12)
(43, 12)
(44, 12)
(61, 12)
(62, 12)
(63, 12)
(81, 12)
(82, 12)
(83, 12)
(84, 12)
(86, 12)
(87, 12)
(88, 12)
(89, 12)
(90, 12)
(31, 13)
(32, 13)
(33, 13)
(34, 13)
(40, 13)
(41, 13)
(42, 13)
(43, 13)
(44, 13)
(61, 13)
(62, 13)
(63, 13)
(81, 13)
(82, 13)
(83, 13)
(84, 13)
(86, 13)
(87, 13)
(88, 13)
(89, 13)
(90, 13)
(31, 14)
(32, 14)
(33, 14)
(34, 14)
(40, 14)
(41, 14)
(42, 14)
(43, 14)
(44, 14)
(81, 14)
(82, 14)
(83, 14)
(84, 14)
(86, 14)
(87, 14)
(88, 14)
(89, 14)
(90, 14)
(31, 15)
(32, 15)
(33, 15)
(34, 15)
(81, 15)
(82, 15)
(83, 15)
(84, 15)
(86, 15)
(87, 15)
(88, 15)
(89, 15)
(90, 15)
(68, 16)
(69, 16)
(70, 16)
(71, 16)
(72, 16)
(68, 17)
(69, 17)
(70, 17)
(71, 17)
(72, 17)
(12, 18)
(13, 18)
(14, 18)
(15, 18)
(16, 18)
(41, 18)
(42, 18)
(43, 18)
(58, 18)
(59, 18)
(60, 18)
(61, 18)
(68, 18)
(69, 18)
(70, 18)
(71, 18)
(72, 18)
(12, 19)
(13, 19)
(14, 19)
(15, 19)
(16, 19)
(41, 19)
(42, 19)
(43, 19)
(58, 19)
(59, 19)
(60, 19)
(61, 19)
(80, 19)
(81, 19)
(82, 19)
(83, 19)
(84, 19)
(12, 20)
(13, 20)
(14, 20)
(15, 20)
(16, 20)
(41, 20)
(42, 20)
(43, 20)
(58, 20)
(59, 20)
(60, 20)
(61, 20)
(80, 20)
(81, 20)
(82, 20)
(83, 20)
(84, 20)
(12, 21)
(13, 21)
(14, 21)
(15, 21)
(16, 21)
(41, 21)
(42, 21)
(43, 21)
(58, 21)
(59, 21)
(60, 21)
(61, 21)
(80, 21)
(81, 21)
(82, 21)
(83, 21)
(84, 21)
(12, 22)
(13, 22)
(14, 22)
(15, 22)
(16, 22)
(41, 22)
(42, 22)
(43, 22)
(58, 22)
(59, 22)
(60, 22)
(61, 22)
(80, 22)
(81, 22)
(82, 22)
(83, 22)
(84, 22)
(91, 25)
(92, 25)
(93, 25)
(94, 25)
(91, 26)
(92, 26)
(93, 26)
(94, 26)
(91, 27)
(92, 27)
(93, 27)
(94, 27)
(47, 31)
(48, 31)
(49, 31)
(50, 31)
(51, 31)
(18, 32)
(19, 32)
(20, 32)
(21, 32)
(47, 32)
(48, 32)
(49, 32)
(50, 32)
(51, 32)
(94, 32)
(95, 32)
(96, 32)
(97, 32)
(98, 32)
(18, 33)
(19, 33)
(20, 33)
(21, 33)
(47, 33)
(48, 33)
(49, 33)
(50, 33)
(51, 33)
(94, 33)
(95, 33)
(96, 33)
(97, 33)
(98, 33)
(18, 34)
(19, 34)
(20, 34)
(21, 34)
(36, 34)
(37, 34)
(38, 34)
(39, 34)
(40, 34)
(94, 34)
(95, 34)
(96, 34)
(97, 34)
(98, 34)
(36, 35)
(37, 35)
(38, 35)
(39, 35)
(40, 35)
(94, 35)
(95, 35)
(96, 35)
(97, 35)
(98, 35)
(36, 36)
(37, 36)
(38, 36)
(39, 36)
(40, 36)
(94, 36)
(95, 36)
(96, 36)
(97, 36)
(98, 36)
(74, 37)
(75, 37)
(76, 37)
(77, 37)
(78, 37)
(74, 38)
(75, 38)
(76, 38)
(77, 38)
(78, 38)
(74, 39)
(75, 39)
(76, 39)
(77, 39)
(78, 39)
(74, 40)
(75, 40)
(76, 40)
(77, 40)
(78, 40)
(7, 43)
(8, 43)
(9, 43)
(10, 43)
(34, 43)
(35, 43)
(36, 43)
(37, 43)
(38, 43)
(61, 43)
(62, 43)
(63, 43)
(64, 43)
(7, 44)
(8, 44)
(9, 44)
(10, 44)
(34, 44)
(35, 44)
(36, 44)
(37, 44)
(38, 44)
(61, 44)
(62, 44)
(63, 44)
(64, 44)
(7, 45)
(8, 45)
(9, 45)
(10, 45)
(34, 45)
(35, 45)
(36, 45)
(37, 45)
(38, 45)
(61, 45)
(62, 45)
(63, 45)
(64, 45)
(29, 46)
(30, 46)
(31, 46)
(32, 46)
(33, 46)
(34, 46)
(35, 46)
(36, 46)
(37, 46)
(38, 46)
(61, 46)
(62, 46)
(63, 46)
(64, 46)
(29, 47)
(30, 47)
(31, 47)
(32, 47)
(33, 47)
(34, 47)
(35, 47)
(36, 47)
(37, 47)
(38, 47)
(61, 47)
(62, 47)
(63, 47)
(64, 47)
(95, 47)
(96, 47)
(97, 47)
(98, 47)
(29, 48)
(30, 48)
(31, 48)
(32, 48)
(33, 48)
(56, 48)
(57, 48)
(58, 48)
(59, 48)
(95, 48)
(96, 48)
(97, 48)
(98, 48)
(29, 49)
(30, 49)
(31, 49)
(32, 49)
(33, 49)
(56, 49)
(57, 49)
(58, 49)
(59, 49)
(95, 49)
(96, 49)
(97, 49)
(98, 49)
(29, 50)
(30, 50)
(31, 50)
(32, 50)
(33, 50)
(56, 50)
(57, 50)
(58, 50)
(59, 50)
(95, 50)
(96, 50)
(97, 50)
(98, 50)
(56, 51)
(57, 51)
(58, 51)
(59, 51)
(94, 51)
(95, 51)
(96, 51)
(97, 51)
(98, 51)
(36, 52)
(37, 52)
(38, 52)
(56, 52)
(57, 52)
(58, 52)
(59, 52)
(94, 52)
(95, 52)
(96, 52)
(97, 52)
(98, 52)
(36, 53)
(37, 53)
(38, 53)
(68, 53)
(69, 53)
(70, 53)
(71, 53)
(94, 53)
(95, 53)
(96, 53)
(97, 53)
(98, 53)
(36, 54)
(37, 54)
(38, 54)
(68, 54)
(69, 54)
(70, 54)
(71, 54)
(36, 55)
(37, 55)
(38, 55)
(68, 55)
(69, 55)
(70, 55)
(71, 55)
(96, 55)
(97, 55)
(98, 55)
(36, 56)
(37, 56)
(38, 56)
(68, 56)
(69, 56)
(70, 56)
(71, 56)
(96, 56)
(97, 56)
(98, 56)
(54, 57)
(55, 57)
(56, 57)
(85, 57)
(86, 57)
(87, 57)
(88, 57)
(96, 57)
(97, 57)
(98, 57)
(54, 58)
(55, 58)
(56, 58)
(85, 58)
(86, 58)
(87, 58)
(88, 58)
(54, 59)
(55, 59)
(56, 59)
(85, 59)
(86, 59)
(87, 59)
(88, 59)
(54, 60)
(55, 60)
(56, 60)
(64, 60)
(65, 60)
(66, 60)
(67, 60)
(85, 60)
(86, 60)
(87, 60)
(88, 60)
(0, 61)
(1, 61)
(2, 61)
(54, 61)
(55, 61)
(56, 61)
(64, 61)
(65, 61)
(66, 61)
(67, 61)
(70, 61)
(71, 61)
(72, 61)
(73, 61)
(0, 62)
(1, 62)
(2, 62)
(64, 62)
(65, 62)
(66, 62)
(67, 62)
(70, 62)
(71, 62)
(72, 62)
(73, 62)
(0, 63)
(1, 63)
(2, 63)
(24, 63)
(25, 63)
(26, 63)
(64, 63)
(65, 63)
(66, 63)
(67, 63)
(70, 63)
(71, 63)
(72, 63)
(73, 63)
(78, 63)
(79, 63)
(80, 63)
(81, 63)
(82, 63)
(0, 64)
(1, 64)
(2, 64)
(24, 64)
(25, 64)
(26, 64)
(70, 64)
(71, 64)
(72, 64)
(73, 64)
(78, 64)
(79, 64)
(80, 64)
(81, 64)
(82, 64)
(24, 65)
(25, 65)
(26, 65)
(78, 65)
(79, 65)
(80, 65)
(81, 65)
(82, 65)
(77, 67)
(78, 67)
(79, 67)
(80, 67)
(77, 68)
(78, 68)
(79, 68)
(80, 68)
(77, 69)
(78, 69)
(79, 69)
(80, 69)
(57, 70)
(58, 70)
(59, 70)
(74, 70)
(75, 70)
(76, 70)
(77, 70)
(78, 70)
(79, 70)
(80, 70)
(57, 71)
(58, 71)
(59, 71)
(74, 71)
(75, 71)
(76, 71)
(77, 71)
(78, 71)
(79, 71)
(80, 71)
(25, 72)
(26, 72)
(27, 72)
(28, 72)
(29, 72)
(57, 72)
(58, 72)
(59, 72)
(74, 72)
(75, 72)
(76, 72)
(25, 73)
(26, 73)
(27, 73)
(28, 73)
(29, 73)
(74, 73)
(75, 73)
(76, 73)
(25, 74)
(26, 74)
(27, 74)
(28, 74)
(29, 74)
(74, 74)
(75, 74)
(76, 74)
(25, 75)
(26, 75)
(27, 75)
(28, 75)
(29, 75)
(55, 75)
(56, 75)
(57, 75)
(58, 75)
(59, 75)
(55, 76)
(56, 76)
(57, 76)
(58, 76)
(59, 76)
(36, 77)
(37, 77)
(38, 77)
(39, 77)
(55, 77)
(56, 77)
(57, 77)
(58, 77)
(59, 77)
(61, 77)
(62, 77)
(63, 77)
(64, 77)
(65, 77)
(36, 78)
(37, 78)
(38, 78)
(39, 78)
(55, 78)
(56, 78)
(57, 78)
(58, 78)
(59, 78)
(61, 78)
(62, 78)
(63, 78)
(64, 78)
(65, 78)
(36, 79)
(37, 79)
(38, 79)
(39, 79)
(55, 79)
(56, 79)
(57, 79)
(58, 79)
(59, 79)
(61, 79)
(62, 79)
(63, 79)
(64, 79)
(65, 79)
(22, 80)
(23, 80)
(24, 80)
(25, 80)
(26, 80)
(36, 80)
(37, 80)
(38, 80)
(39, 80)
(61, 80)
(62, 80)
(63, 80)
(64, 80)
(65, 80)
(22, 81)
(23, 81)
(24, 81)
(25, 81)
(26, 81)
(61, 81)
(62, 81)
(63, 81)
(64, 81)
(65, 81)
(1, 82)
(2, 82)
(3, 82)
(4, 82)
(22, 82)
(23, 82)
(24, 82)
(25, 82)
(26, 82)
(40, 82)
(41, 82)
(42, 82)
(74, 82)
(75, 82)
(76, 82)
(1, 83)
(2, 83)
(3, 83)
(4, 83)
(40, 83)
(41, 83)
(42, 83)
(74, 83)
(75, 83)
(76, 83)
(1, 84)
(2, 84)
(3, 84)
(4, 84)
(40, 84)
(41, 84)
(42, 84)
(74, 84)
(75, 84)
(76, 84)
(1, 85)
(2, 85)
(3, 85)
(4, 85)
(74, 85)
(75, 85)
(76, 85)
(1, 86)
(2, 86)
(3, 86)
(4, 86)
(44, 86)
(45, 86)
(46, 86)
(47, 86)
(48, 86)
(74, 86)
(75, 86)
(76, 86)
(44, 87)
(45, 87)
(46, 87)
(47, 87)
(48, 87)
(20, 88)
(21, 88)
(22, 88)
(23, 88)
(24, 88)
(44, 88)
(45, 88)
(46, 88)
(47, 88)
(48, 88)
(20, 89)
(21, 89)
(22, 89)
(23, 89)
(24, 89)
(44, 89)
(45, 89)
(46, 89)
(47, 89)
(48, 89)
(20, 90)
(21, 90)
(22, 90)
(23, 90)
(24, 90)
(44, 90)
(45, 90)
(46, 90)
(47, 90)
(48, 90)
(65, 90)
(66, 90)
(67, 90)
(68, 90)
(83, 90)
(84, 90)
(85, 90)
(10, 91)
(11, 91)
(12, 91)
(20, 91)
(21, 91)
(22, 91)
(23, 91)
(24, 91)
(65, 91)
(66, 91)
(67, 91)
(68, 91)
(69, 91)
(70, 91)
(71, 91)
(72, 91)
(83, 91)
(84, 91)
(85, 91)
(10, 92)
(11, 92)
(12, 92)
(20, 92)
(21, 92)
(22, 92)
(23, 92)
(24, 92)
(65, 92)
(66, 92)
(67, 92)
(68, 92)
(69, 92)
(70, 92)
(71, 92)
(72, 92)
(83, 92)
(84, 92)
(85, 92)
(10, 93)
(11, 93)
(12, 93)
(65, 93)
(66, 93)
(67, 93)
(68, 93)
(69, 93)
(70, 93)
(71, 93)
(72, 93)
(83, 93)
(84, 93)
(85, 93)
(3, 94)
(4, 94)
(5, 94)
(6, 94)
(65, 94)
(66, 94)
(67, 94)
(68, 94)
(83, 94)
(84, 94)
(85, 94)
(3, 95)
(4, 95)
(5, 95)
(6, 95)
(3, 96)
(4, 96)
(5, 96)
(6, 96)
(26, 96)
(27, 96)
(28, 96)
(29, 96)
(30, 96)
(3, 97)
(4, 97)
(5, 97)
(6, 97)
(26, 97)
(27, 97)
(28, 97)
(29, 97)
(30, 97)
(3, 98)
(4, 98)
(5, 98)
(6, 98)
(26, 98)
(27, 98)
(28, 98)
(29, 98)
(30, 98)
(26, 99)
(27, 99)
(28, 99)
(29, 99)
(30, 99)
-
(0, 2, 1.0, -1, 0.5)
(1, 5, 1.0, -1, 0.5)
(2, 5, 1.0, -1, 0.5)
(3, 1, 1.0, -1, 0.5)
(4, 4, 1.0, -1, 0.5)
(5, 3, 1.0, -1, 0.5)
(6, 3, 1.0, -1, 0.5)
(7, 1, 1.0, -1, 0.5)
(8, 4, 1.0, -1, 0.5)
(9, 2, 1.0, -1, 0.5)
-
(0, (50,38), (98,77))
(1, (47,81), (72,23))
(2, (2,77), (43,95))
(3, (96,21), (36,61))
(4, (92,40), (40,24))
(5, (56,42), (10,63))
(6, (97,8), (55,85))
(7, (77,6), (70,87))
(8, (45,67), (11,53))
(9, (91,28), (0,49))
