100
(54, 2)
(55, 2)
(56, 2)
(54, 3)
(55, 3)
(56, 3)
(54, 4)
(55, 4)
(56, 4)
(80, 4)
(81, 4)
(82, 4)
(83, 4)
(43, 5)
(44, 5)
(45, 5)
(54, 5)
(55, 5)
(56, 5)
(80, 5)
(81, 5)
(82, 5)
(83, 5)
(43, 6)
(44, 6)
(45, 6)
(54, 6)
(55, 6)
(56, 6)
(80, 6)
(81, 6)
(82, 6)
(83, 6)
(43, 7)
(44, 7)
(45, 7)
(64, 7)
(65, 7)
(66, 7)
(67, 7)
(68, 7)
(80, 7)
(81, 7)
(82, 7)
(83, 7)
(33, 8)
(34, 8)
(35, 8)
(43, 8)
(44, 8)
(45, 8)
(64, 8)
(65, 8)
(66, 8)
(67, 8)
(68, 8)
(33, 9)
(34, 9)
(35, 9)
(64, 9)
(65, 9)
(66, 9)
(67, 9)
(68, 9)
(33, 10)
(34, 10)
(35, 10)
(64, 10)
(65, 10)
(66, 10)
(67, 10)
(68, 10)
(33, 11)
(34, 11)
(35, 11)
(64, 11)
(65, 11)
(66, 11)
(67, 11)
(68, 11)
(33, 12)
(34, 12)
(35, 12)
(42, 14)
(43, 14)
(44, 14)
(45, 14)
(46, 14)
(49, 14)
(50, 14)
(51, 14)
(52, 14)
(57, 14)
(58, 14)
(59, 14)
(71, 14)
(72, 14)
(73, 14)
(74, 14)
(75, 14)
(42, 15)
(43, 15)
(44, 15)
(45, 15)
(46, 15)
(49, 15)
(50, 15)
(51, 15)
(52, 15)
(57, 15)
(58, 15)
(59, 15)
(71, 15)
(72, 15)
(73, 15)
(74, 15)
(75, 15)
(42, 16)
(43, 16)
(44, 16)
(45, 16)
(46, 16)
(49, 16)
(50, 16)
(51, 16)
(52, 16)
(57, 16)
(58, 16)
(59, 16)
(71, 16)
(72, 16)
(73, 16)
(74, 16)
(75, 16)
(42, 17)
(43, 17)
(44, 17)
(45, 17)
(46, 17)
(49, 17)
(50, 17)
(51, 17)
(52, 17)
(57, 17)
(58, 17)
(59, 17)
(42, 18)
(43, 18)
(44, 18)
(45, 18)
(46, 18)
(4, 19)
(5, 19)
(6, 19)
(7, 19)
(4, 20)
(5, 20)
(6, 20)
(7, 20)
(58, 20)
(59, 20)
(60, 20)
(84, 20)
(85, 20)
(86, 20)
(87, 20)
(4, 21)
(5, 21)
(6, 21)
(7, 21)
(58, 21)
(59, 21)
(60, 21)
(84, 21)
(85, 21)
(86, 21)
(87, 21)
(58, 22)
(59, 22)
(60, 22)
(84, 22)
(85, 22)
(86, 22)
(87, 22)
(58, 23)
(59, 23)
(60, 23)
(64, 23)
(65, 23)
(66, 23)
(67, 23)
(68, 23)
(84, 23)
(85, 23)
(86, 23)
(87, 23)
(58, 24)
(59, 24)
(60, 24)
(64, 24)
(65, 24)
(66, 24)
(67, 24)
(68, 24)
(84, 24)
(85, 24)
(86, 24)
(87, 24)
(64, 25)
(65, 25)
(66, 25)
(67, 25)
(68, 25)
(64, 26)
(65, 26)
(66, 26)
(67, 26)
(68, 26)
(64, 28)
(65, 28)
(66, 28)
(64, 29)
(65, 29)
(66, 29)
(64, 30)
(65, 30)
(66, 30)
(1, 31)
(2, 31)
(3, 31)
(4, 31)
(64, 31)
(65, 31)
(66, 31)
(1, 32)
(2, 32)
(3, 32)
(4, 32)
(72, 32)
(73, 32)
(74, 32)
(75, 32)
(1, 33)
(2, 33)
(3, 33)
(4, 33)
(56, 33)
(57, 33)
(58, 33)
(59, 33)
(65, 33)
(66, 33)
(67, 33)
(68, 33)
(72, 33)
(73, 33)
(74, 33)
(75, 33)
(94, 33)
(95, 33)
(96, 33)
(56, 34)
(57, 34)
(58, 34)
(59, 34)
(65, 34)
(66, 34)
(67, 34)
(68, 34)
(72, 34)
(73, 34)
(74, 34)
(75, 34)
(94, 34)
(95, 34)
(96, 34)
(56, 35)
(57, 35)
(58, 35)
(59, 35)
(65, 35)
(66, 35)
(67, 35)
(68, 35)
(94, 35)
(95, 35)
(96, 35)
(56, 36)
(57, 36)
(58, 36)
(59, 36)
(65, 36)
(66, 36)
(67, 36)
(68, 36)
(94, 36)
(95, 36)
(96, 36)
(56, 37)
(57, 37)
(58, 37)
(59, 37)
(94, 37)
(95, 37)
(96, 37)
(7, 38)
(8, 38)
(9, 38)
(18, 38)
(19, 38)
(20, 38)
(21, 38)
(22, 38)
(75, 38)
(76, 38)
(77, 38)
(78, 38)
(79, 38)
(7, 39)
(8, 39)
(9, 39)
(18, 39)
(19, 39)
(20, 39)
(21, 39)
(22, 39)
(45, 39)
(46, 39)
(47, 39)
(48, 39)
(49, 39)
(75, 39)
(76, 39)
(77, 39)
(78, 39)
(79, 39)
(7, 40)
(8, 40)
(9, 40)
(18, 40)
(19, 40)
(20, 40)
(21, 40)
(22, 40)
(45, 40)
(46, 40)
(47, 40)
(48, 40)
(49, 40)
(75, 40)
(76, 40)
(77, 40)
(78, 40)
(79, 40)
(7, 41)
(8, 41)
(9, 41)
(18, 41)
(19, 41)
(20, 41)
(21, 41)
(22, 41)
(45, 41)
(46, 41)
(47, 41)
(48, 41)
(49, 41)
(75, 41)
(76, 41)
(77, 41)
(78, 41)
(79, 41)
(18, 42)
(19, 42)
(20, 42)
(21, 42)
(22, 42)
(45, 44)
(46, 44)
(47, 44)
(48, 44)
(45, 45)
(46, 45)
(47, 45)
(48, 45)
(45, 46)
(46, 46)
(47, 46)
(48, 46)
(51, 54)
(52, 54)
(53, 54)
(61, 54)
(62, 54)
(63, 54)
(64, 54)
(65, 54)
(51, 55)
(52, 55)
(53, 55)
(61, 55)
(62, 55)
(63, 55)
(64, 55)
(65, 55)
(51, 56)
(52, 56)
(53, 56)
(61, 56)
(62, 56)
(63, 56)
(64, 56)
(65, 56)
(21, 57)
(22, 57)
(23, 57)
(51, 57)
(52, 57)
(53, 57)
(21, 58)
(22, 58)
(23, 58)
(31, 58)
(32, 58)
(33, 58)
(34, 58)
(35, 58)
(65, 58)
(66, 58)
(67, 58)
(0, 59)
(1, 59)
(2, 59)
(3, 59)
(4, 59)
(21, 59)
(22, 59)
(23, 59)
(31, 59)
(32, 59)
(33, 59)
(34, 59)
(35, 59)
(65, 59)
(66, 59)
(67, 59)
(0, 60)
(1, 60)
(2, 60)
(3, 60)
(4, 60)
(31, 60)
(32, 60)
(33, 60)
(34, 60)
(35, 60)
(65, 60)
(66, 60)
(67, 60)
(0, 61)
(1, 61)
(2, 61)
(3, 61)
(4, 61)
(31, 61)
(32, 61)
(33, 61)
(34, 61)
(35, 61)
(42, 61)
(43, 61)
(44, 61)
(45, 61)
(65, 61)
(66, 61)
(67, 61)
(42, 62)
(43, 62)
(44, 62)
(45, 62)
(50, 62)
(51, 62)
(52, 62)
(53, 62)
(54, 62)
(42, 63)
(43, 63)
(44, 63)
(45, 63)
(50, 63)
(51, 63)
(52, 63)
(53, 63)
(54, 63)
(91, 63)
(92, 63)
(93, 63)
(94, 63)
(42, 64)
(43, 64)
(44, 64)
(45, 64)
(50, 64)
(51, 64)
(52, 64)
(53, 64)
(54, 64)
(91, 64)
(92, 64)
(93, 64)
(94, 64)
(95, 64)
(96, 64)
(97, 64)
(98, 64)
(50, 65)
(51, 65)
(52, 65)
(53, 65)
(54, 65)
(91, 65)
(92, 65)
(93, 65)
(94, 65)
(95, 65)
(96, 65)
(97, 65)
(98, 65)
(50, 66)
(51, 66)
(52, 66)
(53, 66)
(54, 66)
(91, 66)
(92, 66)
(93, 66)
(94, 66)
(95, 66)
(96, 66)
(97, 66)
(98, 66)
(74, 67)
(75, 67)
(76, 67)
(91, 67)
(92, 67)
(93, 67)
(94, 67)
(95, 67)
(96, 67)
(97, 67)
(98, 67)
(74, 68)
(75, 68)
(76, 68)
(74, 69)
(75, 69)
(76, 69)
(74, 70)
(75, 70)
(76, 70)
(82, 70)
(83, 70)
(84, 70)
(85, 70)
(86, 70)
(11, 71)
(12, 71)
(13, 71)
(74, 71)
(75, 71)
(76, 71)
(82, 71)
(83, 71)
(84, 71)
(85, 71)
(86, 71)
(11, 72)
(12, 72)
(13, 72)
(82, 72)
(83, 72)
(84, 72)
(85, 72)
(86, 72)
(11, 73)
(12, 73)
(13, 73)
(82, 73)
(83, 73)
(84, 73)
(85, 73)
(86, 73)
(11, 74)
(12, 74)
(13, 74)
(27, 74)
(28, 74)
(29, 74)
(30, 74)
(31, 74)
(82, 74)
(83, 74)
(84, 74)
(85, 74)
(86, 74)
(11, 75)
(12, 75)
(13, 75)
(27, 75)
(28, 75)
(29, 75)
(30, 75)
(31, 75)
(27, 76)
(28, 76)
(29, 76)
(30, 76)
(31, 76)
(41, 76)
(42, 76)
(43, 76)
(41, 77)
(42, 77)
(43, 77)
(41, 78)
(42, 78)
(43, 78)
(41, 79)
(42, 79)
(43, 79)
(73, 79)
(74, 79)
(75, 79)
(76, 79)
(41, 80)
(42, 80)
(43, 80)
(73, 80)
(74, 80)
(75, 80)
(76, 80)
(73, 81)
(74, 81)
(75, 81)
(76, 81)
(42, 84)
(43, 84)
(44, 84)
(45, 84)
(46, 84)
(52, 84)
(53, 84)
(54, 84)
(55, 84)
(56, 84)
(81, 84)
(82, 84)
(83, 84)
(42, 85)
(43, 85)
(44, 85)
(45, 85)
(46, 85)
(52, 85)
(53, 85)
(54, 85)
(55, 85)
(56, 85)
(81, 85)
(82, 85)
(83, 85)
(17, 86)
(18, 86)
(19, 86)
(42, 86)
(43, 86)
(44, 86)
(45, 86)
(46, 86)
(47, 86)
(48, 86)
(49, 86)
(50, 86)
(52, 86)
(53, 86)
(54, 86)
(55, 86)
(56, 86)
(81, 86)
(82, 86)
(83, 86)
(17, 87)
(18, 87)
(19, 87)
(42, 87)
(43, 87)
(44, 87)
(45, 87)
(46, 87)
(47, 87)
(48, 87)
(49, 87)
(50, 87)
(81, 87)
(82, 87)
(83, 87)
(86, 87)
(87, 87)
(88, 87)
(17, 88)
(18, 88)
(19, 88)
(42, 88)
(43, 88)
(44, 88)
(45, 88)
(46, 88)
(47, 88)
(48, 88)
(49, 88)
(50, 88)
(64, 88)
(65, 88)
(66, 88)
(67, 88)
(86, 88)
(87, 88)
(88, 88)
(17, 89)
(18, 89)
(19, 89)
(64, 89)
(65, 89)
(66, 89)
(67, 89)
(86, 89)
(87, 89)
(88, 89)
(0, 90)
(1, 90)
(2, 90)
(3, 90)
(64, 90)
(65, 90)
(66, 90)
(67, 90)
(86, 90)
(87, 90)
(88, 90)
(0, 91)
(1, 91)
(2, 91)
(3, 91)
(86, 91)
(87, 91)
(88, 91)
(89, 91)
(90, 91)
(91, 91)
(92, 91)
(93, 91)
(96, 91)
(97, 91)
(98, 91)
(0, 92)
(1, 92)
(2, 92)
(3, 92)
(89, 92)
(90, 92)
(91, 92)
(92, 92)
(93, 92)
(96, 92)
(97, 92)
(98, 92)
(0, 93)
(1, 93)
(2, 93)
(3, 93)
(89, 93)
(90, 93)
(91, 93)
(92, 93)
(93, 93)
(96, 93)
(97, 93)
(98, 93)
(0, 94)
(1, 94)
(2, 94)
(3, 94)
(89, 94)
(90, 94)
(91, 94)
(92, 94)
(93, 94)
(96, 94)
(97, 94)
(98, 94)
(96, 95)
(97, 95)
(98, 95)
-
(0, 4, 1.0, -1, 0.5)
(1, 3, 1.0, -1, 0.5)
(2, 5, 1.0, -1, 0.5)
(3, 1, 1.0, -1, 0.5)
(4, 5, 1.0, -1, 0.5)
(5, 4, 1.0, -1, 0.5)
(6, 1, 1.0, -1, 0.5)
(7, 3, 1.0, -1, 0.5)
(8, 2, 1.0, -1, 0.5)
(9, 2, 1.0, -1, 0.5)
-
(0, (95,77), (48,70))
(1, (7,56), (80,80))
(2, (77,63), (4,45))
(3, (54,80), (11,11))
(4, (53,71), (1,78))
(5, (52,28), (83,52))
(6, (20,26), (37,53))
(7, (97,33), (46,74))
(8, (22,89), (22,43))
(9, (90,37), (22,35))
