100
(5, 6)
(6, 6)
(7, 6)
(8, 6)
(9, 6)
(5, 7)
(6, 7)
(7, 7)
(8, 7)
(9, 7)
(5, 8)
(6, 8)
(7, 8)
(8, 8)
(9, 8)
(57, 8)
(58, 8)
(59, 8)
(60, 8)
(57, 9)
(58, 9)
(59, 9)
(60, 9)
(8, 10)
(9, 10)
(10, 10)
(57, 10)
(58, 10)
(59, 10)
(60, 10)
(8, 11)
(9, 11)
(10, 11)
(57, 11)
(58, 11)
(59, 11)
(60, 11)
(8, 12)
(9, 12)
(10, 12)
(57, 12)
(58, 12)
(59, 12)
(60, 12)
(8, 13)
(9, 13)
(10, 13)
(46, 13)
(47, 13)
(48, 13)
(8, 14)
(9, 14)
(10, 14)
(46, 14)
(47, 14)
(48, 14)
(46, 15)
(47, 15)
(48, 15)
(46, 16)
(47, 16)
(48, 16)
(46, 17)
(47, 17)
(48, 17)
(52, 23)
(53, 23)
(54, 23)
(55, 23)
(52, 24)
(53, 24)
(54, 24)
(55, 24)
(2, 25)
(3, 25)
(4, 25)
(5, 25)
(52, 25)
(53, 25)
(54, 25)
(55, 25)
(2, 26)
(3, 26)
(4, 26)
(5, 26)
(8, 26)
(9, 26)
(10, 26)
(11, 26)
(12, 26)
(52, 26)
(53, 26)
(54, 26)
(55, 26)
(2, 27)
(3, 27)
(4, 27)
(5, 27)
(8, 27)
(9, 27)
(10, 27)
(11, 27)
(12, 27)
(52, 27)
(53, 27)
(54, 27)
(55, 27)
(2, 28)
(3, 28)
(4, 28)
(5, 28)
(8, 28)
(9, 28)
(10, 28)
(11, 28)
(12, 28)
(2, 29)
(3, 29)
(4, 29)
(5, 29)
(8, 29)
(9, 29)
(10, 29)
(11, 29)
(12, 29)
(42, 33)
(43, 33)
(44, 33)
(45, 33)
(42, 34)
(43, 34)
(44, 34)
(45, 34)
(42, 35)
(43, 35)
(44, 35)
(45, 35)
(86, 50)
(87, 50)
(88, 50)
(89, 50)
(86, 51)
(87, 51)
(88, 51)
(89, 51)
(19, 52)
(20, 52)
(21, 52)
(22, 52)
(86, 52)
(87, 52)
(88, 52)
(89, 52)
(19, 53)
(20, 53)
(21, 53)
(22, 53)
(86, 53)
(87, 53)
(88, 53)
(89, 53)
(19, 54)
(20, 54)
(21, 54)
(22, 54)
(19, 55)
(20, 55)
(21, 55)
(22, 55)
(72, 60)
(73, 60)
(74, 60)
(75, 60)
(72, 61)
(73, 61)
(74, 61)
(75, 61)
(22, 62)
(23, 62)
(24, 62)
(25, 62)
(72, 62)
(73, 62)
(74, 62)
(75, 62)
(12, 63)
(13, 63)
(14, 63)
(22, 63)
(23, 63)
(24, 63)
(25, 63)
(57, 63)
(58, 63)
(59, 63)
(12, 64)
(13, 64)
(14, 64)
(22, 64)
(23, 64)
(24, 64)
(25, 64)
(57, 64)
(58, 64)
(59, 64)
(78, 64)
(79, 64)
(80, 64)
(81, 64)
(12, 65)
(13, 65)
(14, 65)
(57, 65)
(58, 65)
(59, 65)
(78, 65)
(79, 65)
(80, 65)
(81, 65)
(12, 66)
(13, 66)
(14, 66)
(78, 66)
(79, 66)
(80, 66)
(81, 66)
(78, 67)
(79, 67)
(80, 67)
(81, 67)
(36, 70)
(37, 70)
(38, 70)
(39, 70)
(36, 71)
(37, 71)
(38, 71)
(39, 71)
(36, 72)
(37, 72)
(38, 72)
(39, 72)
(42, 73)
(43, 73)
(44, 73)
(42, 74)
(43, 74)
(44, 74)
(42, 75)
(43, 75)
(44, 75)
(4, 76)
(5, 76)
(6, 76)
(7, 76)
(8, 76)
(42, 76)
(43, 76)
(44, 76)
(4, 77)
(5, 77)
(6, 77)
(7, 77)
(8, 77)
(4, 78)
(5, 78)
(6, 78)
(7, 78)
(8, 78)
(4, 79)
(5, 79)
(6, 79)
(7, 79)
(8, 79)
(4, 80)
(5, 80)
(6, 80)
(7, 80)
(8, 80)
(48, 81)
(49, 81)
(50, 81)
(51, 81)
(48, 82)
(49, 82)
(50, 82)
(51, 82)
(48, 83)
(49, 83)
(50, 83)
(51, 83)
(85, 92)
(86, 92)
(87, 92)
(88, 92)
(85, 93)
(86, 93)
(87, 93)
(88, 93)
(85, 94)
(86, 94)
(87, 94)
(88, 94)
(85, 95)
(86, 95)
(87, 95)
(88, 95)
(85, 96)
(86, 96)
(87, 96)
(88, 96)
-
(0, 1, 1.0, -1, 0.5)
(1, 4, 1.0, -1, 0.5)
(2, 4, 1.0, -1, 0.5)
(3, 2, 1.0, -1, 0.5)
(4, 1, 1.0, -1, 0.5)
(5, 3, 1.0, -1, 0.5)
(6, 5, 1.0, -1, 0.5)
(7, 5, 1.0, -1, 0.5)
(8, 3, 1.0, -1, 0.5)
(9, 2, 1.0, -1, 0.5)
-
(0, (34,85), (17,9))
(1, (71,19), (51,53))
(2, (38,55), (93,9))
(3, (63,76), (84,35))
(4, (11,89), (56,26))
(5, (10,0), (34,65))
(6, (26,88), (32,50))
(7, (28,59), (22,10))
(8, (48,76), (52,4))
(9, (92,45), (23,52))
