100
(89, 0)
(90, 0)
(91, 0)
(7, 1)
(8, 1)
(9, 1)
(10, 1)
(11, 1)
(89, 1)
(90, 1)
(91, 1)
(7, 2)
(8, 2)
(9, 2)
(10, 2)
(11, 2)
(25, 2)
(26, 2)
(27, 2)
(28, 2)
(29, 2)
(89, 2)
(90, 2)
(91, 2)
(7, 3)
(8, 3)
(9, 3)
(10, 3)
(11, 3)
(25, 3)
(26, 3)
(27, 3)
(28, 3)
(29, 3)
(7, 4)
(8, 4)
(9, 4)
(10, 4)
(11, 4)
(25, 4)
(26, 4)
(27, 4)
(28, 4)
(29, 4)
(43, 4)
(44, 4)
(45, 4)
(46, 4)
(47, 4)
(7, 5)
(8, 5)
(9, 5)
(10, 5)
(11, 5)
(25, 5)
(26, 5)
(27, 5)
(28, 5)
(29, 5)
(43, 5)
(44, 5)
(45, 5)
(46, 5)
(47, 5)
(16, 6)
(17, 6)
(18, 6)
(19, 6)
(25, 6)
(26, 6)
(27, 6)
(28, 6)
(29, 6)
(43, 6)
(44, 6)
(45, 6)
(46, 6)
(47, 6)
(16, 7)
(17, 7)
(18, 7)
(19, 7)
(43, 7)
(44, 7)
(45, 7)
(46, 7)
(47, 7)
(16, 8)
(17, 8)
(18, 8)
(19, 8)
(43, 8)
(44, 8)
(45, 8)
(46, 8)
(47, 8)
(88, 8)
(89, 8)
(90, 8)
(11, 9)
(12, 9)
(13, 9)
(16, 9)
(17, 9)
(18, 9)
(19, 9)
(88, 9)
(89, 9)
(90, 9)
(11, 10)
(12, 10)
(13, 10)
(88, 10)
(89, 10)
(90, 10)
(11, 11)
(12, 11)
(13, 11)
(11, 12)
(12, 12)
(13, 12)
(27, 12)
(28, 12)
(29, 12)
(11, 13)
(12, 13)
(13, 13)
(27, 13)
(28, 13)
(29, 13)
(27, 14)
(28, 14)
(29, 14)
(27, 15)
(28, 15)
(29, 15)
(42, 16)
(43, 16)
(44, 16)
(45, 16)
(42, 17)
(43, 17)
(44, 17)
(45, 17)
(57, 17)
(58, 17)
(59, 17)
(60, 17)
(61, 17)
(33, 18)
(34, 18)
(35, 18)
(36, 18)
(37, 18)
(42, 18)
(43, 18)
(44, 18)
(45, 18)
(57, 18)
(58, 18)
(59, 18)
(60, 18)
(61, 18)
(12, 19)
(13, 19)
(14, 19)
(15, 19)
(16, 19)
(33, 19)
(34, 19)
(35, 19)
(36, 19)
(37, 19)
(57, 19)
(58, 19)
(59, 19)
(60, 19)
(61, 19)
(72, 19)
(73, 19)
(74, 19)
(75, 19)
(12, 20)
(13, 20)
(14, 20)
(15, 20)
(16, 20)
(29, 20)
(30, 20)
(31, 20)
(32, 20)
(33, 20)
(34, 20)
(35, 20)
(36, 20)
(37, 20)
(57, 20)
(58, 20)
(59, 20)
(60, 20)
(61, 20)
(72, 20)
(73, 20)
(74, 20)
(75, 20)
(12, 21)
(13, 21)
(14, 21)
(15, 21)
(16, 21)
(29, 21)
(30, 21)
(31, 21)
(32, 21)
(33, 21)
(34, 21)
(35, 21)
(36, 21)
(37, 21)
(57, 21)
(58, 21)
(59, 21)
(60, 21)
(61, 21)
(72, 21)
(73, 21)
(74, 21)
(75, 21)
(29, 22)
(30, 22)
(31, 22)
(32, 22)
(33, 22)
(34, 22)
(35, 22)
(36, 22)
(37, 22)
(7, 23)
(8, 23)
(9, 23)
(34, 23)
(35, 23)
(36, 23)
(37, 23)
(7, 24)
(8, 24)
(9, 24)
(34, 24)
(35, 24)
(36, 24)
(37, 24)
(68, 24)
(69, 24)
(70, 24)
(71, 24)
(7, 25)
(8, 25)
(9, 25)
(34, 25)
(35, 25)
(36, 25)
(37, 25)
(58, 25)
(59, 25)
(60, 25)
(61, 25)
(68, 25)
(69, 25)
(70, 25)
(71, 25)
(34, 26)
(35, 26)
(36, 26)
(37, 26)
(58, 26)
(59, 26)
(60, 26)
(61, 26)
(68, 26)
(69, 26)
(70, 26)
(71, 26)
(58, 27)
(59, 27)
(60, 27)
(61, 27)
(58, 28)
(59, 28)
(60, 28)
(61, 28)
(89, 28)
(90, 28)
(91, 28)
(92, 28)
(93, 28)
(45, 29)
(46, 29)
(47, 29)
(48, 29)
(56, 29)
(57, 29)
(58, 29)
(59, 29)
(60, 29)
(89, 29)
(90, 29)
(91, 29)
(92, 29)
(93, 29)
(45, 30)
(46, 30)
(47, 30)
(48, 30)
(56, 30)
(57, 30)
(58, 30)
(59, 30)
(60, 30)
(89, 30)
(90, 30)
(91, 30)
(92, 30)
(93, 30)
(45, 31)
(46, 31)
(47, 31)
(48, 31)
(56, 31)
(57, 31)
(58, 31)
(59, 31)
(60, 31)
(56, 32)
(57, 32)
(58, 32)
(59, 32)
(60, 32)
(57, 34)
(58, 34)
(59, 34)
(60, 34)
(17, 35)
(18, 35)
(19, 35)
(20, 35)
(36, 35)
(37, 35)
(38, 35)
(39, 35)
(57, 35)
(58, 35)
(59, 35)
(60, 35)
(17, 36)
(18, 36)
(19, 36)
(20, 36)
(36, 36)
(37, 36)
(38, 36)
(39, 36)
(50, 36)
(51, 36)
(52, 36)
(57, 36)
(58, 36)
(59, 36)
(60, 36)
(17, 37)
(18, 37)
(19, 37)
(20, 37)
(28, 37)
(29, 37)
(30, 37)
(36, 37)
(37, 37)
(38, 37)
(39, 37)
(50, 37)
(51, 37)
(52, 37)
(57, 37)
(58, 37)
(59, 37)
(60, 37)
(93, 37)
(94, 37)
(95, 37)
(96, 37)
(28, 38)
(29, 38)
(30, 38)
(36, 38)
(37, 38)
(38, 38)
(39, 38)
(50, 38)
(51, 38)
(52, 38)
(57, 38)
(58, 38)
(59, 38)
(60, 38)
(93, 38)
(94, 38)
(95, 38)
(96, 38)
(28, 39)
(29, 39)
(30, 39)
(50, 39)
(51, 39)
(52, 39)
(93, 39)
(94, 39)
(95, 39)
(96, 39)
(28, 40)
(29, 40)
(30, 40)
(81, 40)
(82, 40)
(83, 40)
(93, 40)
(94, 40)
(95, 40)
(96, 40)
(28, 41)
(29, 41)
(30, 41)
(50, 41)
(51, 41)
(52, 41)
(53, 41)
(60, 41)
(61, 41)
(62, 41)
(63, 41)
(64, 41)
(81, 41)
(82, 41)
(83, 41)
(50, 42)
(51, 42)
(52, 42)
(53, 42)
(60, 42)
(61, 42)
(62, 42)
(63, 42)
(64, 42)
(81, 42)
(82, 42)
(83, 42)
(35, 43)
(36, 43)
(37, 43)
(50, 43)
(51, 43)
(52, 43)
(53, 43)
(60, 43)
(61, 43)
(62, 43)
(63, 43)
(64, 43)
(81, 43)
(82, 43)
(83, 43)
(30, 44)
(31, 44)
(32, 44)
(33, 44)
(34, 44)
(35, 44)
(36, 44)
(37, 44)
(50, 44)
(51, 44)
(52, 44)
(53, 44)
(55, 44)
(56, 44)
(57, 44)
(60, 44)
(61, 44)
(62, 44)
(63, 44)
(64, 44)
(30, 45)
(31, 45)
(32, 45)
(33, 45)
(34, 45)
(35, 45)
(36, 45)
(37, 45)
(55, 45)
(56, 45)
(57, 45)
(60, 45)
(61, 45)
(62, 45)
(63, 45)
(64, 45)
(93, 45)
(94, 45)
(95, 45)
(96, 45)
(30, 46)
(31, 46)
(32, 46)
(33, 46)
(34, 46)
(37, 46)
(38, 46)
(39, 46)
(40, 46)
(55, 46)
(56, 46)
(57, 46)
(93, 46)
(94, 46)
(95, 46)
(96, 46)
(37, 47)
(38, 47)
(39, 47)
(40, 47)
(86, 47)
(87, 47)
(88, 47)
(93, 47)
(94, 47)
(95, 47)
(96, 47)
(37, 48)
(38, 48)
(39, 48)
(40, 48)
(86, 48)
(87, 48)
(88, 48)
(93, 48)
(94, 48)
(95, 48)
(96, 48)
(86, 49)
(87, 49)
(88, 49)
(93, 49)
(94, 49)
(95, 49)
(96, 49)
(36, 50)
(37, 50)
(38, 50)
(39, 50)
(40, 50)
(67, 50)
(68, 50)
(69, 50)
(36, 51)
(37, 51)
(38, 51)
(39, 51)
(40, 51)
(67, 51)
(68, 51)
(69, 51)
(27, 52)
(28, 52)
(29, 52)
(30, 52)
(31, 52)
(36, 52)
(37, 52)
(38, 52)
(39, 52)
(40, 52)
(67, 52)
(68, 52)
(69, 52)
(27, 53)
(28, 53)
(29, 53)
(30, 53)
(31, 53)
(36, 53)
(37, 53)
(38, 53)
(39, 53)
(40, 53)
(70, 53)
(71, 53)
(72, 53)
(73, 53)
(27, 54)
(28, 54)
(29, 54)
(30, 54)
(31, 54)
(70, 54)
(71, 54)
(72, 54)
(73, 54)
(87, 54)
(88, 54)
(89, 54)
(28, 55)
(29, 55)
(30, 55)
(31, 55)
(32, 55)
(70, 55)
(71, 55)
(72, 55)
(73, 55)
(75, 55)
(76, 55)
(77, 55)
(78, 55)
(79, 55)
(87, 55)
(88, 55)
(89, 55)
(28, 56)
(29, 56)
(30, 56)
(31, 56)
(32, 56)
(40, 56)
(41, 56)
(42, 56)
(70, 56)
(71, 56)
(72, 56)
(73, 56)
(75, 56)
(76, 56)
(77, 56)
(78, 56)
(79, 56)
(87, 56)
(88, 56)
(89, 56)
(28, 57)
(29, 57)
(30, 57)
(31, 57)
(32, 57)
(40, 57)
(41, 57)
(42, 57)
(70, 57)
(71, 57)
(72, 57)
(73, 57)
(75, 57)
(76, 57)
(77, 57)
(78, 57)
(79, 57)
(87, 57)
(88, 57)
(89, 57)
(6, 58)
(7, 58)
(8, 58)
(9, 58)
(28, 58)
(29, 58)
(30, 58)
(31, 58)
(32, 58)
(40, 58)
(41, 58)
(42, 58)
(75, 58)
(76, 58)
(77, 58)
(78, 58)
(79, 58)
(6, 59)
(7, 59)
(8, 59)
(9, 59)
(28, 59)
(29, 59)
(30, 59)
(31, 59)
(32, 59)
(40, 59)
(41, 59)
(42, 59)
(54, 59)
(55, 59)
(56, 59)
(57, 59)
(6, 60)
(7, 60)
(8, 60)
(9, 60)
(26, 60)
(27, 60)
(28, 60)
(29, 60)
(40, 60)
(41, 60)
(42, 60)
(54, 60)
(55, 60)
(56, 60)
(57, 60)
(6, 61)
(7, 61)
(8, 61)
(9, 61)
(26, 61)
(27, 61)
(28, 61)
(29, 61)
(42, 61)
(43, 61)
(44, 61)
(45, 61)
(54, 61)
(55, 61)
(56, 61)
(57, 61)
(64, 61)
(65, 61)
(66, 61)
(67, 61)
(6, 62)
(7, 62)
(8, 62)
(9, 62)
(26, 62)
(27, 62)
(28, 62)
(29, 62)
(42, 62)
(43, 62)
(44, 62)
(45, 62)
(50, 62)
(51, 62)
(52, 62)
(53, 62)
(54, 62)
(64, 62)
(65, 62)
(66, 62)
(67, 62)
(75, 62)
(76, 62)
(77, 62)
(78, 62)
(79, 62)
(18, 63)
(19, 63)
(20, 63)
(21, 63)
(22, 63)
(26, 63)
(27, 63)
(28, 63)
(29, 63)
(42, 63)
(43, 63)
(44, 63)
(45, 63)
(50, 63)
(51, 63)
(52, 63)
(53, 63)
(54, 63)
(64, 63)
(65, 63)
(66, 63)
(67, 63)
(75, 63)
(76, 63)
(77, 63)
(78, 63)
(79, 63)
(18, 64)
(19, 64)
(20, 64)
(21, 64)
(22, 64)
(26, 64)
(27, 64)
(28, 64)
(29, 64)
(42, 64)
(43, 64)
(44, 64)
(45, 64)
(50, 64)
(51, 64)
(52, 64)
(53, 64)
(54, 64)
(75, 64)
(76, 64)
(77, 64)
(78, 64)
(79, 64)
(18, 65)
(19, 65)
(20, 65)
(21, 65)
(22, 65)
(50, 65)
(51, 65)
(52, 65)
(53, 65)
(54, 65)
(75, 65)
(76, 65)
(77, 65)
(78, 65)
(79, 65)
(7, 66)
(8, 66)
(9, 66)
(56, 66)
(57, 66)
(58, 66)
(59, 66)
(60, 66)
(7, 67)
(8, 67)
(9, 67)
(36, 67)
(37, 67)
(38, 67)
(56, 67)
(57, 67)
(58, 67)
(59, 67)
(60, 67)
(7, 68)
(8, 68)
(9, 68)
(36, 68)
(37, 68)
(38, 68)
(56, 68)
(57, 68)
(58, 68)
(59, 68)
(60, 68)
(7, 69)
(8, 69)
(9, 69)
(36, 69)
(37, 69)
(38, 69)
(56, 69)
(57, 69)
(58, 69)
(59, 69)
(60, 69)
(5, 70)
(6, 70)
(7, 70)
(8, 70)
(29, 70)
(30, 70)
(31, 70)
(36, 70)
(37, 70)
(38, 70)
(56, 70)
(57, 70)
(58, 70)
(59, 70)
(60, 70)
(5, 71)
(6, 71)
(7, 71)
(8, 71)
(29, 71)
(30, 71)
(31, 71)
(36, 71)
(37, 71)
(38, 71)
(5, 72)
(6, 72)
(7, 72)
(8, 72)
(29, 72)
(30, 72)
(31, 72)
(48, 72)
(49, 72)
(50, 72)
(51, 72)
(5, 73)
(6, 73)
(7, 73)
(8, 73)
(29, 73)
(30, 73)
(31, 73)
(48, 73)
(49, 73)
(50, 73)
(51, 73)
(29, 74)
(30, 74)
(31, 74)
(48, 74)
(49, 74)
(50, 74)
(51, 74)
(80, 74)
(81, 74)
(82, 74)
(19, 75)
(20, 75)
(21, 75)
(22, 75)
(23, 75)
(27, 75)
(28, 75)
(29, 75)
(30, 75)
(31, 75)
(48, 75)
(49, 75)
(50, 75)
(51, 75)
(80, 75)
(81, 75)
(82, 75)
(19, 76)
(20, 76)
(21, 76)
(22, 76)
(23, 76)
(27, 76)
(28, 76)
(29, 76)
(30, 76)
(31, 76)
(48, 76)
(49, 76)
(50, 76)
(51, 76)
(80, 76)
(81, 76)
(82, 76)
(8, 77)
(9, 77)
(10, 77)
(19, 77)
(20, 77)
(21, 77)
(22, 77)
(23, 77)
(27, 77)
(28, 77)
(29, 77)
(30, 77)
(31, 77)
(58, 77)
(59, 77)
(60, 77)
(61, 77)
(62, 77)
(80, 77)
(81, 77)
(82, 77)
(8, 78)
(9, 78)
(10, 78)
(19, 78)
(20, 78)
(21, 78)
(22, 78)
(23, 78)
(58, 78)
(59, 78)
(60, 78)
(61, 78)
(62, 78)
(8, 79)
(9, 79)
(10, 79)
(19, 79)
(20, 79)
(21, 79)
(22, 79)
(23, 79)
(58, 79)
(59, 79)
(60, 79)
(61, 79)
(62, 79)
(1, 80)
(2, 80)
(3, 80)
(8, 80)
(9, 80)
(10, 80)
(58, 80)
(59, 80)
(60, 80)
(61, 80)
(62, 80)
(1, 81)
(2, 81)
(3, 81)
(1, 82)
(2, 82)
(3, 82)
(30, 82)
(31, 82)
(32, 82)
(1, 83)
(2, 83)
(3, 83)
(30, 83)
(31, 83)
(32, 83)
(82, 83)
(83, 83)
(84, 83)
(85, 83)
(1, 84)
(2, 84)
(3, 84)
(30, 84)
(31, 84)
(32, 84)
(82, 84)
(83, 84)
(84, 84)
(85, 84)
(30, 85)
(31, 85)
(32, 85)
(47, 85)
(48, 85)
(49, 85)
(50, 85)
(82, 85)
(83, 85)
(84, 85)
(85, 85)
(30, 86)
(31, 86)
(32, 86)
(47, 86)
(48, 86)
(49, 86)
(50, 86)
(82, 86)
(83, 86)
(84, 86)
(85, 86)
(47, 87)
(48, 87)
(49, 87)
(50, 87)
(82, 87)
(83, 87)
(84, 87)
(85, 87)
(91, 87)
(92, 87)
(93, 87)
(47, 88)
(48, 88)
(49, 88)
(50, 88)
(91, 88)
(92, 88)
(93, 88)
(53, 89)
(54, 89)
(55, 89)
(56, 89)
(91, 89)
(92, 89)
(93, 89)
(1, 90)
(2, 90)
(3, 90)
(4, 90)
(53, 90)
(54, 90)
(55, 90)
(56, 90)
(1, 91)
(2, 91)
(3, 91)
(4, 91)
(53, 91)
(54, 91)
(55, 91)
(56, 91)
(59, 91)
(60, 91)
(61, 91)
(1, 92)
(2, 92)
(3, 92)
(4, 92)
(7, 92)
(8, 92)
(9, 92)
(10, 92)
(11, 92)
(53, 92)
(54, 92)
(55, 92)
(56, 92)
(59, 92)
(60, 92)
(61, 92)
(96, 92)
(97, 92)
(98, 92)
(7, 93)
(8, 93)
(9, 93)
(10, 93)
(11, 93)
(59, 93)
(60, 93)
(61, 93)
(96, 93)
(97, 93)
(98, 93)
(7, 94)
(8, 94)
(9, 94)
(10, 94)
(11, 94)
(29, 94)
(30, 94)
(31, 94)
(96, 94)
(97, 94)
(98, 94)
(7, 95)
(8, 95)
(9, 95)
(10, 95)
(11, 95)
(29, 95)
(30, 95)
(31, 95)
(45, 95)
(46, 95)
(47, 95)
(96, 95)
(97, 95)
(98, 95)
(29, 96)
(30, 96)
(31, 96)
(45, 96)
(46, 96)
(47, 96)
(96, 96)
(97, 96)
(98, 96)
(29, 97)
(30, 97)
(31, 97)
(45, 97)
(46, 97)
(47, 97)
(45, 98)
(46, 98)
(47, 98)
(45, 99)
(46, 99)
(47, 99)
-
(0, 2, 1.0, -1, 0.5)
(1, 4, 1.0, -1, 0.5)
(2, 4, 1.0, -1, 0.5)
(3, 1, 1.0, -1, 0.5)
(4, 5, 1.0, -1, 0.5)
(5, 5, 1.0, -1, 0.5)
(6, 3, 1.0, -1, 0.5)
(7, 2, 1.0, -1, 0.5)
(8, 3, 1.0, -1, 0.5)
(9, 1, 1.0, -1, 0.5)
-
(0, (77,76), (95,23))
(1, (33,6), (49,66))
(2, (70,11), (18,27))
(3, (65,79), (24,61))
(4, (67,94), (91,71))
(5, (22,48), (68,88))
(6, (52,85), (23,90))
(7, (49,70), (14,43))
(8, (60,8), (94,56))
(9, (93,79), (55,86))
