100
(62, 0)
(63, 0)
(64, 0)
(62, 1)
(63, 1)
(64, 1)
(62, 2)
(63, 2)
(64, 2)
(48, 13)
(49, 13)
(50, 13)
(51, 13)
(48, 14)
(49, 14)
(50, 14)
(51, 14)
(48, 15)
(49, 15)
(50, 15)
(51, 15)
(48, 16)
(49, 16)
(50, 16)
(51, 16)
(6, 29)
(7, 29)
(8, 29)
(6, 30)
(7, 30)
(8, 30)
(6, 31)
(7, 31)
(8, 31)
(66, 56)
(67, 56)
(68, 56)
(69, 56)
(66, 57)
(67, 57)
(68, 57)
(69, 57)
(66, 58)
(67, 58)
(68, 58)
(69, 58)
(66, 59)
(67, 59)
(68, 59)
(69, 59)
(31, 60)
(32, 60)
(33, 60)
(34, 60)
(35, 60)
(66, 60)
(67, 60)
(68, 60)
(69, 60)
(31, 61)
(32, 61)
(33, 61)
(34, 61)
(35, 61)
(31, 62)
(32, 62)
(33, 62)
(34, 62)
(35, 62)
(31, 63)
(32, 63)
(33, 63)
(34, 63)
(35, 63)
(65, 63)
(66, 63)
(67, 63)
(68, 63)
(65, 64)
(66, 64)
(67, 64)
(68, 64)
(65, 65)
(66, 65)
(67, 65)
(68, 65)
(65, 66)
(66, 66)
(67, 66)
(68, 66)
(39, 68)
(40, 68)
(41, 68)
(42, 68)
(43, 68)
(39, 69)
(40, 69)
(41, 69)
(42, 69)
(43, 69)
(23, 70)
(24, 70)
(25, 70)
(26, 70)
(39, 70)
(40, 70)
(41, 70)
(42, 70)
(43, 70)
(23, 71)
(24, 71)
(25, 71)
(26, 71)
(39, 71)
(40, 71)
(41, 71)
(42, 71)
(43, 71)
(23, 72)
(24, 72)
(25, 72)
(26, 72)
(92, 80)
(93, 80)
(94, 80)
(92, 81)
(93, 81)
(94, 81)
(72, 82)
(73, 82)
(74, 82)
(75, 82)
(92, 82)
(93, 82)
(94, 82)
(72, 83)
(73, 83)
(74, 83)
(75, 83)
(72, 84)
(73, 84)
(74, 84)
(75, 84)
(72, 85)
(73, 85)
(74, 85)
(75, 85)
-
(0, 4, 1.0, -1, 0.5)
(1, 4, 1.0, -1, 0.5)
(2, 1, 1.0, -1, 0.5)
(3, 5, 1.0, -1, 0.5)
(4, 1, 1.0, -1, 0.5)
(5, 2, 1.0, -1, 0.5)
(6, 5, 1.0, -1, 0.5)
(7, 3, 1.0, -1, 0.5)
(8, 2, 1.0, -1, 0.5)
(9, 3, 1.0, -1, 0.5)
-
(0, (48,40), (21,4))
(1, (39,24), (16,42))
(2, (4,26), (37,56))
(3, (66,73), (38,51))
(4, (50,51), (99,25))
(5, (57,62), (78,0))
(6, (95,5), (65,37))
(7, (19,76), (96,29))
(8, (66,88), (95,44))
(9, (9,26), (23,93))
