100
(63, 6)
(64, 6)
(65, 6)
(66, 6)
(60, 7)
(61, 7)
(62, 7)
(63, 7)
(64, 7)
(65, 7)
(66, 7)
(17, 8)
(18, 8)
(19, 8)
(60, 8)
(61, 8)
(62, 8)
(63, 8)
(64, 8)
(65, 8)
(66, 8)
(17, 9)
(18, 9)
(19, 9)
(60, 9)
(61, 9)
(62, 9)
(63, 9)
(64, 9)
(65, 9)
(66, 9)
(17, 10)
(18, 10)
(19, 10)
(17, 11)
(18, 11)
(19, 11)
(17, 12)
(18, 12)
(19, 12)
(94, 12)
(95, 12)
(96, 12)
(94, 13)
(95, 13)
(96, 13)
(41, 14)
(42, 14)
(43, 14)
(44, 14)
(45, 14)
(94, 14)
(95, 14)
(96, 14)
(41, 15)
(42, 15)
(43, 15)
(44, 15)
(45, 15)
(94, 15)
(95, 15)
(96, 15)
(28, 16)
(29, 16)
(30, 16)
(31, 16)
(32, 16)
(41, 16)
(42, 16)
(43, 16)
(44, 16)
(45, 16)
(28, 17)
(29, 17)
(30, 17)
(31, 17)
(32, 17)
(41, 17)
(42, 17)
(43, 17)
(44, 17)
(45, 17)
(28, 18)
(29, 18)
(30, 18)
(31, 18)
(32, 18)
(28, 19)
(29, 19)
(30, 19)
(31, 19)
(32, 19)
(15, 21)
(16, 21)
(17, 21)
(18, 21)
(15, 22)
(16, 22)
(17, 22)
(18, 22)
(15, 23)
(16, 23)
(17, 23)
(18, 23)
(15, 24)
(16, 24)
(17, 24)
(18, 24)
(15, 25)
(16, 25)
(17, 25)
(18, 25)
(46, 25)
(47, 25)
(48, 25)
(46, 26)
(47, 26)
(48, 26)
(46, 27)
(47, 27)
(48, 27)
(46, 28)
(47, 28)
(48, 28)
(64, 28)
(65, 28)
(66, 28)
(64, 29)
(65, 29)
(66, 29)
(79, 29)
(80, 29)
(81, 29)
(84, 29)
(85, 29)
(86, 29)
(64, 30)
(65, 30)
(66, 30)
(79, 30)
(80, 30)
(81, 30)
(84, 30)
(85, 30)
(86, 30)
(79, 31)
(80, 31)
(81, 31)
(84, 31)
(85, 31)
(86, 31)
(17, 33)
(18, 33)
(19, 33)
(17, 34)
(18, 34)
(19, 34)
(17, 35)
(18, 35)
(19, 35)
(17, 36)
(18, 36)
(19, 36)
(86, 38)
(87, 38)
(88, 38)
(89, 38)
(90, 38)
(86, 39)
(87, 39)
(88, 39)
(89, 39)
(90, 39)
(86, 40)
(87, 40)
(88, 40)
(89, 40)
(90, 40)
(86, 41)
(87, 41)
(88, 41)
(89, 41)
(90, 41)
(86, 42)
(87, 42)
(88, 42)
(89, 42)
(90, 42)
(83, 49)
(84, 49)
(85, 49)
(83, 50)
(84, 50)
(85, 50)
(69, 51)
(70, 51)
(71, 51)
(72, 51)
(83, 51)
(84, 51)
(85, 51)
(69, 52)
(70, 52)
(71, 52)
(72, 52)
(69, 53)
(70, 53)
(71, 53)
(72, 53)
(69, 54)
(70, 54)
(71, 54)
(72, 54)
(46, 55)
(47, 55)
(48, 55)
(49, 55)
(50, 55)
(85, 55)
(86, 55)
(87, 55)
(88, 55)
(46, 56)
(47, 56)
(48, 56)
(49, 56)
(50, 56)
(85, 56)
(86, 56)
(87, 56)
(88, 56)
(46, 57)
(47, 57)
(48, 57)
(49, 57)
(50, 57)
(85, 57)
(86, 57)
(87, 57)
(88, 57)
(46, 58)
(47, 58)
(48, 58)
(49, 58)
(50, 58)
(85, 58)
(86, 58)
(87, 58)
(88, 58)
(46, 59)
(47, 59)
(48, 59)
(49, 59)
(50, 59)
(85, 59)
(86, 59)
(87, 59)
(88, 59)
(9, 64)
(10, 64)
(11, 64)
(9, 65)
(10, 65)
(11, 65)
(9, 66)
(10, 66)
(11, 66)
(33, 67)
(34, 67)
(35, 67)
(33, 68)
(34, 68)
(35, 68)
(33, 69)
(34, 69)
(35, 69)
(36, 71)
(37, 71)
(38, 71)
(39, 71)
(40, 71)
(31, 72)
(32, 72)
(33, 72)
(34, 72)
(36, 72)
(37, 72)
(38, 72)
(39, 72)
(40, 72)
(31, 73)
(32, 73)
(33, 73)
(34, 73)
(36, 73)
(37, 73)
(38, 73)
(39, 73)
(40, 73)
(83, 73)
(84, 73)
(85, 73)
(86, 73)
(87, 73)
(31, 74)
(32, 74)
(33, 74)
(34, 74)
(36, 74)
(37, 74)
(38, 74)
(39, 74)
(40, 74)
(83, 74)
(84, 74)
(85, 74)
(86, 74)
(87, 74)
(31, 75)
(32, 75)
(33, 75)
(34, 75)
(83, 75)
(84, 75)
(85, 75)
(86, 75)
(87, 75)
(31, 76)
(32, 76)
(33, 76)
(34, 76)
(83, 76)
(84, 76)
(85, 76)
(86, 76)
(87, 76)
(0, 77)
(1, 77)
(2, 77)
(83, 77)
(84, 77)
(85, 77)
(86, 77)
(87, 77)
(0, 78)
(1, 78)
(2, 78)
(0, 79)
(1, 79)
(2, 79)
(67, 79)
(68, 79)
(69, 79)
(0, 80)
(1, 80)
(2, 80)
(67, 80)
(68, 80)
(69, 80)
(93, 80)
(94, 80)
(95, 80)
(96, 80)
(97, 80)
(0, 81)
(1, 81)
(2, 81)
(67, 81)
(68, 81)
(69, 81)
(93, 81)
(94, 81)
(95, 81)
(96, 81)
(97, 81)
(67, 82)
(68, 82)
(69, 82)
(93, 82)
(94, 82)
(95, 82)
(96, 82)
(97, 82)
(23, 83)
(24, 83)
(25, 83)
(67, 83)
(68, 83)
(69, 83)
(93, 83)
(94, 83)
(95, 83)
(96, 83)
(97, 83)
(23, 84)
(24, 84)
(25, 84)
(23, 85)
(24, 85)
(25, 85)
(46, 88)
(47, 88)
(48, 88)
(7, 89)
(8, 89)
(9, 89)
(10, 89)
(11, 89)
(46, 89)
(47, 89)
(48, 89)
(7, 90)
(8, 90)
(9, 90)
(10, 90)
(11, 90)
(46, 90)
(47, 90)
(48, 90)
(83, 90)
(84, 90)
(85, 90)
(86, 90)
(7, 91)
(8, 91)
(9, 91)
(10, 91)
(11, 91)
(46, 91)
(47, 91)
(48, 91)
(83, 91)
(84, 91)
(85, 91)
(86, 91)
(7, 92)
(8, 92)
(9, 92)
(10, 92)
(11, 92)
(46, 92)
(47, 92)
(48, 92)
(83, 92)
(84, 92)
(85, 92)
(86, 92)
(7, 93)
(8, 93)
(9, 93)
(10, 93)
(11, 93)
(83, 93)
(84, 93)
(85, 93)
(86, 93)
(11, 94)
(12, 94)
(13, 94)
(14, 94)
(15, 94)
(83, 94)
(84, 94)
(85, 94)
(86, 94)
(11, 95)
(12, 95)
(13, 95)
(14, 95)
(15, 95)
(11, 96)
(12, 96)
(13, 96)
(14, 96)
(15, 96)
(11, 97)
(12, 97)
(13, 97)
(14, 97)
(15, 97)
-
(0, 5, 1.0, -1, 0.5)
(1, 2, 1.0, -1, 0.5)
(2, 5, 1.0, -1, 0.5)
(3, 3, 1.0, -1, 0.5)
(4, 2, 1.0, -1, 0.5)
(5, 1, 1.0, -1, 0.5)
(6, 4, 1.0, -1, 0.5)
(7, 1, 1.0, -1, 0.5)
(8, 4, 1.0, -1, 0.5)
(9, 3, 1.0, -1, 0.5)
-
(0, (21,45), (19,91))
(1, (39,50), (27,97))
(2, (16,41), (77,48))
(3, (60,93), (62,31))
(4, (11,74), (75,68))
(5, (21,69), (23,19))
(6, (85,6), (44,65))
(7, (83,67), (15,65))
(8, (19,50), (51,87))
(9, (59,54), (94,56))
