100
(9, 2)
(10, 2)
(11, 2)
(58, 2)
(59, 2)
(60, 2)
(61, 2)
(62, 2)
(9, 3)
(10, 3)
(11, 3)
(58, 3)
(59, 3)
(60, 3)
(61, 3)
(62, 3)
(9, 4)
(10, 4)
(11, 4)
(58, 4)
(59, 4)
(60, 4)
(61, 4)
(62, 4)
(58, 5)
(59, 5)
(60, 5)
(61, 5)
(62, 5)
(51, 13)
(52, 13)
(53, 13)
(51, 14)
(52, 14)
(53, 14)
(51, 15)
(52, 15)
(53, 15)
(51, 16)
(52, 16)
(53, 16)
(51, 17)
(52, 17)
(53, 17)
(3, 22)
(4, 22)
(5, 22)
(6, 22)
(3, 23)
(4, 23)
(5, 23)
(6, 23)
(3, 24)
(4, 24)
(5, 24)
(6, 24)
(3, 25)
(4, 25)
(5, 25)
(6, 25)
(3, 26)
(4, 26)
(5, 26)
(6, 26)
(66, 43)
(67, 43)
(68, 43)
(69, 43)
(70, 43)
(66, 44)
(67, 44)
(68, 44)
(69, 44)
(70, 44)
(66, 45)
(67, 45)
(68, 45)
(69, 45)
(70, 45)
(66, 46)
(67, 46)
(68, 46)
(69, 46)
(70, 46)
-
(0, 5, 1.0, -1, 0.5)
(1, 1, 1.0, -1, 0.5)
(2, 1, 1.0, -1, 0.5)
(3, 4, 1.0, -1, 0.5)
(4, 4, 1.0, -1, 0.5)
(5, 3, 1.0, -1, 0.5)
(6, 3, 1.0, -1, 0.5)
(7, 2, 1.0, -1, 0.5)
(8, 2, 1.0, -1, 0.5)
(9, 5, 1.0, -1, 0.5)
-
(0, (30,78), (60,66))
(1, (27,88), (3,51))
(2, (94,9), (40,62))
(3, (23,82), (16,42))
(4, (72,84), (82,3))
(5, (33,30), (20,71))
(6, (97,11), (55,5))
(7, (13,32), (19,69))
(8, (61,30), (25,51))
(9, (19,94), (66,56))
