100
(70, 0)
(71, 0)
(72, 0)
(73, 0)
(74, 0)
(75, 0)
(76, 0)
(77, 0)
(78, 0)
(85, 0)
(86, 0)
(87, 0)
(88, 0)
(89, 0)
(90, 0)
(91, 0)
(92, 0)
(93, 0)
(94, 0)
(95, 0)
(96, 0)
(97, 0)
(98, 0)
(99, 0)
(70, 1)
(71, 1)
(72, 1)
(73, 1)
(74, 1)
(75, 1)
(76, 1)
(77, 1)
(85, 1)
(86, 1)
(87, 1)
(88, 1)
(89, 1)
(90, 1)
(91, 1)
(92, 1)
(93, 1)
(94, 1)
(95, 1)
(96, 1)
(97, 1)
(98, 1)
(99, 1)
(70, 2)
(71, 2)
(72, 2)
(73, 2)
(74, 2)
(75, 2)
(76, 2)
(77, 2)
(84, 2)
(85, 2)
(86, 2)
(87, 2)
(88, 2)
(89, 2)
(90, 2)
(91, 2)
(92, 2)
(93, 2)
(94, 2)
(95, 2)
(96, 2)
(97, 2)
(98, 2)
(99, 2)
(74, 3)
(75, 3)
(76, 3)
(77, 3)
(84, 3)
(85, 3)
(86, 3)
(87, 3)
(88, 3)
(89, 3)
(90, 3)
(91, 3)
(92, 3)
(93, 3)
(94, 3)
(95, 3)
(96, 3)
(97, 3)
(98, 3)
(99, 3)
(14, 4)
(15, 4)
(16, 4)
(86, 4)
(87, 4)
(88, 4)
(89, 4)
(90, 4)
(91, 4)
(92, 4)
(93, 4)
(94, 4)
(95, 4)
(96, 4)
(97, 4)
(98, 4)
(99, 4)
(14, 5)
(15, 5)
(16, 5)
(17, 5)
(18, 5)
(19, 5)
(20, 5)
(21, 5)
(22, 5)
(91, 5)
(92, 5)
(94, 5)
(95, 5)
(96, 5)
(97, 5)
(98, 5)
(99, 5)
(0, 6)
(14, 6)
(15, 6)
(16, 6)
(17, 6)
(18, 6)
(19, 6)
(20, 6)
(21, 6)
(22, 6)
(23, 6)
(24, 6)
(25, 6)
(26, 6)
(99, 6)
(0, 7)
(13, 7)
(14, 7)
(15, 7)
(16, 7)
(17, 7)
(18, 7)
(19, 7)
(20, 7)
(21, 7)
(22, 7)
(23, 7)
(24, 7)
(25, 7)
(26, 7)
(27, 7)
(28, 7)
(0, 8)
(13, 8)
(14, 8)
(15, 8)
(16, 8)
(17, 8)
(18, 8)
(19, 8)
(20, 8)
(21, 8)
(22, 8)
(23, 8)
(24, 8)
(25, 8)
(26, 8)
(27, 8)
(28, 8)
(29, 8)
(30, 8)
(31, 8)
(32, 8)
(11, 9)
(12, 9)
(13, 9)
(14, 9)
(15, 9)
(16, 9)
(17, 9)
(18, 9)
(19, 9)
(20, 9)
(21, 9)
(22, 9)
(23, 9)
(24, 9)
(25, 9)
(26, 9)
(27, 9)
(28, 9)
(29, 9)
(30, 9)
(31, 9)
(32, 9)
(33, 9)
(34, 9)
(35, 9)
(36, 9)
(11, 10)
(12, 10)
(13, 10)
(14, 10)
(15, 10)
(16, 10)
(17, 10)
(18, 10)
(19, 10)
(20, 10)
(21, 10)
(22, 10)
(23, 10)
(24, 10)
(25, 10)
(26, 10)
(27, 10)
(28, 10)
(29, 10)
(30, 10)
(31, 10)
(32, 10)
(33, 10)
(34, 10)
(35, 10)
(36, 10)
(37, 10)
(38, 10)
(39, 10)
(40, 10)
(44, 10)
(45, 10)
(11, 11)
(12, 11)
(13, 11)
(14, 11)
(15, 11)
(16, 11)
(19, 11)
(20, 11)
(21, 11)
(22, 11)
(23, 11)
(24, 11)
(25, 11)
(26, 11)
(27, 11)
(28, 11)
(29, 11)
(30, 11)
(31, 11)
(32, 11)
(33, 11)
(34, 11)
(35, 11)
(36, 11)
(37, 11)
(38, 11)
(39, 11)
(40, 11)
(41, 11)
(42, 11)
(43, 11)
(44, 11)
(45, 11)
(46, 11)
(47, 11)
(48, 11)
(49, 11)
(50, 11)
(51, 11)
(11, 12)
(12, 12)
(13, 12)
(14, 12)
(15, 12)
(16, 12)
(23, 12)
(24, 12)
(25, 12)
(26, 12)
(27, 12)
(28, 12)
(29, 12)
(30, 12)
(31, 12)
(32, 12)
(33, 12)
(34, 12)
(35, 12)
(36, 12)
(37, 12)
(38, 12)
(39, 12)
(40, 12)
(41, 12)
(42, 12)
(43, 12)
(44, 12)
(45, 12)
(46, 12)
(47, 12)
(48, 12)
(49, 12)
(50, 12)
(51, 12)
(52, 12)
(53, 12)
(54, 12)
(55, 12)
(10, 13)
(11, 13)
(12, 13)
(13, 13)
(14, 13)
(15, 13)
(16, 13)
(28, 13)
(29, 13)
(30, 13)
(31, 13)
(32, 13)
(33, 13)
(34, 13)
(35, 13)
(36, 13)
(37, 13)
(38, 13)
(39, 13)
(40, 13)
(41, 13)
(42, 13)
(43, 13)
(44, 13)
(45, 13)
(46, 13)
(47, 13)
(48, 13)
(49, 13)
(50, 13)
(51, 13)
(52, 13)
(53, 13)
(54, 13)
(55, 13)
(10, 14)
(11, 14)
(12, 14)
(13, 14)
(14, 14)
(15, 14)
(16, 14)
(29, 14)
(30, 14)
(31, 14)
(32, 14)
(33, 14)
(34, 14)
(35, 14)
(36, 14)
(37, 14)
(38, 14)
(39, 14)
(40, 14)
(41, 14)
(42, 14)
(43, 14)
(44, 14)
(45, 14)
(46, 14)
(47, 14)
(48, 14)
(49, 14)
(50, 14)
(51, 14)
(52, 14)
(53, 14)
(54, 14)
(55, 14)
(56, 14)
(10, 15)
(11, 15)
(12, 15)
(13, 15)
(14, 15)
(15, 15)
(33, 15)
(34, 15)
(35, 15)
(37, 15)
(38, 15)
(39, 15)
(40, 15)
(41, 15)
(42, 15)
(43, 15)
(44, 15)
(45, 15)
(46, 15)
(47, 15)
(48, 15)
(49, 15)
(50, 15)
(51, 15)
(52, 15)
(53, 15)
(54, 15)
(55, 15)
(56, 15)
(73, 15)
(74, 15)
(75, 15)
(76, 15)
(77, 15)
(10, 16)
(11, 16)
(12, 16)
(13, 16)
(14, 16)
(15, 16)
(41, 16)
(42, 16)
(43, 16)
(44, 16)
(45, 16)
(46, 16)
(47, 16)
(48, 16)
(49, 16)
(50, 16)
(51, 16)
(52, 16)
(53, 16)
(54, 16)
(55, 16)
(56, 16)
(57, 16)
(73, 16)
(74, 16)
(75, 16)
(76, 16)
(77, 16)
(9, 17)
(10, 17)
(11, 17)
(12, 17)
(13, 17)
(14, 17)
(15, 17)
(46, 17)
(47, 17)
(49, 17)
(50, 17)
(51, 17)
(52, 17)
(53, 17)
(54, 17)
(55, 17)
(56, 17)
(57, 17)
(73, 17)
(74, 17)
(75, 17)
(76, 17)
(77, 17)
(81, 17)
(82, 17)
(83, 17)
(3, 18)
(4, 18)
(5, 18)
(9, 18)
(10, 18)
(11, 18)
(12, 18)
(13, 18)
(14, 18)
(15, 18)
(51, 18)
(52, 18)
(53, 18)
(54, 18)
(55, 18)
(56, 18)
(57, 18)
(58, 18)
(73, 18)
(74, 18)
(75, 18)
(76, 18)
(77, 18)
(80, 18)
(81, 18)
(82, 18)
(83, 18)
(84, 18)
(85, 18)
(86, 18)
(87, 18)
(88, 18)
(3, 19)
(4, 19)
(5, 19)
(10, 19)
(11, 19)
(12, 19)
(13, 19)
(14, 19)
(15, 19)
(52, 19)
(53, 19)
(54, 19)
(55, 19)
(56, 19)
(57, 19)
(58, 19)
(73, 19)
(74, 19)
(75, 19)
(76, 19)
(77, 19)
(80, 19)
(81, 19)
(82, 19)
(83, 19)
(84, 19)
(85, 19)
(86, 19)
(87, 19)
(88, 19)
(89, 19)
(90, 19)
(91, 19)
(92, 19)
(93, 19)
(3, 20)
(4, 20)
(5, 20)
(10, 20)
(11, 20)
(12, 20)
(13, 20)
(14, 20)
(15, 20)
(25, 20)
(26, 20)
(27, 20)
(45, 20)
(46, 20)
(47, 20)
(48, 20)
(51, 20)
(52, 20)
(53, 20)
(54, 20)
(55, 20)
(56, 20)
(57, 20)
(58, 20)
(59, 20)
(78, 20)
(79, 20)
(80, 20)
(81, 20)
(82, 20)
(83, 20)
(84, 20)
(85, 20)
(86, 20)
(87, 20)
(88, 20)
(89, 20)
(90, 20)
(91, 20)
(92, 20)
(93, 20)
(94, 20)
(95, 20)
(96, 20)
(97, 20)
(98, 20)
(3, 21)
(4, 21)
(5, 21)
(10, 21)
(11, 21)
(12, 21)
(13, 21)
(14, 21)
(25, 21)
(26, 21)
(27, 21)
(45, 21)
(46, 21)
(47, 21)
(48, 21)
(49, 21)
(50, 21)
(51, 21)
(52, 21)
(53, 21)
(54, 21)
(55, 21)
(56, 21)
(57, 21)
(58, 21)
(59, 21)
(77, 21)
(78, 21)
(79, 21)
(80, 21)
(81, 21)
(82, 21)
(83, 21)
(84, 21)
(85, 21)
(86, 21)
(87, 21)
(88, 21)
(89, 21)
(90, 21)
(91, 21)
(92, 21)
(93, 21)
(94, 21)
(95, 21)
(96, 21)
(97, 21)
(98, 21)
(99, 21)
(9, 22)
(10, 22)
(11, 22)
(12, 22)
(13, 22)
(14, 22)
(25, 22)
(26, 22)
(27, 22)
(45, 22)
(46, 22)
(47, 22)
(48, 22)
(50, 22)
(51, 22)
(52, 22)
(53, 22)
(54, 22)
(55, 22)
(56, 22)
(57, 22)
(58, 22)
(59, 22)
(60, 22)
(77, 22)
(78, 22)
(79, 22)
(80, 22)
(81, 22)
(82, 22)
(83, 22)
(84, 22)
(85, 22)
(86, 22)
(87, 22)
(88, 22)
(89, 22)
(90, 22)
(91, 22)
(92, 22)
(93, 22)
(94, 22)
(95, 22)
(96, 22)
(97, 22)
(98, 22)
(99, 22)
(9, 23)
(10, 23)
(11, 23)
(12, 23)
(13, 23)
(14, 23)
(45, 23)
(46, 23)
(47, 23)
(48, 23)
(50, 23)
(51, 23)
(54, 23)
(55, 23)
(56, 23)
(57, 23)
(58, 23)
(59, 23)
(60, 23)
(77, 23)
(78, 23)
(79, 23)
(80, 23)
(81, 23)
(82, 23)
(83, 23)
(84, 23)
(85, 23)
(86, 23)
(87, 23)
(88, 23)
(89, 23)
(90, 23)
(91, 23)
(92, 23)
(93, 23)
(94, 23)
(95, 23)
(96, 23)
(97, 23)
(98, 23)
(99, 23)
(9, 24)
(10, 24)
(11, 24)
(12, 24)
(13, 24)
(14, 24)
(54, 24)
(55, 24)
(56, 24)
(57, 24)
(58, 24)
(59, 24)
(60, 24)
(61, 24)
(76, 24)
(77, 24)
(78, 24)
(79, 24)
(80, 24)
(81, 24)
(82, 24)
(83, 24)
(84, 24)
(85, 24)
(86, 24)
(87, 24)
(88, 24)
(89, 24)
(90, 24)
(91, 24)
(92, 24)
(93, 24)
(94, 24)
(95, 24)
(96, 24)
(97, 24)
(98, 24)
(99, 24)
(9, 25)
(10, 25)
(11, 25)
(12, 25)
(13, 25)
(14, 25)
(55, 25)
(56, 25)
(57, 25)
(58, 25)
(59, 25)
(60, 25)
(76, 25)
(77, 25)
(78, 25)
(79, 25)
(80, 25)
(81, 25)
(82, 25)
(83, 25)
(86, 25)
(87, 25)
(88, 25)
(89, 25)
(90, 25)
(91, 25)
(92, 25)
(93, 25)
(94, 25)
(95, 25)
(96, 25)
(97, 25)
(98, 25)
(99, 25)
(9, 26)
(10, 26)
(11, 26)
(12, 26)
(13, 26)
(14, 26)
(55, 26)
(56, 26)
(57, 26)
(58, 26)
(75, 26)
(76, 26)
(77, 26)
(78, 26)
(79, 26)
(80, 26)
(81, 26)
(82, 26)
(92, 26)
(93, 26)
(94, 26)
(95, 26)
(96, 26)
(97, 26)
(98, 26)
(99, 26)
(9, 27)
(10, 27)
(11, 27)
(12, 27)
(13, 27)
(14, 27)
(56, 27)
(76, 27)
(77, 27)
(78, 27)
(79, 27)
(80, 27)
(81, 27)
(82, 27)
(97, 27)
(98, 27)
(99, 27)
(8, 28)
(9, 28)
(10, 28)
(11, 28)
(12, 28)
(13, 28)
(14, 28)
(20, 28)
(21, 28)
(22, 28)
(44, 28)
(45, 28)
(46, 28)
(47, 28)
(62, 28)
(63, 28)
(76, 28)
(77, 28)
(78, 28)
(79, 28)
(80, 28)
(81, 28)
(82, 28)
(83, 28)
(8, 29)
(9, 29)
(10, 29)
(11, 29)
(12, 29)
(13, 29)
(20, 29)
(21, 29)
(22, 29)
(23, 29)
(24, 29)
(25, 29)
(26, 29)
(44, 29)
(45, 29)
(46, 29)
(47, 29)
(48, 29)
(49, 29)
(50, 29)
(60, 29)
(61, 29)
(62, 29)
(63, 29)
(77, 29)
(78, 29)
(79, 29)
(80, 29)
(81, 29)
(82, 29)
(83, 29)
(84, 29)
(8, 30)
(9, 30)
(10, 30)
(11, 30)
(12, 30)
(13, 30)
(20, 30)
(21, 30)
(22, 30)
(23, 30)
(24, 30)
(25, 30)
(26, 30)
(27, 30)
(28, 30)
(29, 30)
(30, 30)
(44, 30)
(45, 30)
(46, 30)
(47, 30)
(48, 30)
(49, 30)
(50, 30)
(58, 30)
(59, 30)
(60, 30)
(61, 30)
(62, 30)
(63, 30)
(64, 30)
(77, 30)
(78, 30)
(79, 30)
(80, 30)
(81, 30)
(82, 30)
(83, 30)
(84, 30)
(8, 31)
(9, 31)
(10, 31)
(11, 31)
(12, 31)
(13, 31)
(20, 31)
(21, 31)
(22, 31)
(23, 31)
(24, 31)
(25, 31)
(26, 31)
(27, 31)
(28, 31)
(29, 31)
(30, 31)
(31, 31)
(32, 31)
(33, 31)
(34, 31)
(44, 31)
(45, 31)
(46, 31)
(47, 31)
(48, 31)
(49, 31)
(59, 31)
(60, 31)
(61, 31)
(62, 31)
(63, 31)
(64, 31)
(78, 31)
(79, 31)
(80, 31)
(81, 31)
(82, 31)
(83, 31)
(84, 31)
(85, 31)
(7, 32)
(8, 32)
(9, 32)
(10, 32)
(11, 32)
(12, 32)
(13, 32)
(19, 32)
(20, 32)
(21, 32)
(22, 32)
(23, 32)
(24, 32)
(25, 32)
(26, 32)
(27, 32)
(28, 32)
(29, 32)
(30, 32)
(31, 32)
(32, 32)
(33, 32)
(34, 32)
(35, 32)
(36, 32)
(37, 32)
(43, 32)
(44, 32)
(45, 32)
(46, 32)
(47, 32)
(48, 32)
(49, 32)
(59, 32)
(60, 32)
(61, 32)
(62, 32)
(63, 32)
(64, 32)
(65, 32)
(78, 32)
(79, 32)
(80, 32)
(81, 32)
(82, 32)
(83, 32)
(84, 32)
(85, 32)
(7, 33)
(8, 33)
(9, 33)
(10, 33)
(11, 33)
(12, 33)
(13, 33)
(19, 33)
(20, 33)
(21, 33)
(22, 33)
(23, 33)
(24, 33)
(25, 33)
(26, 33)
(27, 33)
(28, 33)
(29, 33)
(30, 33)
(31, 33)
(32, 33)
(33, 33)
(34, 33)
(35, 33)
(36, 33)
(37, 33)
(43, 33)
(44, 33)
(45, 33)
(46, 33)
(47, 33)
(48, 33)
(49, 33)
(60, 33)
(61, 33)
(62, 33)
(63, 33)
(64, 33)
(65, 33)
(79, 33)
(80, 33)
(81, 33)
(82, 33)
(83, 33)
(84, 33)
(85, 33)
(86, 33)
(7, 34)
(8, 34)
(9, 34)
(10, 34)
(11, 34)
(12, 34)
(19, 34)
(20, 34)
(21, 34)
(22, 34)
(23, 34)
(24, 34)
(25, 34)
(26, 34)
(27, 34)
(28, 34)
(29, 34)
(30, 34)
(31, 34)
(32, 34)
(33, 34)
(34, 34)
(35, 34)
(36, 34)
(37, 34)
(43, 34)
(44, 34)
(45, 34)
(46, 34)
(47, 34)
(48, 34)
(49, 34)
(60, 34)
(61, 34)
(62, 34)
(63, 34)
(64, 34)
(65, 34)
(79, 34)
(80, 34)
(81, 34)
(82, 34)
(83, 34)
(84, 34)
(85, 34)
(86, 34)
(7, 35)
(8, 35)
(9, 35)
(10, 35)
(11, 35)
(25, 35)
(26, 35)
(27, 35)
(28, 35)
(29, 35)
(30, 35)
(31, 35)
(32, 35)
(33, 35)
(34, 35)
(35, 35)
(36, 35)
(37, 35)
(43, 35)
(44, 35)
(45, 35)
(46, 35)
(47, 35)
(48, 35)
(61, 35)
(62, 35)
(63, 35)
(64, 35)
(65, 35)
(66, 35)
(80, 35)
(81, 35)
(82, 35)
(83, 35)
(84, 35)
(85, 35)
(86, 35)
(87, 35)
(7, 36)
(8, 36)
(9, 36)
(10, 36)
(11, 36)
(12, 36)
(31, 36)
(32, 36)
(33, 36)
(34, 36)
(35, 36)
(36, 36)
(43, 36)
(44, 36)
(45, 36)
(46, 36)
(47, 36)
(48, 36)
(62, 36)
(63, 36)
(64, 36)
(65, 36)
(66, 36)
(80, 36)
(81, 36)
(82, 36)
(83, 36)
(84, 36)
(85, 36)
(86, 36)
(87, 36)
(6, 37)
(7, 37)
(8, 37)
(9, 37)
(10, 37)
(11, 37)
(12, 37)
(34, 37)
(35, 37)
(36, 37)
(43, 37)
(44, 37)
(45, 37)
(46, 37)
(47, 37)
(48, 37)
(62, 37)
(63, 37)
(64, 37)
(65, 37)
(66, 37)
(67, 37)
(81, 37)
(82, 37)
(83, 37)
(84, 37)
(85, 37)
(86, 37)
(87, 37)
(88, 37)
(6, 38)
(7, 38)
(8, 38)
(9, 38)
(10, 38)
(11, 38)
(42, 38)
(43, 38)
(44, 38)
(45, 38)
(46, 38)
(47, 38)
(48, 38)
(63, 38)
(64, 38)
(65, 38)
(66, 38)
(67, 38)
(82, 38)
(83, 38)
(84, 38)
(85, 38)
(86, 38)
(87, 38)
(88, 38)
(6, 39)
(7, 39)
(8, 39)
(9, 39)
(10, 39)
(11, 39)
(42, 39)
(43, 39)
(44, 39)
(45, 39)
(46, 39)
(47, 39)
(63, 39)
(64, 39)
(65, 39)
(66, 39)
(67, 39)
(68, 39)
(82, 39)
(83, 39)
(84, 39)
(85, 39)
(86, 39)
(87, 39)
(88, 39)
(89, 39)
(5, 40)
(6, 40)
(7, 40)
(8, 40)
(9, 40)
(10, 40)
(11, 40)
(42, 40)
(43, 40)
(44, 40)
(45, 40)
(46, 40)
(47, 40)
(64, 40)
(65, 40)
(66, 40)
(67, 40)
(68, 40)
(71, 40)
(72, 40)
(73, 40)
(74, 40)
(83, 40)
(84, 40)
(85, 40)
(86, 40)
(87, 40)
(88, 40)
(89, 40)
(90, 40)
(5, 41)
(6, 41)
(7, 41)
(8, 41)
(9, 41)
(10, 41)
(42, 41)
(43, 41)
(44, 41)
(45, 41)
(46, 41)
(47, 41)
(64, 41)
(65, 41)
(66, 41)
(67, 41)
(68, 41)
(69, 41)
(71, 41)
(72, 41)
(73, 41)
(74, 41)
(83, 41)
(84, 41)
(85, 41)
(86, 41)
(87, 41)
(88, 41)
(89, 41)
(90, 41)
(5, 42)
(6, 42)
(7, 42)
(8, 42)
(9, 42)
(10, 42)
(42, 42)
(43, 42)
(44, 42)
(45, 42)
(46, 42)
(47, 42)
(65, 42)
(66, 42)
(67, 42)
(68, 42)
(69, 42)
(71, 42)
(72, 42)
(73, 42)
(74, 42)
(84, 42)
(85, 42)
(86, 42)
(87, 42)
(88, 42)
(89, 42)
(90, 42)
(91, 42)
(5, 43)
(6, 43)
(7, 43)
(8, 43)
(9, 43)
(10, 43)
(42, 43)
(43, 43)
(44, 43)
(45, 43)
(46, 43)
(65, 43)
(66, 43)
(67, 43)
(68, 43)
(69, 43)
(70, 43)
(71, 43)
(72, 43)
(73, 43)
(74, 43)
(85, 43)
(86, 43)
(87, 43)
(88, 43)
(89, 43)
(90, 43)
(91, 43)
(5, 44)
(6, 44)
(7, 44)
(8, 44)
(9, 44)
(10, 44)
(17, 44)
(18, 44)
(41, 44)
(42, 44)
(43, 44)
(44, 44)
(45, 44)
(46, 44)
(66, 44)
(67, 44)
(68, 44)
(69, 44)
(70, 44)
(71, 44)
(72, 44)
(73, 44)
(74, 44)
(85, 44)
(86, 44)
(87, 44)
(88, 44)
(89, 44)
(90, 44)
(91, 44)
(92, 44)
(4, 45)
(5, 45)
(6, 45)
(7, 45)
(8, 45)
(9, 45)
(10, 45)
(17, 45)
(18, 45)
(19, 45)
(20, 45)
(21, 45)
(41, 45)
(42, 45)
(43, 45)
(44, 45)
(45, 45)
(46, 45)
(66, 45)
(67, 45)
(68, 45)
(69, 45)
(70, 45)
(71, 45)
(86, 45)
(87, 45)
(88, 45)
(89, 45)
(90, 45)
(91, 45)
(92, 45)
(4, 46)
(5, 46)
(6, 46)
(7, 46)
(8, 46)
(9, 46)
(17, 46)
(18, 46)
(19, 46)
(20, 46)
(21, 46)
(22, 46)
(23, 46)
(24, 46)
(25, 46)
(26, 46)
(41, 46)
(42, 46)
(43, 46)
(44, 46)
(45, 46)
(46, 46)
(67, 46)
(68, 46)
(69, 46)
(70, 46)
(71, 46)
(86, 46)
(87, 46)
(88, 46)
(89, 46)
(90, 46)
(91, 46)
(92, 46)
(93, 46)
(4, 47)
(5, 47)
(6, 47)
(7, 47)
(8, 47)
(9, 47)
(16, 47)
(17, 47)
(18, 47)
(19, 47)
(20, 47)
(21, 47)
(22, 47)
(23, 47)
(24, 47)
(25, 47)
(26, 47)
(27, 47)
(28, 47)
(29, 47)
(30, 47)
(31, 47)
(40, 47)
(41, 47)
(42, 47)
(43, 47)
(44, 47)
(45, 47)
(67, 47)
(68, 47)
(69, 47)
(70, 47)
(71, 47)
(72, 47)
(73, 47)
(87, 47)
(88, 47)
(89, 47)
(90, 47)
(91, 47)
(92, 47)
(93, 47)
(94, 47)
(7, 48)
(8, 48)
(9, 48)
(16, 48)
(17, 48)
(18, 48)
(19, 48)
(20, 48)
(21, 48)
(22, 48)
(23, 48)
(24, 48)
(25, 48)
(26, 48)
(27, 48)
(28, 48)
(29, 48)
(30, 48)
(31, 48)
(32, 48)
(33, 48)
(34, 48)
(40, 48)
(41, 48)
(42, 48)
(43, 48)
(44, 48)
(45, 48)
(46, 48)
(68, 48)
(69, 48)
(70, 48)
(71, 48)
(72, 48)
(73, 48)
(87, 48)
(88, 48)
(89, 48)
(90, 48)
(91, 48)
(92, 48)
(93, 48)
(94, 48)
(16, 49)
(17, 49)
(18, 49)
(19, 49)
(20, 49)
(21, 49)
(22, 49)
(23, 49)
(24, 49)
(25, 49)
(26, 49)
(27, 49)
(28, 49)
(29, 49)
(30, 49)
(31, 49)
(32, 49)
(33, 49)
(34, 49)
(40, 49)
(41, 49)
(42, 49)
(43, 49)
(44, 49)
(45, 49)
(46, 49)
(68, 49)
(69, 49)
(70, 49)
(71, 49)
(72, 49)
(73, 49)
(74, 49)
(88, 49)
(89, 49)
(90, 49)
(91, 49)
(92, 49)
(93, 49)
(94, 49)
(95, 49)
(16, 50)
(17, 50)
(18, 50)
(19, 50)
(20, 50)
(21, 50)
(22, 50)
(23, 50)
(24, 50)
(25, 50)
(26, 50)
(27, 50)
(28, 50)
(29, 50)
(30, 50)
(31, 50)
(32, 50)
(33, 50)
(34, 50)
(40, 50)
(41, 50)
(42, 50)
(43, 50)
(44, 50)
(45, 50)
(69, 50)
(70, 50)
(71, 50)
(72, 50)
(73, 50)
(74, 50)
(88, 50)
(89, 50)
(90, 50)
(91, 50)
(92, 50)
(93, 50)
(94, 50)
(95, 50)
(21, 51)
(22, 51)
(23, 51)
(24, 51)
(25, 51)
(26, 51)
(27, 51)
(28, 51)
(29, 51)
(30, 51)
(31, 51)
(32, 51)
(33, 51)
(34, 51)
(39, 51)
(40, 51)
(41, 51)
(42, 51)
(43, 51)
(44, 51)
(45, 51)
(50, 51)
(51, 51)
(52, 51)
(69, 51)
(70, 51)
(71, 51)
(72, 51)
(73, 51)
(74, 51)
(75, 51)
(89, 51)
(90, 51)
(91, 51)
(92, 51)
(93, 51)
(94, 51)
(95, 51)
(96, 51)
(15, 52)
(16, 52)
(17, 52)
(18, 52)
(19, 52)
(27, 52)
(28, 52)
(29, 52)
(30, 52)
(31, 52)
(32, 52)
(33, 52)
(39, 52)
(40, 52)
(41, 52)
(42, 52)
(43, 52)
(44, 52)
(45, 52)
(50, 52)
(51, 52)
(52, 52)
(53, 52)
(54, 52)
(55, 52)
(56, 52)
(57, 52)
(58, 52)
(70, 52)
(71, 52)
(72, 52)
(73, 52)
(74, 52)
(75, 52)
(89, 52)
(90, 52)
(91, 52)
(92, 52)
(93, 52)
(94, 52)
(15, 53)
(16, 53)
(17, 53)
(18, 53)
(19, 53)
(30, 53)
(31, 53)
(32, 53)
(33, 53)
(39, 53)
(40, 53)
(41, 53)
(42, 53)
(43, 53)
(44, 53)
(45, 53)
(50, 53)
(51, 53)
(52, 53)
(53, 53)
(54, 53)
(55, 53)
(56, 53)
(57, 53)
(58, 53)
(59, 53)
(60, 53)
(61, 53)
(62, 53)
(63, 53)
(70, 53)
(71, 53)
(72, 53)
(73, 53)
(74, 53)
(75, 53)
(76, 53)
(90, 53)
(91, 53)
(92, 53)
(15, 54)
(16, 54)
(17, 54)
(18, 54)
(19, 54)
(39, 54)
(40, 54)
(41, 54)
(42, 54)
(43, 54)
(44, 54)
(49, 54)
(50, 54)
(51, 54)
(52, 54)
(53, 54)
(54, 54)
(55, 54)
(56, 54)
(57, 54)
(58, 54)
(59, 54)
(60, 54)
(61, 54)
(62, 54)
(63, 54)
(64, 54)
(65, 54)
(66, 54)
(71, 54)
(72, 54)
(73, 54)
(74, 54)
(75, 54)
(76, 54)
(90, 54)
(15, 55)
(16, 55)
(17, 55)
(18, 55)
(19, 55)
(40, 55)
(41, 55)
(42, 55)
(43, 55)
(44, 55)
(49, 55)
(50, 55)
(51, 55)
(52, 55)
(53, 55)
(54, 55)
(55, 55)
(56, 55)
(57, 55)
(58, 55)
(59, 55)
(60, 55)
(61, 55)
(62, 55)
(63, 55)
(64, 55)
(65, 55)
(70, 55)
(71, 55)
(72, 55)
(73, 55)
(74, 55)
(75, 55)
(76, 55)
(77, 55)
(49, 56)
(50, 56)
(51, 56)
(52, 56)
(53, 56)
(54, 56)
(55, 56)
(56, 56)
(57, 56)
(58, 56)
(59, 56)
(60, 56)
(61, 56)
(62, 56)
(63, 56)
(64, 56)
(65, 56)
(70, 56)
(71, 56)
(72, 56)
(73, 56)
(74, 56)
(75, 56)
(76, 56)
(77, 56)
(51, 57)
(52, 57)
(53, 57)
(54, 57)
(55, 57)
(56, 57)
(57, 57)
(58, 57)
(59, 57)
(60, 57)
(61, 57)
(62, 57)
(63, 57)
(64, 57)
(65, 57)
(69, 57)
(70, 57)
(71, 57)
(72, 57)
(73, 57)
(74, 57)
(75, 57)
(76, 57)
(6, 58)
(7, 58)
(56, 58)
(57, 58)
(58, 58)
(59, 58)
(60, 58)
(61, 58)
(62, 58)
(63, 58)
(64, 58)
(69, 58)
(70, 58)
(71, 58)
(72, 58)
(73, 58)
(74, 58)
(75, 58)
(76, 58)
(6, 59)
(7, 59)
(8, 59)
(9, 59)
(10, 59)
(11, 59)
(60, 59)
(61, 59)
(62, 59)
(63, 59)
(64, 59)
(68, 59)
(69, 59)
(70, 59)
(71, 59)
(72, 59)
(73, 59)
(74, 59)
(75, 59)
(5, 60)
(6, 60)
(7, 60)
(8, 60)
(9, 60)
(10, 60)
(11, 60)
(12, 60)
(13, 60)
(68, 60)
(69, 60)
(70, 60)
(71, 60)
(72, 60)
(73, 60)
(74, 60)
(75, 60)
(2, 61)
(3, 61)
(5, 61)
(6, 61)
(7, 61)
(8, 61)
(9, 61)
(10, 61)
(11, 61)
(12, 61)
(13, 61)
(71, 61)
(72, 61)
(73, 61)
(74, 61)
(98, 61)
(99, 61)
(2, 62)
(3, 62)
(4, 62)
(5, 62)
(6, 62)
(7, 62)
(8, 62)
(9, 62)
(10, 62)
(11, 62)
(12, 62)
(13, 62)
(22, 62)
(23, 62)
(24, 62)
(98, 62)
(99, 62)
(2, 63)
(3, 63)
(4, 63)
(5, 63)
(6, 63)
(7, 63)
(8, 63)
(9, 63)
(10, 63)
(11, 63)
(12, 63)
(22, 63)
(23, 63)
(24, 63)
(25, 63)
(26, 63)
(27, 63)
(28, 63)
(98, 63)
(99, 63)
(1, 64)
(2, 64)
(3, 64)
(4, 64)
(5, 64)
(6, 64)
(7, 64)
(8, 64)
(9, 64)
(10, 64)
(11, 64)
(12, 64)
(22, 64)
(23, 64)
(24, 64)
(25, 64)
(26, 64)
(27, 64)
(28, 64)
(99, 64)
(1, 65)
(2, 65)
(3, 65)
(4, 65)
(5, 65)
(6, 65)
(7, 65)
(10, 65)
(11, 65)
(12, 65)
(22, 65)
(23, 65)
(24, 65)
(25, 65)
(26, 65)
(27, 65)
(28, 65)
(98, 65)
(99, 65)
(1, 66)
(2, 66)
(3, 66)
(4, 66)
(5, 66)
(6, 66)
(7, 66)
(22, 66)
(23, 66)
(24, 66)
(25, 66)
(26, 66)
(27, 66)
(47, 66)
(48, 66)
(49, 66)
(98, 66)
(99, 66)
(1, 67)
(2, 67)
(3, 67)
(4, 67)
(5, 67)
(6, 67)
(22, 67)
(23, 67)
(24, 67)
(25, 67)
(26, 67)
(27, 67)
(47, 67)
(48, 67)
(49, 67)
(50, 67)
(51, 67)
(52, 67)
(53, 67)
(1, 68)
(2, 68)
(3, 68)
(4, 68)
(5, 68)
(6, 68)
(22, 68)
(23, 68)
(24, 68)
(25, 68)
(26, 68)
(27, 68)
(46, 68)
(47, 68)
(48, 68)
(49, 68)
(50, 68)
(51, 68)
(52, 68)
(53, 68)
(54, 68)
(55, 68)
(56, 68)
(57, 68)
(68, 68)
(69, 68)
(70, 68)
(0, 69)
(1, 69)
(2, 69)
(3, 69)
(4, 69)
(5, 69)
(6, 69)
(21, 69)
(22, 69)
(23, 69)
(24, 69)
(25, 69)
(26, 69)
(27, 69)
(46, 69)
(47, 69)
(48, 69)
(49, 69)
(50, 69)
(51, 69)
(52, 69)
(53, 69)
(54, 69)
(55, 69)
(56, 69)
(57, 69)
(58, 69)
(59, 69)
(60, 69)
(61, 69)
(68, 69)
(69, 69)
(70, 69)
(0, 70)
(1, 70)
(2, 70)
(3, 70)
(4, 70)
(5, 70)
(6, 70)
(21, 70)
(22, 70)
(23, 70)
(24, 70)
(25, 70)
(26, 70)
(27, 70)
(45, 70)
(46, 70)
(47, 70)
(48, 70)
(49, 70)
(50, 70)
(51, 70)
(52, 70)
(53, 70)
(54, 70)
(55, 70)
(56, 70)
(57, 70)
(58, 70)
(59, 70)
(60, 70)
(61, 70)
(62, 70)
(63, 70)
(64, 70)
(65, 70)
(66, 70)
(67, 70)
(68, 70)
(69, 70)
(70, 70)
(0, 71)
(1, 71)
(2, 71)
(3, 71)
(4, 71)
(5, 71)
(6, 71)
(21, 71)
(22, 71)
(23, 71)
(24, 71)
(25, 71)
(26, 71)
(45, 71)
(46, 71)
(47, 71)
(48, 71)
(49, 71)
(50, 71)
(51, 71)
(52, 71)
(53, 71)
(54, 71)
(55, 71)
(56, 71)
(57, 71)
(58, 71)
(59, 71)
(60, 71)
(61, 71)
(62, 71)
(63, 71)
(64, 71)
(65, 71)
(66, 71)
(67, 71)
(68, 71)
(69, 71)
(70, 71)
(71, 71)
(72, 71)
(0, 72)
(1, 72)
(2, 72)
(3, 72)
(4, 72)
(5, 72)
(21, 72)
(22, 72)
(23, 72)
(24, 72)
(25, 72)
(26, 72)
(45, 72)
(46, 72)
(47, 72)
(48, 72)
(49, 72)
(50, 72)
(51, 72)
(52, 72)
(53, 72)
(54, 72)
(55, 72)
(56, 72)
(57, 72)
(58, 72)
(59, 72)
(60, 72)
(61, 72)
(62, 72)
(63, 72)
(64, 72)
(65, 72)
(66, 72)
(67, 72)
(68, 72)
(69, 72)
(70, 72)
(71, 72)
(72, 72)
(73, 72)
(74, 72)
(75, 72)
(76, 72)
(77, 72)
(78, 72)
(0, 73)
(1, 73)
(2, 73)
(3, 73)
(4, 73)
(5, 73)
(20, 73)
(21, 73)
(22, 73)
(23, 73)
(24, 73)
(25, 73)
(26, 73)
(45, 73)
(46, 73)
(47, 73)
(48, 73)
(49, 73)
(50, 73)
(51, 73)
(52, 73)
(53, 73)
(54, 73)
(55, 73)
(56, 73)
(57, 73)
(58, 73)
(59, 73)
(60, 73)
(61, 73)
(62, 73)
(63, 73)
(64, 73)
(65, 73)
(66, 73)
(67, 73)
(68, 73)
(69, 73)
(70, 73)
(71, 73)
(72, 73)
(73, 73)
(74, 73)
(75, 73)
(76, 73)
(77, 73)
(78, 73)
(79, 73)
(80, 73)
(81, 73)
(82, 73)
(0, 74)
(1, 74)
(2, 74)
(3, 74)
(4, 74)
(5, 74)
(20, 74)
(21, 74)
(22, 74)
(23, 74)
(24, 74)
(25, 74)
(26, 74)
(45, 74)
(46, 74)
(47, 74)
(48, 74)
(49, 74)
(50, 74)
(51, 74)
(55, 74)
(56, 74)
(57, 74)
(58, 74)
(59, 74)
(60, 74)
(61, 74)
(62, 74)
(63, 74)
(64, 74)
(65, 74)
(66, 74)
(67, 74)
(68, 74)
(69, 74)
(70, 74)
(71, 74)
(72, 74)
(73, 74)
(74, 74)
(75, 74)
(76, 74)
(77, 74)
(78, 74)
(79, 74)
(80, 74)
(81, 74)
(82, 74)
(83, 74)
(84, 74)
(0, 75)
(1, 75)
(2, 75)
(3, 75)
(4, 75)
(5, 75)
(20, 75)
(21, 75)
(22, 75)
(23, 75)
(24, 75)
(25, 75)
(26, 75)
(44, 75)
(45, 75)
(46, 75)
(47, 75)
(48, 75)
(49, 75)
(50, 75)
(64, 75)
(65, 75)
(66, 75)
(67, 75)
(68, 75)
(69, 75)
(70, 75)
(71, 75)
(72, 75)
(73, 75)
(74, 75)
(75, 75)
(76, 75)
(77, 75)
(78, 75)
(79, 75)
(80, 75)
(81, 75)
(82, 75)
(83, 75)
(84, 75)
(85, 75)
(86, 75)
(0, 76)
(1, 76)
(2, 76)
(3, 76)
(4, 76)
(5, 76)
(20, 76)
(21, 76)
(22, 76)
(23, 76)
(24, 76)
(25, 76)
(44, 76)
(45, 76)
(46, 76)
(47, 76)
(48, 76)
(49, 76)
(50, 76)
(69, 76)
(70, 76)
(71, 76)
(72, 76)
(73, 76)
(74, 76)
(75, 76)
(76, 76)
(77, 76)
(78, 76)
(79, 76)
(80, 76)
(81, 76)
(82, 76)
(83, 76)
(84, 76)
(85, 76)
(86, 76)
(87, 76)
(88, 76)
(0, 77)
(1, 77)
(2, 77)
(3, 77)
(4, 77)
(5, 77)
(19, 77)
(20, 77)
(21, 77)
(22, 77)
(23, 77)
(24, 77)
(25, 77)
(44, 77)
(45, 77)
(46, 77)
(47, 77)
(48, 77)
(49, 77)
(50, 77)
(75, 77)
(76, 77)
(77, 77)
(78, 77)
(79, 77)
(80, 77)
(81, 77)
(82, 77)
(83, 77)
(84, 77)
(85, 77)
(86, 77)
(87, 77)
(88, 77)
(89, 77)
(90, 77)
(0, 78)
(1, 78)
(2, 78)
(3, 78)
(4, 78)
(19, 78)
(20, 78)
(21, 78)
(22, 78)
(23, 78)
(24, 78)
(25, 78)
(44, 78)
(45, 78)
(46, 78)
(47, 78)
(48, 78)
(49, 78)
(50, 78)
(77, 78)
(78, 78)
(79, 78)
(80, 78)
(81, 78)
(82, 78)
(83, 78)
(84, 78)
(85, 78)
(86, 78)
(87, 78)
(88, 78)
(89, 78)
(90, 78)
(91, 78)
(0, 79)
(1, 79)
(2, 79)
(3, 79)
(4, 79)
(19, 79)
(20, 79)
(21, 79)
(22, 79)
(23, 79)
(24, 79)
(25, 79)
(44, 79)
(45, 79)
(46, 79)
(47, 79)
(48, 79)
(49, 79)
(50, 79)
(80, 79)
(81, 79)
(82, 79)
(83, 79)
(84, 79)
(85, 79)
(86, 79)
(87, 79)
(88, 79)
(89, 79)
(90, 79)
(91, 79)
(92, 79)
(0, 80)
(1, 80)
(2, 80)
(3, 80)
(4, 80)
(19, 80)
(20, 80)
(21, 80)
(22, 80)
(23, 80)
(24, 80)
(25, 80)
(43, 80)
(44, 80)
(45, 80)
(46, 80)
(47, 80)
(48, 80)
(49, 80)
(81, 80)
(82, 80)
(83, 80)
(84, 80)
(85, 80)
(86, 80)
(87, 80)
(88, 80)
(89, 80)
(90, 80)
(91, 80)
(92, 80)
(0, 81)
(1, 81)
(2, 81)
(3, 81)
(4, 81)
(19, 81)
(20, 81)
(21, 81)
(22, 81)
(23, 81)
(24, 81)
(25, 81)
(43, 81)
(44, 81)
(45, 81)
(46, 81)
(47, 81)
(48, 81)
(49, 81)
(57, 81)
(58, 81)
(59, 81)
(82, 81)
(83, 81)
(84, 81)
(85, 81)
(86, 81)
(87, 81)
(88, 81)
(89, 81)
(90, 81)
(91, 81)
(92, 81)
(93, 81)
(0, 82)
(1, 82)
(2, 82)
(3, 82)
(4, 82)
(18, 82)
(19, 82)
(20, 82)
(21, 82)
(22, 82)
(23, 82)
(24, 82)
(43, 82)
(44, 82)
(45, 82)
(46, 82)
(47, 82)
(48, 82)
(49, 82)
(57, 82)
(58, 82)
(59, 82)
(60, 82)
(61, 82)
(62, 82)
(63, 82)
(64, 82)
(85, 82)
(86, 82)
(87, 82)
(88, 82)
(89, 82)
(90, 82)
(91, 82)
(92, 82)
(93, 82)
(94, 82)
(0, 83)
(1, 83)
(2, 83)
(3, 83)
(18, 83)
(19, 83)
(20, 83)
(21, 83)
(22, 83)
(23, 83)
(24, 83)
(43, 83)
(44, 83)
(45, 83)
(46, 83)
(47, 83)
(48, 83)
(49, 83)
(57, 83)
(58, 83)
(59, 83)
(60, 83)
(61, 83)
(62, 83)
(63, 83)
(64, 83)
(65, 83)
(66, 83)
(67, 83)
(68, 83)
(69, 83)
(86, 83)
(87, 83)
(88, 83)
(89, 83)
(90, 83)
(91, 83)
(92, 83)
(93, 83)
(94, 83)
(0, 84)
(1, 84)
(2, 84)
(3, 84)
(18, 84)
(19, 84)
(20, 84)
(21, 84)
(22, 84)
(23, 84)
(24, 84)
(42, 84)
(43, 84)
(44, 84)
(45, 84)
(46, 84)
(47, 84)
(48, 84)
(49, 84)
(57, 84)
(58, 84)
(59, 84)
(60, 84)
(61, 84)
(62, 84)
(63, 84)
(64, 84)
(65, 84)
(66, 84)
(67, 84)
(68, 84)
(69, 84)
(70, 84)
(71, 84)
(72, 84)
(86, 84)
(87, 84)
(88, 84)
(89, 84)
(90, 84)
(91, 84)
(92, 84)
(93, 84)
(94, 84)
(95, 84)
(0, 85)
(1, 85)
(2, 85)
(3, 85)
(18, 85)
(19, 85)
(20, 85)
(21, 85)
(22, 85)
(23, 85)
(24, 85)
(42, 85)
(43, 85)
(44, 85)
(45, 85)
(46, 85)
(47, 85)
(48, 85)
(60, 85)
(61, 85)
(62, 85)
(63, 85)
(64, 85)
(65, 85)
(66, 85)
(67, 85)
(68, 85)
(69, 85)
(70, 85)
(71, 85)
(72, 85)
(88, 85)
(89, 85)
(90, 85)
(91, 85)
(92, 85)
(93, 85)
(94, 85)
(95, 85)
(96, 85)
(0, 86)
(1, 86)
(2, 86)
(3, 86)
(18, 86)
(19, 86)
(20, 86)
(21, 86)
(22, 86)
(23, 86)
(24, 86)
(43, 86)
(44, 86)
(45, 86)
(46, 86)
(47, 86)
(48, 86)
(65, 86)
(66, 86)
(67, 86)
(68, 86)
(69, 86)
(70, 86)
(71, 86)
(72, 86)
(89, 86)
(90, 86)
(91, 86)
(92, 86)
(93, 86)
(94, 86)
(95, 86)
(96, 86)
(0, 87)
(1, 87)
(2, 87)
(3, 87)
(18, 87)
(19, 87)
(20, 87)
(21, 87)
(22, 87)
(23, 87)
(42, 87)
(43, 87)
(44, 87)
(45, 87)
(46, 87)
(47, 87)
(48, 87)
(49, 87)
(50, 87)
(51, 87)
(52, 87)
(57, 87)
(58, 87)
(59, 87)
(70, 87)
(71, 87)
(72, 87)
(76, 87)
(77, 87)
(78, 87)
(91, 87)
(92, 87)
(93, 87)
(94, 87)
(95, 87)
(96, 87)
(97, 87)
(0, 88)
(1, 88)
(2, 88)
(17, 88)
(18, 88)
(19, 88)
(20, 88)
(21, 88)
(22, 88)
(23, 88)
(42, 88)
(43, 88)
(44, 88)
(45, 88)
(46, 88)
(47, 88)
(48, 88)
(49, 88)
(50, 88)
(51, 88)
(52, 88)
(53, 88)
(54, 88)
(55, 88)
(56, 88)
(57, 88)
(58, 88)
(59, 88)
(60, 88)
(61, 88)
(62, 88)
(63, 88)
(64, 88)
(76, 88)
(77, 88)
(78, 88)
(91, 88)
(92, 88)
(93, 88)
(94, 88)
(95, 88)
(96, 88)
(97, 88)
(0, 89)
(1, 89)
(2, 89)
(17, 89)
(18, 89)
(19, 89)
(20, 89)
(21, 89)
(22, 89)
(23, 89)
(44, 89)
(45, 89)
(46, 89)
(47, 89)
(48, 89)
(49, 89)
(50, 89)
(51, 89)
(52, 89)
(53, 89)
(54, 89)
(55, 89)
(56, 89)
(57, 89)
(58, 89)
(59, 89)
(60, 89)
(61, 89)
(62, 89)
(63, 89)
(64, 89)
(65, 89)
(66, 89)
(67, 89)
(68, 89)
(69, 89)
(76, 89)
(77, 89)
(78, 89)
(92, 89)
(93, 89)
(94, 89)
(95, 89)
(96, 89)
(97, 89)
(98, 89)
(0, 90)
(1, 90)
(2, 90)
(3, 90)
(4, 90)
(5, 90)
(6, 90)
(17, 90)
(18, 90)
(19, 90)
(20, 90)
(21, 90)
(22, 90)
(23, 90)
(45, 90)
(46, 90)
(47, 90)
(48, 90)
(49, 90)
(50, 90)
(51, 90)
(52, 90)
(53, 90)
(54, 90)
(55, 90)
(56, 90)
(57, 90)
(58, 90)
(59, 90)
(60, 90)
(61, 90)
(62, 90)
(63, 90)
(64, 90)
(65, 90)
(66, 90)
(67, 90)
(68, 90)
(69, 90)
(70, 90)
(71, 90)
(72, 90)
(76, 90)
(77, 90)
(78, 90)
(91, 90)
(92, 90)
(93, 90)
(94, 90)
(95, 90)
(96, 90)
(97, 90)
(98, 90)
(99, 90)
(0, 91)
(1, 91)
(2, 91)
(3, 91)
(4, 91)
(5, 91)
(6, 91)
(7, 91)
(8, 91)
(9, 91)
(10, 91)
(17, 91)
(18, 91)
(19, 91)
(20, 91)
(21, 91)
(22, 91)
(23, 91)
(44, 91)
(45, 91)
(46, 91)
(47, 91)
(48, 91)
(49, 91)
(50, 91)
(51, 91)
(52, 91)
(53, 91)
(54, 91)
(55, 91)
(56, 91)
(57, 91)
(58, 91)
(59, 91)
(60, 91)
(61, 91)
(62, 91)
(63, 91)
(64, 91)
(65, 91)
(66, 91)
(67, 91)
(68, 91)
(69, 91)
(70, 91)
(71, 91)
(72, 91)
(92, 91)
(93, 91)
(94, 91)
(95, 91)
(96, 91)
(97, 91)
(98, 91)
(99, 91)
(0, 92)
(1, 92)
(2, 92)
(3, 92)
(4, 92)
(5, 92)
(6, 92)
(7, 92)
(8, 92)
(9, 92)
(10, 92)
(11, 92)
(17, 92)
(18, 92)
(19, 92)
(20, 92)
(21, 92)
(22, 92)
(44, 92)
(45, 92)
(46, 92)
(47, 92)
(48, 92)
(49, 92)
(50, 92)
(51, 92)
(52, 92)
(53, 92)
(54, 92)
(55, 92)
(56, 92)
(59, 92)
(60, 92)
(61, 92)
(62, 92)
(63, 92)
(64, 92)
(65, 92)
(66, 92)
(67, 92)
(68, 92)
(69, 92)
(70, 92)
(71, 92)
(72, 92)
(82, 92)
(83, 92)
(84, 92)
(85, 92)
(86, 92)
(94, 92)
(95, 92)
(96, 92)
(97, 92)
(98, 92)
(99, 92)
(0, 93)
(1, 93)
(2, 93)
(3, 93)
(4, 93)
(5, 93)
(6, 93)
(7, 93)
(8, 93)
(9, 93)
(10, 93)
(11, 93)
(16, 93)
(17, 93)
(18, 93)
(19, 93)
(20, 93)
(21, 93)
(22, 93)
(46, 93)
(47, 93)
(48, 93)
(49, 93)
(50, 93)
(51, 93)
(52, 93)
(53, 93)
(54, 93)
(55, 93)
(56, 93)
(64, 93)
(65, 93)
(66, 93)
(67, 93)
(68, 93)
(69, 93)
(70, 93)
(71, 93)
(82, 93)
(83, 93)
(84, 93)
(85, 93)
(86, 93)
(95, 93)
(96, 93)
(97, 93)
(98, 93)
(99, 93)
(0, 94)
(1, 94)
(2, 94)
(3, 94)
(4, 94)
(5, 94)
(6, 94)
(7, 94)
(8, 94)
(9, 94)
(10, 94)
(11, 94)
(12, 94)
(16, 94)
(17, 94)
(18, 94)
(19, 94)
(20, 94)
(21, 94)
(22, 94)
(23, 94)
(24, 94)
(52, 94)
(53, 94)
(54, 94)
(55, 94)
(65, 94)
(66, 94)
(67, 94)
(68, 94)
(69, 94)
(70, 94)
(71, 94)
(82, 94)
(83, 94)
(84, 94)
(85, 94)
(86, 94)
(96, 94)
(97, 94)
(98, 94)
(99, 94)
(0, 95)
(1, 95)
(2, 95)
(3, 95)
(4, 95)
(5, 95)
(6, 95)
(7, 95)
(8, 95)
(9, 95)
(10, 95)
(11, 95)
(12, 95)
(13, 95)
(14, 95)
(16, 95)
(17, 95)
(18, 95)
(19, 95)
(20, 95)
(21, 95)
(22, 95)
(23, 95)
(24, 95)
(25, 95)
(26, 95)
(27, 95)
(28, 95)
(29, 95)
(30, 95)
(67, 95)
(68, 95)
(82, 95)
(83, 95)
(84, 95)
(85, 95)
(86, 95)
(96, 95)
(97, 95)
(98, 95)
(99, 95)
(4, 96)
(5, 96)
(6, 96)
(7, 96)
(8, 96)
(9, 96)
(10, 96)
(11, 96)
(12, 96)
(13, 96)
(14, 96)
(19, 96)
(20, 96)
(21, 96)
(22, 96)
(23, 96)
(24, 96)
(25, 96)
(26, 96)
(27, 96)
(28, 96)
(29, 96)
(30, 96)
(31, 96)
(32, 96)
(33, 96)
(34, 96)
(35, 96)
(50, 96)
(51, 96)
(52, 96)
(82, 96)
(83, 96)
(84, 96)
(85, 96)
(86, 96)
(97, 96)
(98, 96)
(99, 96)
(8, 97)
(9, 97)
(10, 97)
(11, 97)
(12, 97)
(13, 97)
(20, 97)
(21, 97)
(22, 97)
(23, 97)
(24, 97)
(25, 97)
(26, 97)
(27, 97)
(28, 97)
(29, 97)
(30, 97)
(31, 97)
(32, 97)
(33, 97)
(34, 97)
(35, 97)
(36, 97)
(37, 97)
(38, 97)
(39, 97)
(40, 97)
(41, 97)
(50, 97)
(51, 97)
(52, 97)
(98, 97)
(99, 97)
(19, 98)
(20, 98)
(21, 98)
(22, 98)
(23, 98)
(24, 98)
(25, 98)
(26, 98)
(27, 98)
(28, 98)
(29, 98)
(30, 98)
(31, 98)
(32, 98)
(33, 98)
(34, 98)
(35, 98)
(36, 98)
(37, 98)
(38, 98)
(39, 98)
(40, 98)
(41, 98)
(42, 98)
(43, 98)
(44, 98)
(50, 98)
(51, 98)
(52, 98)
(97, 98)
(98, 98)
(99, 98)
(19, 99)
(20, 99)
(21, 99)
(22, 99)
(23, 99)
(24, 99)
(25, 99)
(26, 99)
(27, 99)
(28, 99)
(29, 99)
(30, 99)
(31, 99)
(32, 99)
(33, 99)
(34, 99)
(35, 99)
(36, 99)
(37, 99)
(38, 99)
(39, 99)
(40, 99)
(41, 99)
(42, 99)
(43, 99)
(44, 99)
(50, 99)
(51, 99)
(52, 99)
(97, 99)
(98, 99)
(99, 99)
-
(0, 1, 1.0, -1, 0.5)
(1, 1, 1.0, -1, 0.5)
(2, 2, 1.0, -1, 0.5)
(3, 2, 1.0, -1, 0.5)
(4, 3, 1.0, -1, 0.5)
(5, 3, 1.0, -1, 0.5)
(6, 4, 1.0, -1, 0.5)
(7, 4, 1.0, -1, 0.5)
(8, 5, 1.0, -1, 0.5)
(9, 5, 1.0, -1, 0.5)
-
(0, (19,35), (18,3))
(1, (50,80), (42,60))
(2, (73,29), (41,25))
(3, (41,63), (12,44))
(4, (13,46), (88,63))
(5, (32,77), (5,22))
(6, (11,67), (21,23))
(7, (56,4), (71,36))
(8, (87,7), (60,16))
(9, (33,68), (11,81))
