75
(0, 0)
(1, 0)
(2, 0)
(3, 0)
(4, 0)
(5, 0)
(6, 0)
(7, 0)
(8, 0)
(9, 0)
(10, 0)
(11, 0)
(0, 1)
(1, 1)
(2, 1)
(3, 1)
(4, 1)
(5, 1)
(6, 1)
(7, 1)
(0, 2)
(1, 2)
(2, 2)
(3, 2)
(59, 4)
(60, 4)
(61, 4)
(62, 4)
(63, 4)
(64, 4)
(65, 4)
(66, 4)
(67, 4)
(68, 4)
(52, 5)
(53, 5)
(54, 5)
(55, 5)
(56, 5)
(57, 5)
(58, 5)
(59, 5)
(60, 5)
(61, 5)
(62, 5)
(63, 5)
(64, 5)
(65, 5)
(66, 5)
(67, 5)
(68, 5)
(45, 6)
(46, 6)
(47, 6)
(48, 6)
(49, 6)
(50, 6)
(51, 6)
(52, 6)
(53, 6)
(54, 6)
(55, 6)
(56, 6)
(57, 6)
(58, 6)
(59, 6)
(60, 6)
(61, 6)
(62, 6)
(63, 6)
(64, 6)
(65, 6)
(66, 6)
(67, 6)
(68, 6)
(69, 6)
(38, 7)
(39, 7)
(40, 7)
(41, 7)
(42, 7)
(43, 7)
(44, 7)
(45, 7)
(46, 7)
(47, 7)
(48, 7)
(49, 7)
(50, 7)
(51, 7)
(52, 7)
(53, 7)
(54, 7)
(55, 7)
(56, 7)
(57, 7)
(58, 7)
(59, 7)
(60, 7)
(66, 7)
(67, 7)
(68, 7)
(69, 7)
(23, 8)
(24, 8)
(25, 8)
(26, 8)
(27, 8)
(28, 8)
(29, 8)
(38, 8)
(39, 8)
(40, 8)
(41, 8)
(42, 8)
(43, 8)
(44, 8)
(45, 8)
(46, 8)
(47, 8)
(48, 8)
(49, 8)
(50, 8)
(51, 8)
(52, 8)
(53, 8)
(67, 8)
(68, 8)
(69, 8)
(70, 8)
(17, 9)
(18, 9)
(19, 9)
(20, 9)
(21, 9)
(22, 9)
(23, 9)
(24, 9)
(25, 9)
(26, 9)
(27, 9)
(28, 9)
(29, 9)
(38, 9)
(39, 9)
(40, 9)
(41, 9)
(42, 9)
(43, 9)
(44, 9)
(45, 9)
(46, 9)
(67, 9)
(68, 9)
(69, 9)
(70, 9)
(11, 10)
(12, 10)
(13, 10)
(14, 10)
(15, 10)
(16, 10)
(17, 10)
(18, 10)
(19, 10)
(20, 10)
(21, 10)
(22, 10)
(23, 10)
(24, 10)
(25, 10)
(26, 10)
(27, 10)
(28, 10)
(29, 10)
(38, 10)
(39, 10)
(40, 10)
(41, 10)
(68, 10)
(69, 10)
(70, 10)
(71, 10)
(5, 11)
(6, 11)
(7, 11)
(8, 11)
(9, 11)
(10, 11)
(11, 11)
(12, 11)
(13, 11)
(14, 11)
(15, 11)
(16, 11)
(17, 11)
(18, 11)
(19, 11)
(20, 11)
(21, 11)
(22, 11)
(23, 11)
(38, 11)
(39, 11)
(40, 11)
(41, 11)
(68, 11)
(69, 11)
(70, 11)
(71, 11)
(5, 12)
(6, 12)
(7, 12)
(8, 12)
(9, 12)
(10, 12)
(11, 12)
(12, 12)
(13, 12)
(14, 12)
(15, 12)
(16, 12)
(17, 12)
(39, 12)
(40, 12)
(41, 12)
(49, 12)
(50, 12)
(69, 12)
(70, 12)
(71, 12)
(5, 13)
(6, 13)
(7, 13)
(9, 13)
(10, 13)
(11, 13)
(39, 13)
(40, 13)
(41, 13)
(49, 13)
(50, 13)
(69, 13)
(70, 13)
(71, 13)
(5, 14)
(6, 14)
(7, 14)
(48, 14)
(49, 14)
(50, 14)
(5, 15)
(6, 15)
(7, 15)
(48, 15)
(49, 15)
(5, 16)
(6, 16)
(7, 16)
(8, 16)
(29, 16)
(30, 16)
(31, 16)
(32, 16)
(33, 16)
(6, 17)
(7, 17)
(8, 17)
(29, 17)
(30, 17)
(31, 17)
(32, 17)
(33, 17)
(6, 18)
(7, 18)
(8, 18)
(29, 18)
(30, 18)
(31, 18)
(32, 18)
(33, 18)
(6, 19)
(7, 19)
(8, 19)
(9, 19)
(19, 19)
(20, 19)
(21, 19)
(29, 19)
(30, 19)
(31, 19)
(32, 19)
(33, 19)
(68, 19)
(69, 19)
(70, 19)
(71, 19)
(72, 19)
(73, 19)
(74, 19)
(6, 20)
(7, 20)
(8, 20)
(9, 20)
(19, 20)
(20, 20)
(21, 20)
(22, 20)
(30, 20)
(31, 20)
(32, 20)
(33, 20)
(34, 20)
(62, 20)
(63, 20)
(64, 20)
(65, 20)
(66, 20)
(67, 20)
(68, 20)
(69, 20)
(70, 20)
(71, 20)
(72, 20)
(73, 20)
(74, 20)
(7, 21)
(8, 21)
(9, 21)
(19, 21)
(20, 21)
(21, 21)
(22, 21)
(31, 21)
(32, 21)
(33, 21)
(34, 21)
(57, 21)
(58, 21)
(59, 21)
(60, 21)
(61, 21)
(62, 21)
(63, 21)
(64, 21)
(65, 21)
(66, 21)
(67, 21)
(68, 21)
(69, 21)
(70, 21)
(71, 21)
(72, 21)
(73, 21)
(74, 21)
(7, 22)
(8, 22)
(9, 22)
(19, 22)
(20, 22)
(21, 22)
(22, 22)
(31, 22)
(32, 22)
(33, 22)
(34, 22)
(51, 22)
(52, 22)
(53, 22)
(54, 22)
(55, 22)
(56, 22)
(57, 22)
(58, 22)
(59, 22)
(60, 22)
(61, 22)
(62, 22)
(63, 22)
(64, 22)
(65, 22)
(66, 22)
(67, 22)
(68, 22)
(71, 22)
(72, 22)
(73, 22)
(74, 22)
(7, 23)
(8, 23)
(9, 23)
(10, 23)
(20, 23)
(21, 23)
(22, 23)
(23, 23)
(32, 23)
(33, 23)
(34, 23)
(35, 23)
(45, 23)
(46, 23)
(47, 23)
(48, 23)
(49, 23)
(50, 23)
(51, 23)
(52, 23)
(53, 23)
(54, 23)
(55, 23)
(56, 23)
(57, 23)
(58, 23)
(59, 23)
(60, 23)
(61, 23)
(62, 23)
(71, 23)
(72, 23)
(73, 23)
(74, 23)
(8, 24)
(9, 24)
(10, 24)
(20, 24)
(21, 24)
(22, 24)
(23, 24)
(32, 24)
(33, 24)
(34, 24)
(35, 24)
(45, 24)
(46, 24)
(47, 24)
(48, 24)
(49, 24)
(50, 24)
(51, 24)
(52, 24)
(53, 24)
(54, 24)
(55, 24)
(56, 24)
(57, 24)
(72, 24)
(73, 24)
(74, 24)
(8, 25)
(9, 25)
(10, 25)
(21, 25)
(22, 25)
(23, 25)
(24, 25)
(32, 25)
(33, 25)
(34, 25)
(35, 25)
(45, 25)
(46, 25)
(47, 25)
(48, 25)
(49, 25)
(50, 25)
(51, 25)
(73, 25)
(74, 25)
(8, 26)
(9, 26)
(10, 26)
(11, 26)
(21, 26)
(22, 26)
(23, 26)
(24, 26)
(33, 26)
(34, 26)
(35, 26)
(73, 26)
(74, 26)
(8, 27)
(9, 27)
(10, 27)
(11, 27)
(22, 27)
(23, 27)
(24, 27)
(74, 27)
(9, 28)
(10, 28)
(11, 28)
(22, 28)
(23, 28)
(24, 28)
(74, 28)
(9, 29)
(10, 29)
(11, 29)
(9, 30)
(10, 30)
(11, 30)
(12, 30)
(10, 31)
(11, 31)
(12, 31)
(30, 31)
(31, 31)
(32, 31)
(33, 31)
(34, 31)
(35, 31)
(36, 31)
(37, 31)
(38, 31)
(58, 31)
(59, 31)
(60, 31)
(61, 31)
(10, 32)
(11, 32)
(12, 32)
(22, 32)
(23, 32)
(24, 32)
(25, 32)
(26, 32)
(27, 32)
(28, 32)
(29, 32)
(30, 32)
(31, 32)
(32, 32)
(33, 32)
(34, 32)
(35, 32)
(36, 32)
(37, 32)
(38, 32)
(58, 32)
(59, 32)
(60, 32)
(61, 32)
(5, 33)
(6, 33)
(10, 33)
(11, 33)
(12, 33)
(13, 33)
(22, 33)
(23, 33)
(24, 33)
(25, 33)
(26, 33)
(27, 33)
(28, 33)
(29, 33)
(30, 33)
(31, 33)
(32, 33)
(33, 33)
(34, 33)
(35, 33)
(36, 33)
(37, 33)
(38, 33)
(5, 34)
(6, 34)
(10, 34)
(11, 34)
(12, 34)
(13, 34)
(14, 34)
(22, 34)
(23, 34)
(24, 34)
(25, 34)
(26, 34)
(27, 34)
(28, 34)
(29, 34)
(30, 34)
(11, 35)
(12, 35)
(13, 35)
(14, 35)
(15, 35)
(16, 35)
(12, 36)
(13, 36)
(14, 36)
(15, 36)
(16, 36)
(17, 36)
(63, 36)
(64, 36)
(65, 36)
(66, 36)
(67, 36)
(68, 36)
(69, 36)
(14, 37)
(15, 37)
(16, 37)
(17, 37)
(58, 37)
(59, 37)
(60, 37)
(61, 37)
(62, 37)
(63, 37)
(64, 37)
(65, 37)
(66, 37)
(67, 37)
(68, 37)
(69, 37)
(15, 38)
(16, 38)
(17, 38)
(53, 38)
(54, 38)
(55, 38)
(56, 38)
(57, 38)
(58, 38)
(59, 38)
(60, 38)
(61, 38)
(62, 38)
(63, 38)
(64, 38)
(65, 38)
(66, 38)
(67, 38)
(68, 38)
(69, 38)
(19, 39)
(20, 39)
(21, 39)
(22, 39)
(39, 39)
(40, 39)
(51, 39)
(52, 39)
(53, 39)
(54, 39)
(55, 39)
(56, 39)
(57, 39)
(58, 39)
(59, 39)
(60, 39)
(61, 39)
(62, 39)
(63, 39)
(64, 39)
(67, 39)
(68, 39)
(69, 39)
(19, 40)
(20, 40)
(21, 40)
(22, 40)
(23, 40)
(24, 40)
(39, 40)
(40, 40)
(51, 40)
(52, 40)
(53, 40)
(54, 40)
(55, 40)
(56, 40)
(57, 40)
(58, 40)
(59, 40)
(67, 40)
(68, 40)
(69, 40)
(19, 41)
(20, 41)
(21, 41)
(22, 41)
(23, 41)
(24, 41)
(25, 41)
(26, 41)
(51, 41)
(52, 41)
(53, 41)
(54, 41)
(67, 41)
(68, 41)
(69, 41)
(22, 42)
(23, 42)
(24, 42)
(25, 42)
(26, 42)
(27, 42)
(28, 42)
(29, 42)
(51, 42)
(52, 42)
(53, 42)
(54, 42)
(67, 42)
(68, 42)
(69, 42)
(24, 43)
(25, 43)
(26, 43)
(27, 43)
(28, 43)
(29, 43)
(30, 43)
(31, 43)
(52, 43)
(53, 43)
(54, 43)
(55, 43)
(67, 43)
(68, 43)
(69, 43)
(26, 44)
(27, 44)
(28, 44)
(29, 44)
(30, 44)
(31, 44)
(32, 44)
(33, 44)
(52, 44)
(53, 44)
(54, 44)
(55, 44)
(67, 44)
(68, 44)
(69, 44)
(28, 45)
(29, 45)
(30, 45)
(31, 45)
(32, 45)
(33, 45)
(34, 45)
(35, 45)
(53, 45)
(54, 45)
(55, 45)
(56, 45)
(30, 46)
(31, 46)
(32, 46)
(33, 46)
(34, 46)
(35, 46)
(36, 46)
(37, 46)
(53, 46)
(54, 46)
(55, 46)
(56, 46)
(0, 47)
(1, 47)
(33, 47)
(34, 47)
(35, 47)
(36, 47)
(37, 47)
(38, 47)
(39, 47)
(40, 47)
(54, 47)
(55, 47)
(56, 47)
(57, 47)
(0, 48)
(1, 48)
(14, 48)
(15, 48)
(16, 48)
(35, 48)
(36, 48)
(37, 48)
(38, 48)
(39, 48)
(40, 48)
(54, 48)
(55, 48)
(56, 48)
(57, 48)
(0, 49)
(1, 49)
(2, 49)
(14, 49)
(15, 49)
(16, 49)
(37, 49)
(38, 49)
(39, 49)
(40, 49)
(55, 49)
(56, 49)
(57, 49)
(58, 49)
(63, 49)
(64, 49)
(65, 49)
(0, 50)
(1, 50)
(2, 50)
(13, 50)
(14, 50)
(15, 50)
(16, 50)
(17, 50)
(18, 50)
(19, 50)
(55, 50)
(56, 50)
(57, 50)
(58, 50)
(63, 50)
(64, 50)
(65, 50)
(0, 51)
(1, 51)
(2, 51)
(13, 51)
(14, 51)
(15, 51)
(16, 51)
(17, 51)
(18, 51)
(19, 51)
(20, 51)
(21, 51)
(56, 51)
(57, 51)
(58, 51)
(59, 51)
(63, 51)
(64, 51)
(65, 51)
(66, 51)
(13, 52)
(14, 52)
(15, 52)
(16, 52)
(17, 52)
(18, 52)
(19, 52)
(20, 52)
(21, 52)
(22, 52)
(23, 52)
(56, 52)
(57, 52)
(58, 52)
(59, 52)
(63, 52)
(64, 52)
(65, 52)
(66, 52)
(13, 53)
(14, 53)
(15, 53)
(18, 53)
(19, 53)
(20, 53)
(21, 53)
(22, 53)
(23, 53)
(24, 53)
(25, 53)
(44, 53)
(45, 53)
(46, 53)
(57, 53)
(58, 53)
(59, 53)
(60, 53)
(64, 53)
(65, 53)
(66, 53)
(67, 53)
(13, 54)
(14, 54)
(15, 54)
(16, 54)
(21, 54)
(22, 54)
(23, 54)
(24, 54)
(25, 54)
(26, 54)
(27, 54)
(44, 54)
(45, 54)
(46, 54)
(57, 54)
(58, 54)
(59, 54)
(60, 54)
(65, 54)
(66, 54)
(67, 54)
(68, 54)
(14, 55)
(15, 55)
(16, 55)
(23, 55)
(24, 55)
(25, 55)
(26, 55)
(27, 55)
(28, 55)
(29, 55)
(43, 55)
(44, 55)
(45, 55)
(46, 55)
(58, 55)
(59, 55)
(60, 55)
(61, 55)
(65, 55)
(66, 55)
(67, 55)
(68, 55)
(14, 56)
(15, 56)
(16, 56)
(17, 56)
(25, 56)
(26, 56)
(27, 56)
(28, 56)
(29, 56)
(30, 56)
(31, 56)
(43, 56)
(44, 56)
(45, 56)
(58, 56)
(59, 56)
(60, 56)
(61, 56)
(66, 56)
(67, 56)
(68, 56)
(15, 57)
(16, 57)
(17, 57)
(27, 57)
(28, 57)
(29, 57)
(30, 57)
(31, 57)
(32, 57)
(33, 57)
(34, 57)
(43, 57)
(44, 57)
(45, 57)
(59, 57)
(60, 57)
(61, 57)
(62, 57)
(66, 57)
(67, 57)
(68, 57)
(15, 58)
(16, 58)
(17, 58)
(18, 58)
(29, 58)
(30, 58)
(31, 58)
(32, 58)
(33, 58)
(34, 58)
(35, 58)
(36, 58)
(59, 58)
(60, 58)
(61, 58)
(62, 58)
(0, 59)
(1, 59)
(15, 59)
(16, 59)
(17, 59)
(18, 59)
(31, 59)
(32, 59)
(33, 59)
(34, 59)
(35, 59)
(36, 59)
(60, 59)
(61, 59)
(62, 59)
(63, 59)
(0, 60)
(1, 60)
(16, 60)
(17, 60)
(18, 60)
(19, 60)
(33, 60)
(34, 60)
(35, 60)
(36, 60)
(60, 60)
(61, 60)
(62, 60)
(63, 60)
(64, 60)
(0, 61)
(1, 61)
(16, 61)
(17, 61)
(18, 61)
(19, 61)
(61, 61)
(62, 61)
(63, 61)
(64, 61)
(65, 61)
(71, 61)
(72, 61)
(0, 62)
(1, 62)
(2, 62)
(3, 62)
(4, 62)
(5, 62)
(6, 62)
(17, 62)
(18, 62)
(19, 62)
(62, 62)
(63, 62)
(64, 62)
(65, 62)
(66, 62)
(71, 62)
(72, 62)
(0, 63)
(1, 63)
(2, 63)
(3, 63)
(4, 63)
(5, 63)
(6, 63)
(17, 63)
(18, 63)
(19, 63)
(20, 63)
(63, 63)
(64, 63)
(65, 63)
(66, 63)
(67, 63)
(0, 64)
(1, 64)
(2, 64)
(3, 64)
(4, 64)
(5, 64)
(6, 64)
(18, 64)
(19, 64)
(20, 64)
(64, 64)
(65, 64)
(66, 64)
(67, 64)
(68, 64)
(0, 65)
(1, 65)
(2, 65)
(3, 65)
(18, 65)
(19, 65)
(20, 65)
(21, 65)
(65, 65)
(66, 65)
(67, 65)
(68, 65)
(69, 65)
(0, 66)
(1, 66)
(2, 66)
(3, 66)
(18, 66)
(19, 66)
(20, 66)
(21, 66)
(66, 66)
(67, 66)
(68, 66)
(69, 66)
(70, 66)
(0, 67)
(1, 67)
(2, 67)
(3, 67)
(19, 67)
(20, 67)
(21, 67)
(22, 67)
(67, 67)
(68, 67)
(69, 67)
(70, 67)
(71, 67)
(0, 68)
(1, 68)
(2, 68)
(3, 68)
(4, 68)
(19, 68)
(20, 68)
(21, 68)
(22, 68)
(68, 68)
(69, 68)
(70, 68)
(71, 68)
(72, 68)
(0, 69)
(1, 69)
(2, 69)
(3, 69)
(4, 69)
(20, 69)
(21, 69)
(22, 69)
(60, 69)
(61, 69)
(62, 69)
(69, 69)
(70, 69)
(71, 69)
(72, 69)
(73, 69)
(0, 70)
(1, 70)
(2, 70)
(3, 70)
(4, 70)
(20, 70)
(21, 70)
(22, 70)
(23, 70)
(28, 70)
(29, 70)
(30, 70)
(36, 70)
(37, 70)
(38, 70)
(60, 70)
(61, 70)
(62, 70)
(63, 70)
(70, 70)
(71, 70)
(72, 70)
(73, 70)
(74, 70)
(0, 71)
(1, 71)
(2, 71)
(3, 71)
(4, 71)
(5, 71)
(21, 71)
(22, 71)
(23, 71)
(28, 71)
(29, 71)
(30, 71)
(36, 71)
(37, 71)
(38, 71)
(49, 71)
(50, 71)
(51, 71)
(52, 71)
(53, 71)
(54, 71)
(55, 71)
(60, 71)
(61, 71)
(62, 71)
(63, 71)
(71, 71)
(72, 71)
(73, 71)
(74, 71)
(0, 72)
(1, 72)
(2, 72)
(3, 72)
(4, 72)
(5, 72)
(21, 72)
(22, 72)
(23, 72)
(24, 72)
(49, 72)
(50, 72)
(51, 72)
(52, 72)
(53, 72)
(54, 72)
(55, 72)
(61, 72)
(62, 72)
(63, 72)
(72, 72)
(73, 72)
(74, 72)
(0, 73)
(1, 73)
(2, 73)
(3, 73)
(4, 73)
(5, 73)
(6, 73)
(22, 73)
(23, 73)
(24, 73)
(0, 74)
(1, 74)
(2, 74)
(3, 74)
(4, 74)
(5, 74)
(6, 74)
(22, 74)
(23, 74)
(24, 74)
-
(0, 1, 1.0, -1, 0.5)
(1, 1, 1.0, -1, 0.5)
(2, 2, 1.0, -1, 0.5)
(3, 2, 1.0, -1, 0.5)
(4, 3, 1.0, -1, 0.5)
(5, 3, 1.0, -1, 0.5)
(6, 4, 1.0, -1, 0.5)
(7, 4, 1.0, -1, 0.5)
(8, 5, 1.0, -1, 0.5)
(9, 5, 1.0, -1, 0.5)
-
(0, (59,13), (69,32))
(1, (47,35), (17,29))
(2, (10,43), (33,2))
(3, (59,15), (70,29))
(4, (7,44), (45,43))
(5, (51,59), (14,21))
(6, (6,57), (33,5))
(7, (51,32), (24,15))
(8, (56,63), (32,52))
(9, (61,15), (39,19))
