75
(15, 0)
(16, 0)
(17, 0)
(15, 1)
(16, 1)
(17, 1)
(15, 2)
(16, 2)
(17, 2)
(15, 3)
(16, 3)
(17, 3)
(43, 3)
(44, 3)
(45, 3)
(15, 4)
(16, 4)
(17, 4)
(43, 4)
(44, 4)
(45, 4)
(58, 4)
(59, 4)
(60, 4)
(15, 5)
(16, 5)
(17, 5)
(35, 5)
(36, 5)
(37, 5)
(43, 5)
(44, 5)
(45, 5)
(58, 5)
(59, 5)
(60, 5)
(15, 6)
(16, 6)
(17, 6)
(35, 6)
(36, 6)
(37, 6)
(43, 6)
(44, 6)
(45, 6)
(58, 6)
(59, 6)
(60, 6)
(15, 7)
(16, 7)
(17, 7)
(25, 7)
(26, 7)
(27, 7)
(35, 7)
(36, 7)
(37, 7)
(43, 7)
(44, 7)
(45, 7)
(58, 7)
(59, 7)
(60, 7)
(15, 8)
(16, 8)
(17, 8)
(25, 8)
(26, 8)
(27, 8)
(35, 8)
(36, 8)
(37, 8)
(43, 8)
(44, 8)
(45, 8)
(58, 8)
(59, 8)
(60, 8)
(15, 9)
(16, 9)
(17, 9)
(25, 9)
(26, 9)
(27, 9)
(35, 9)
(36, 9)
(37, 9)
(43, 9)
(44, 9)
(45, 9)
(58, 9)
(59, 9)
(60, 9)
(15, 10)
(16, 10)
(17, 10)
(25, 10)
(26, 10)
(27, 10)
(35, 10)
(36, 10)
(37, 10)
(43, 10)
(44, 10)
(45, 10)
(58, 10)
(59, 10)
(60, 10)
(9, 11)
(10, 11)
(11, 11)
(15, 11)
(16, 11)
(17, 11)
(25, 11)
(26, 11)
(27, 11)
(35, 11)
(36, 11)
(37, 11)
(58, 11)
(59, 11)
(60, 11)
(68, 11)
(69, 11)
(70, 11)
(71, 11)
(72, 11)
(9, 12)
(10, 12)
(11, 12)
(15, 12)
(16, 12)
(17, 12)
(25, 12)
(26, 12)
(27, 12)
(35, 12)
(36, 12)
(37, 12)
(58, 12)
(59, 12)
(60, 12)
(68, 12)
(69, 12)
(70, 12)
(71, 12)
(72, 12)
(9, 13)
(10, 13)
(11, 13)
(15, 13)
(16, 13)
(17, 13)
(25, 13)
(26, 13)
(27, 13)
(35, 13)
(36, 13)
(37, 13)
(48, 13)
(49, 13)
(50, 13)
(51, 13)
(52, 13)
(53, 13)
(54, 13)
(58, 13)
(59, 13)
(60, 13)
(68, 13)
(69, 13)
(70, 13)
(71, 13)
(72, 13)
(9, 14)
(10, 14)
(11, 14)
(15, 14)
(16, 14)
(17, 14)
(25, 14)
(26, 14)
(27, 14)
(35, 14)
(36, 14)
(37, 14)
(48, 14)
(49, 14)
(50, 14)
(51, 14)
(52, 14)
(53, 14)
(54, 14)
(68, 14)
(69, 14)
(70, 14)
(71, 14)
(72, 14)
(9, 15)
(10, 15)
(11, 15)
(25, 15)
(26, 15)
(27, 15)
(35, 15)
(36, 15)
(37, 15)
(48, 15)
(49, 15)
(50, 15)
(51, 15)
(52, 15)
(53, 15)
(54, 15)
(68, 15)
(69, 15)
(70, 15)
(71, 15)
(72, 15)
(9, 16)
(10, 16)
(11, 16)
(25, 16)
(26, 16)
(27, 16)
(35, 16)
(36, 16)
(37, 16)
(48, 16)
(49, 16)
(50, 16)
(51, 16)
(52, 16)
(53, 16)
(54, 16)
(68, 16)
(69, 16)
(70, 16)
(71, 16)
(72, 16)
(9, 17)
(10, 17)
(11, 17)
(25, 17)
(26, 17)
(27, 17)
(35, 17)
(36, 17)
(37, 17)
(48, 17)
(49, 17)
(50, 17)
(51, 17)
(52, 17)
(53, 17)
(54, 17)
(68, 17)
(69, 17)
(70, 17)
(71, 17)
(72, 17)
(9, 18)
(10, 18)
(11, 18)
(35, 18)
(36, 18)
(37, 18)
(48, 18)
(49, 18)
(50, 18)
(51, 18)
(52, 18)
(53, 18)
(54, 18)
(68, 18)
(69, 18)
(70, 18)
(71, 18)
(72, 18)
(0, 19)
(1, 19)
(2, 19)
(3, 19)
(9, 19)
(10, 19)
(11, 19)
(35, 19)
(36, 19)
(37, 19)
(48, 19)
(49, 19)
(50, 19)
(51, 19)
(52, 19)
(53, 19)
(54, 19)
(68, 19)
(69, 19)
(70, 19)
(71, 19)
(72, 19)
(0, 20)
(1, 20)
(2, 20)
(3, 20)
(9, 20)
(10, 20)
(11, 20)
(35, 20)
(36, 20)
(37, 20)
(48, 20)
(49, 20)
(50, 20)
(51, 20)
(52, 20)
(53, 20)
(54, 20)
(68, 20)
(69, 20)
(70, 20)
(71, 20)
(72, 20)
(0, 21)
(1, 21)
(2, 21)
(3, 21)
(9, 21)
(10, 21)
(11, 21)
(35, 21)
(36, 21)
(37, 21)
(48, 21)
(49, 21)
(50, 21)
(51, 21)
(52, 21)
(53, 21)
(54, 21)
(68, 21)
(69, 21)
(70, 21)
(71, 21)
(72, 21)
(0, 22)
(1, 22)
(2, 22)
(3, 22)
(9, 22)
(10, 22)
(11, 22)
(35, 22)
(36, 22)
(37, 22)
(48, 22)
(49, 22)
(50, 22)
(51, 22)
(52, 22)
(53, 22)
(54, 22)
(0, 23)
(1, 23)
(2, 23)
(3, 23)
(9, 23)
(10, 23)
(11, 23)
(35, 23)
(36, 23)
(37, 23)
(51, 23)
(52, 23)
(53, 23)
(54, 23)
(9, 24)
(10, 24)
(11, 24)
(35, 24)
(36, 24)
(37, 24)
(51, 24)
(52, 24)
(53, 24)
(54, 24)
(9, 25)
(10, 25)
(11, 25)
(35, 25)
(36, 25)
(37, 25)
(51, 25)
(52, 25)
(53, 25)
(54, 25)
(9, 26)
(10, 26)
(11, 26)
(35, 26)
(36, 26)
(37, 26)
(51, 26)
(52, 26)
(53, 26)
(54, 26)
(9, 27)
(10, 27)
(11, 27)
(16, 27)
(17, 27)
(18, 27)
(19, 27)
(51, 27)
(52, 27)
(53, 27)
(54, 27)
(62, 27)
(63, 27)
(64, 27)
(65, 27)
(16, 28)
(17, 28)
(18, 28)
(19, 28)
(25, 28)
(26, 28)
(27, 28)
(62, 28)
(63, 28)
(64, 28)
(65, 28)
(16, 29)
(17, 29)
(18, 29)
(19, 29)
(25, 29)
(26, 29)
(27, 29)
(43, 29)
(44, 29)
(45, 29)
(62, 29)
(63, 29)
(64, 29)
(65, 29)
(16, 30)
(17, 30)
(18, 30)
(19, 30)
(25, 30)
(26, 30)
(27, 30)
(43, 30)
(44, 30)
(45, 30)
(62, 30)
(63, 30)
(64, 30)
(65, 30)
(16, 31)
(17, 31)
(18, 31)
(19, 31)
(25, 31)
(26, 31)
(27, 31)
(43, 31)
(44, 31)
(45, 31)
(62, 31)
(63, 31)
(64, 31)
(65, 31)
(16, 32)
(17, 32)
(18, 32)
(19, 32)
(25, 32)
(26, 32)
(27, 32)
(43, 32)
(44, 32)
(45, 32)
(62, 32)
(63, 32)
(64, 32)
(65, 32)
(9, 33)
(10, 33)
(11, 33)
(12, 33)
(13, 33)
(14, 33)
(15, 33)
(16, 33)
(17, 33)
(18, 33)
(19, 33)
(43, 33)
(44, 33)
(45, 33)
(62, 33)
(63, 33)
(64, 33)
(65, 33)
(9, 34)
(10, 34)
(11, 34)
(12, 34)
(13, 34)
(14, 34)
(15, 34)
(16, 34)
(17, 34)
(18, 34)
(19, 34)
(32, 34)
(33, 34)
(34, 34)
(35, 34)
(36, 34)
(43, 34)
(44, 34)
(45, 34)
(62, 34)
(63, 34)
(64, 34)
(65, 34)
(9, 35)
(10, 35)
(11, 35)
(12, 35)
(13, 35)
(14, 35)
(15, 35)
(16, 35)
(17, 35)
(18, 35)
(19, 35)
(32, 35)
(33, 35)
(34, 35)
(35, 35)
(36, 35)
(43, 35)
(44, 35)
(45, 35)
(62, 35)
(63, 35)
(64, 35)
(65, 35)
(9, 36)
(10, 36)
(11, 36)
(12, 36)
(13, 36)
(14, 36)
(15, 36)
(16, 36)
(17, 36)
(18, 36)
(19, 36)
(32, 36)
(33, 36)
(34, 36)
(35, 36)
(36, 36)
(43, 36)
(44, 36)
(45, 36)
(54, 36)
(55, 36)
(56, 36)
(57, 36)
(62, 36)
(63, 36)
(64, 36)
(65, 36)
(71, 36)
(72, 36)
(73, 36)
(74, 36)
(9, 37)
(10, 37)
(11, 37)
(12, 37)
(13, 37)
(14, 37)
(15, 37)
(16, 37)
(17, 37)
(18, 37)
(19, 37)
(32, 37)
(33, 37)
(34, 37)
(35, 37)
(36, 37)
(43, 37)
(44, 37)
(45, 37)
(54, 37)
(55, 37)
(56, 37)
(57, 37)
(62, 37)
(63, 37)
(64, 37)
(65, 37)
(71, 37)
(72, 37)
(73, 37)
(74, 37)
(9, 38)
(10, 38)
(11, 38)
(16, 38)
(17, 38)
(18, 38)
(19, 38)
(32, 38)
(33, 38)
(34, 38)
(35, 38)
(36, 38)
(43, 38)
(44, 38)
(45, 38)
(48, 38)
(49, 38)
(50, 38)
(51, 38)
(54, 38)
(55, 38)
(56, 38)
(57, 38)
(62, 38)
(63, 38)
(64, 38)
(65, 38)
(71, 38)
(72, 38)
(73, 38)
(74, 38)
(9, 39)
(10, 39)
(11, 39)
(16, 39)
(17, 39)
(18, 39)
(19, 39)
(32, 39)
(33, 39)
(34, 39)
(35, 39)
(36, 39)
(43, 39)
(44, 39)
(45, 39)
(48, 39)
(49, 39)
(50, 39)
(51, 39)
(54, 39)
(55, 39)
(56, 39)
(57, 39)
(62, 39)
(63, 39)
(64, 39)
(65, 39)
(71, 39)
(72, 39)
(73, 39)
(74, 39)
(9, 40)
(10, 40)
(11, 40)
(16, 40)
(17, 40)
(18, 40)
(19, 40)
(32, 40)
(33, 40)
(34, 40)
(35, 40)
(36, 40)
(43, 40)
(44, 40)
(45, 40)
(48, 40)
(49, 40)
(50, 40)
(51, 40)
(54, 40)
(55, 40)
(56, 40)
(57, 40)
(62, 40)
(63, 40)
(64, 40)
(65, 40)
(71, 40)
(72, 40)
(73, 40)
(74, 40)
(9, 41)
(10, 41)
(11, 41)
(16, 41)
(17, 41)
(18, 41)
(19, 41)
(32, 41)
(33, 41)
(34, 41)
(35, 41)
(36, 41)
(43, 41)
(44, 41)
(45, 41)
(48, 41)
(49, 41)
(50, 41)
(51, 41)
(54, 41)
(55, 41)
(56, 41)
(57, 41)
(62, 41)
(63, 41)
(64, 41)
(65, 41)
(71, 41)
(72, 41)
(73, 41)
(74, 41)
(9, 42)
(10, 42)
(11, 42)
(16, 42)
(17, 42)
(18, 42)
(19, 42)
(32, 42)
(33, 42)
(34, 42)
(35, 42)
(36, 42)
(43, 42)
(44, 42)
(45, 42)
(48, 42)
(49, 42)
(50, 42)
(51, 42)
(54, 42)
(55, 42)
(56, 42)
(57, 42)
(62, 42)
(63, 42)
(64, 42)
(65, 42)
(71, 42)
(72, 42)
(73, 42)
(74, 42)
(9, 43)
(10, 43)
(11, 43)
(25, 43)
(26, 43)
(27, 43)
(32, 43)
(33, 43)
(34, 43)
(35, 43)
(36, 43)
(43, 43)
(44, 43)
(45, 43)
(48, 43)
(49, 43)
(50, 43)
(51, 43)
(62, 43)
(63, 43)
(64, 43)
(65, 43)
(71, 43)
(72, 43)
(73, 43)
(74, 43)
(9, 44)
(10, 44)
(11, 44)
(25, 44)
(26, 44)
(27, 44)
(32, 44)
(33, 44)
(34, 44)
(35, 44)
(36, 44)
(43, 44)
(44, 44)
(45, 44)
(62, 44)
(63, 44)
(64, 44)
(65, 44)
(71, 44)
(72, 44)
(73, 44)
(74, 44)
(25, 45)
(26, 45)
(27, 45)
(32, 45)
(33, 45)
(34, 45)
(35, 45)
(36, 45)
(43, 45)
(44, 45)
(45, 45)
(62, 45)
(63, 45)
(64, 45)
(65, 45)
(71, 45)
(72, 45)
(73, 45)
(74, 45)
(25, 46)
(26, 46)
(27, 46)
(32, 46)
(33, 46)
(34, 46)
(35, 46)
(36, 46)
(62, 46)
(63, 46)
(64, 46)
(65, 46)
(71, 46)
(72, 46)
(73, 46)
(74, 46)
(0, 47)
(1, 47)
(2, 47)
(3, 47)
(16, 47)
(17, 47)
(18, 47)
(19, 47)
(20, 47)
(25, 47)
(26, 47)
(27, 47)
(32, 47)
(33, 47)
(34, 47)
(35, 47)
(36, 47)
(62, 47)
(63, 47)
(64, 47)
(65, 47)
(71, 47)
(72, 47)
(73, 47)
(74, 47)
(0, 48)
(1, 48)
(2, 48)
(3, 48)
(9, 48)
(10, 48)
(11, 48)
(16, 48)
(17, 48)
(18, 48)
(19, 48)
(20, 48)
(25, 48)
(26, 48)
(27, 48)
(32, 48)
(33, 48)
(34, 48)
(35, 48)
(36, 48)
(62, 48)
(63, 48)
(64, 48)
(65, 48)
(0, 49)
(1, 49)
(2, 49)
(3, 49)
(9, 49)
(10, 49)
(11, 49)
(16, 49)
(17, 49)
(18, 49)
(19, 49)
(20, 49)
(25, 49)
(26, 49)
(27, 49)
(0, 50)
(1, 50)
(2, 50)
(3, 50)
(9, 50)
(10, 50)
(11, 50)
(16, 50)
(17, 50)
(18, 50)
(19, 50)
(20, 50)
(25, 50)
(26, 50)
(27, 50)
(46, 50)
(47, 50)
(48, 50)
(49, 50)
(0, 51)
(1, 51)
(2, 51)
(3, 51)
(9, 51)
(10, 51)
(11, 51)
(16, 51)
(17, 51)
(18, 51)
(19, 51)
(20, 51)
(25, 51)
(26, 51)
(27, 51)
(46, 51)
(47, 51)
(48, 51)
(49, 51)
(9, 52)
(10, 52)
(11, 52)
(16, 52)
(17, 52)
(18, 52)
(19, 52)
(20, 52)
(25, 52)
(26, 52)
(27, 52)
(46, 52)
(47, 52)
(48, 52)
(49, 52)
(54, 52)
(55, 52)
(56, 52)
(9, 53)
(10, 53)
(11, 53)
(16, 53)
(17, 53)
(18, 53)
(19, 53)
(20, 53)
(25, 53)
(26, 53)
(27, 53)
(46, 53)
(47, 53)
(48, 53)
(49, 53)
(54, 53)
(55, 53)
(56, 53)
(9, 54)
(10, 54)
(11, 54)
(16, 54)
(17, 54)
(18, 54)
(19, 54)
(20, 54)
(25, 54)
(26, 54)
(27, 54)
(46, 54)
(47, 54)
(48, 54)
(49, 54)
(54, 54)
(55, 54)
(56, 54)
(16, 55)
(17, 55)
(18, 55)
(19, 55)
(20, 55)
(25, 55)
(26, 55)
(27, 55)
(42, 55)
(43, 55)
(44, 55)
(46, 55)
(47, 55)
(48, 55)
(49, 55)
(54, 55)
(55, 55)
(56, 55)
(16, 56)
(17, 56)
(18, 56)
(19, 56)
(20, 56)
(25, 56)
(26, 56)
(27, 56)
(31, 56)
(32, 56)
(33, 56)
(42, 56)
(43, 56)
(44, 56)
(46, 56)
(47, 56)
(48, 56)
(49, 56)
(54, 56)
(55, 56)
(56, 56)
(16, 57)
(17, 57)
(18, 57)
(19, 57)
(20, 57)
(31, 57)
(32, 57)
(33, 57)
(42, 57)
(43, 57)
(44, 57)
(46, 57)
(47, 57)
(48, 57)
(49, 57)
(54, 57)
(55, 57)
(56, 57)
(16, 58)
(17, 58)
(18, 58)
(19, 58)
(20, 58)
(31, 58)
(32, 58)
(33, 58)
(42, 58)
(43, 58)
(44, 58)
(46, 58)
(47, 58)
(48, 58)
(49, 58)
(54, 58)
(55, 58)
(56, 58)
(73, 58)
(74, 58)
(16, 59)
(17, 59)
(18, 59)
(19, 59)
(20, 59)
(31, 59)
(32, 59)
(33, 59)
(42, 59)
(43, 59)
(44, 59)
(46, 59)
(47, 59)
(48, 59)
(49, 59)
(54, 59)
(55, 59)
(56, 59)
(73, 59)
(74, 59)
(31, 60)
(32, 60)
(33, 60)
(42, 60)
(43, 60)
(44, 60)
(46, 60)
(47, 60)
(48, 60)
(49, 60)
(54, 60)
(55, 60)
(56, 60)
(73, 60)
(74, 60)
(31, 61)
(32, 61)
(33, 61)
(42, 61)
(43, 61)
(44, 61)
(46, 61)
(47, 61)
(48, 61)
(49, 61)
(54, 61)
(55, 61)
(56, 61)
(73, 61)
(74, 61)
(31, 62)
(32, 62)
(33, 62)
(42, 62)
(43, 62)
(44, 62)
(46, 62)
(47, 62)
(48, 62)
(49, 62)
(54, 62)
(55, 62)
(56, 62)
(64, 62)
(65, 62)
(66, 62)
(67, 62)
(73, 62)
(74, 62)
(31, 63)
(32, 63)
(33, 63)
(42, 63)
(43, 63)
(44, 63)
(46, 63)
(47, 63)
(48, 63)
(49, 63)
(54, 63)
(55, 63)
(56, 63)
(64, 63)
(65, 63)
(66, 63)
(67, 63)
(73, 63)
(74, 63)
(9, 64)
(10, 64)
(11, 64)
(23, 64)
(24, 64)
(25, 64)
(31, 64)
(32, 64)
(33, 64)
(42, 64)
(43, 64)
(44, 64)
(54, 64)
(55, 64)
(56, 64)
(64, 64)
(65, 64)
(66, 64)
(67, 64)
(73, 64)
(74, 64)
(9, 65)
(10, 65)
(11, 65)
(23, 65)
(24, 65)
(25, 65)
(42, 65)
(43, 65)
(44, 65)
(54, 65)
(55, 65)
(56, 65)
(64, 65)
(65, 65)
(66, 65)
(67, 65)
(73, 65)
(74, 65)
(9, 66)
(10, 66)
(11, 66)
(23, 66)
(24, 66)
(25, 66)
(42, 66)
(43, 66)
(44, 66)
(54, 66)
(55, 66)
(56, 66)
(64, 66)
(65, 66)
(66, 66)
(67, 66)
(0, 67)
(1, 67)
(2, 67)
(9, 67)
(10, 67)
(11, 67)
(23, 67)
(24, 67)
(25, 67)
(42, 67)
(43, 67)
(44, 67)
(54, 67)
(55, 67)
(56, 67)
(64, 67)
(65, 67)
(66, 67)
(67, 67)
(0, 68)
(1, 68)
(2, 68)
(9, 68)
(10, 68)
(11, 68)
(23, 68)
(24, 68)
(25, 68)
(42, 68)
(43, 68)
(44, 68)
(54, 68)
(55, 68)
(56, 68)
(64, 68)
(65, 68)
(66, 68)
(67, 68)
(0, 69)
(1, 69)
(2, 69)
(9, 69)
(10, 69)
(11, 69)
(23, 69)
(24, 69)
(25, 69)
(35, 69)
(36, 69)
(37, 69)
(38, 69)
(42, 69)
(43, 69)
(44, 69)
(54, 69)
(55, 69)
(56, 69)
(64, 69)
(65, 69)
(66, 69)
(67, 69)
(0, 70)
(1, 70)
(2, 70)
(9, 70)
(10, 70)
(11, 70)
(23, 70)
(24, 70)
(25, 70)
(35, 70)
(36, 70)
(37, 70)
(38, 70)
(42, 70)
(43, 70)
(44, 70)
(54, 70)
(55, 70)
(56, 70)
(64, 70)
(65, 70)
(66, 70)
(67, 70)
(0, 71)
(1, 71)
(2, 71)
(9, 71)
(10, 71)
(11, 71)
(23, 71)
(24, 71)
(25, 71)
(35, 71)
(36, 71)
(37, 71)
(38, 71)
(42, 71)
(43, 71)
(44, 71)
(54, 71)
(55, 71)
(56, 71)
(64, 71)
(65, 71)
(66, 71)
(67, 71)
(0, 72)
(1, 72)
(2, 72)
(23, 72)
(24, 72)
(25, 72)
(35, 72)
(36, 72)
(37, 72)
(38, 72)
(42, 72)
(43, 72)
(44, 72)
(54, 72)
(55, 72)
(56, 72)
(64, 72)
(65, 72)
(66, 72)
(67, 72)
(23, 73)
(24, 73)
(25, 73)
(35, 73)
(36, 73)
(37, 73)
(38, 73)
(42, 73)
(43, 73)
(44, 73)
(54, 73)
(55, 73)
(56, 73)
(64, 73)
(65, 73)
(66, 73)
(67, 73)
(23, 74)
(24, 74)
(25, 74)
(35, 74)
(36, 74)
(37, 74)
(38, 74)
(42, 74)
(43, 74)
(44, 74)
(54, 74)
(55, 74)
(56, 74)
(64, 74)
(65, 74)
(66, 74)
(67, 74)
-
(0, 1, 1.0, -1, 0.5)
(1, 1, 1.0, -1, 0.5)
(2, 2, 1.0, -1, 0.5)
(3, 2, 1.0, -1, 0.5)
(4, 3, 1.0, -1, 0.5)
(5, 3, 1.0, -1, 0.5)
(6, 4, 1.0, -1, 0.5)
(7, 4, 1.0, -1, 0.5)
(8, 5, 1.0, -1, 0.5)
(9, 5, 1.0, -1, 0.5)
-
(0, (63,54), (39,65))
(1, (68,53), (27,60))
(2, (69,67), (19,9))
(3, (71,24), (6,28))
(4, (67,1), (34,60))
(5, (68,22), (6,24))
(6, (69,7), (28,37))
(7, (68,26), (15,20))
(8, (59,59), (46,44))
(9, (70,30), (69,53))
