100
(49, 0)
(49, 1)
(37, 2)
(38, 2)
(39, 2)
(40, 2)
(41, 2)
(42, 2)
(43, 2)
(44, 2)
(45, 2)
(46, 2)
(47, 2)
(48, 2)
(49, 2)
(50, 2)
(51, 2)
(52, 2)
(53, 2)
(54, 2)
(55, 2)
(56, 2)
(57, 2)
(58, 2)
(59, 2)
(60, 2)
(61, 2)
(37, 5)
(38, 5)
(39, 5)
(40, 5)
(41, 5)
(42, 5)
(43, 5)
(44, 5)
(45, 5)
(46, 5)
(47, 5)
(48, 5)
(49, 5)
(50, 5)
(51, 5)
(52, 5)
(53, 5)
(54, 5)
(55, 5)
(56, 5)
(57, 5)
(58, 5)
(59, 5)
(60, 5)
(61, 5)
(49, 6)
(49, 7)
(49, 8)
(49, 9)
(49, 10)
(49, 11)
(49, 12)
(49, 13)
(49, 14)
(49, 15)
(49, 16)
(49, 17)
(49, 18)
(49, 19)
(49, 20)
(37, 21)
(38, 21)
(39, 21)
(40, 21)
(41, 21)
(42, 21)
(43, 21)
(44, 21)
(45, 21)
(46, 21)
(47, 21)
(48, 21)
(49, 21)
(50, 21)
(51, 21)
(52, 21)
(53, 21)
(54, 21)
(55, 21)
(56, 21)
(57, 21)
(58, 21)
(59, 21)
(60, 21)
(61, 21)
(37, 25)
(38, 25)
(39, 25)
(40, 25)
(41, 25)
(42, 25)
(43, 25)
(44, 25)
(45, 25)
(46, 25)
(47, 25)
(48, 25)
(49, 25)
(50, 25)
(51, 25)
(52, 25)
(53, 25)
(54, 25)
(55, 25)
(56, 25)
(57, 25)
(58, 25)
(59, 25)
(60, 25)
(61, 25)
(49, 26)
(49, 27)
(49, 28)
(49, 29)
(49, 30)
(49, 31)
(49, 32)
(49, 33)
(49, 34)
(49, 35)
(49, 36)
(49, 37)
(49, 38)
(49, 39)
(49, 40)
(49, 41)
(49, 42)
(49, 43)
(49, 44)
(49, 45)
(49, 46)
(49, 47)
(37, 48)
(38, 48)
(39, 48)
(40, 48)
(41, 48)
(42, 48)
(43, 48)
(44, 48)
(45, 48)
(46, 48)
(47, 48)
(48, 48)
(49, 48)
(50, 48)
(51, 48)
(52, 48)
(53, 48)
(54, 48)
(55, 48)
(56, 48)
(57, 48)
(58, 48)
(59, 48)
(60, 48)
(61, 48)
(37, 54)
(38, 54)
(39, 54)
(40, 54)
(41, 54)
(42, 54)
(43, 54)
(44, 54)
(45, 54)
(46, 54)
(47, 54)
(48, 54)
(49, 54)
(50, 54)
(51, 54)
(52, 54)
(53, 54)
(54, 54)
(55, 54)
(56, 54)
(57, 54)
(58, 54)
(59, 54)
(60, 54)
(61, 54)
(49, 55)
(49, 56)
(49, 57)
(49, 58)
(49, 59)
(49, 60)
(49, 61)
(49, 62)
(49, 63)
(49, 64)
(49, 65)
(49, 66)
(49, 67)
(49, 68)
(49, 69)
(49, 70)
(49, 71)
(49, 72)
(49, 73)
(49, 74)
(49, 75)
(37, 76)
(38, 76)
(39, 76)
(40, 76)
(41, 76)
(42, 76)
(43, 76)
(44, 76)
(45, 76)
(46, 76)
(47, 76)
(48, 76)
(49, 76)
(50, 76)
(51, 76)
(52, 76)
(53, 76)
(54, 76)
(55, 76)
(56, 76)
(57, 76)
(58, 76)
(59, 76)
(60, 76)
(61, 76)
(37, 81)
(38, 81)
(39, 81)
(40, 81)
(41, 81)
(42, 81)
(43, 81)
(44, 81)
(45, 81)
(46, 81)
(47, 81)
(48, 81)
(49, 81)
(50, 81)
(51, 81)
(52, 81)
(53, 81)
(54, 81)
(55, 81)
(56, 81)
(57, 81)
(58, 81)
(59, 81)
(60, 81)
(61, 81)
(49, 82)
(49, 83)
(49, 84)
(49, 85)
(49, 86)
(49, 87)
(49, 88)
(49, 89)
(49, 90)
(49, 91)
(49, 92)
(49, 93)
(49, 94)
(49, 95)
(37, 96)
(38, 96)
(39, 96)
(40, 96)
(41, 96)
(42, 96)
(43, 96)
(44, 96)
(45, 96)
(46, 96)
(47, 96)
(48, 96)
(49, 96)
(50, 96)
(51, 96)
(52, 96)
(53, 96)
(54, 96)
(55, 96)
(56, 96)
(57, 96)
(58, 96)
(59, 96)
(60, 96)
(61, 96)
(37, 98)
(38, 98)
(39, 98)
(40, 98)
(41, 98)
(42, 98)
(43, 98)
(44, 98)
(45, 98)
(46, 98)
(47, 98)
(48, 98)
(49, 98)
(50, 98)
(51, 98)
(52, 98)
(53, 98)
(54, 98)
(55, 98)
(56, 98)
(57, 98)
(58, 98)
(59, 98)
(60, 98)
(61, 98)
(49, 99)
-
(0, 1, 1.0, -1, 0.5)
(1, 1, 1.0, -1, 0.5)
(2, 2, 1.0, -1, 0.5)
(3, 2, 1.0, -1, 0.5)
(4, 3, 1.0, -1, 0.5)
(5, 3, 1.0, -1, 0.5)
(6, 4, 1.0, -1, 0.5)
(7, 4, 1.0, -1, 0.5)
(8, 5, 1.0, -1, 0.5)
(9, 5, 1.0, -1, 0.5)
-
(0, (0,81), (95,72))
(1, (0,9), (95,81))
(2, (0,63), (95,18))
(3, (0,52), (95,36))
(4, (0,72), (95,0))
(5, (0,0), (95,90))
(6, (0,90), (95,45))
(7, (0,36), (95,9))
(8, (0,45), (95,63))
(9, (0,27), (95,27))
