150
(0,19)
(0,20)
(0,21)
(0,22)
(0,23)
(0,47)
(0,48)
(0,49)
(0,50)
(0,51)
(0,67)
(0,68)
(0,69)
(0,70)
(0,71)
(0,72)
(0,94)
(0,95)
(0,96)
(0,97)
(0,98)
(0,122)
(0,123)
(0,124)
(0,125)
(0,126)
(0,142)
(0,143)
(0,144)
(0,145)
(0,146)
(0,147)
(1,19)
(1,20)
(1,21)
(1,22)
(1,23)
(1,47)
(1,48)
(1,49)
(1,50)
(1,51)
(1,67)
(1,68)
(1,69)
(1,70)
(1,71)
(1,72)
(1,94)
(1,95)
(1,96)
(1,97)
(1,98)
(1,122)
(1,123)
(1,124)
(1,125)
(1,126)
(1,142)
(1,143)
(1,144)
(1,145)
(1,146)
(1,147)
(2,19)
(2,20)
(2,21)
(2,22)
(2,23)
(2,47)
(2,48)
(2,49)
(2,50)
(2,51)
(2,67)
(2,68)
(2,69)
(2,70)
(2,71)
(2,72)
(2,94)
(2,95)
(2,96)
(2,97)
(2,98)
(2,122)
(2,123)
(2,124)
(2,125)
(2,126)
(2,142)
(2,143)
(2,144)
(2,145)
(2,146)
(2,147)
(3,19)
(3,20)
(3,21)
(3,22)
(3,23)
(3,47)
(3,48)
(3,49)
(3,50)
(3,51)
(3,94)
(3,95)
(3,96)
(3,97)
(3,98)
(3,122)
(3,123)
(3,124)
(3,125)
(3,126)
(9,11)
(9,12)
(9,13)
(9,14)
(9,15)
(9,16)
(9,17)
(9,18)
(9,19)
(9,20)
(9,21)
(9,22)
(9,23)
(9,24)
(9,25)
(9,26)
(9,27)
(9,33)
(9,34)
(9,35)
(9,36)
(9,37)
(9,38)
(9,39)
(9,40)
(9,41)
(9,42)
(9,43)
(9,44)
(9,48)
(9,49)
(9,50)
(9,51)
(9,52)
(9,53)
(9,54)
(9,64)
(9,65)
(9,66)
(9,67)
(9,68)
(9,69)
(9,70)
(9,71)
(9,86)
(9,87)
(9,88)
(9,89)
(9,90)
(9,91)
(9,92)
(9,93)
(9,94)
(9,95)
(9,96)
(9,97)
(9,98)
(9,99)
(9,100)
(9,101)
(9,102)
(9,108)
(9,109)
(9,110)
(9,111)
(9,112)
(9,113)
(9,114)
(9,115)
(9,116)
(9,117)
(9,118)
(9,119)
(9,123)
(9,124)
(9,125)
(9,126)
(9,127)
(9,128)
(9,129)
(9,139)
(9,140)
(9,141)
(9,142)
(9,143)
(9,144)
(9,145)
(9,146)
(10,11)
(10,12)
(10,13)
(10,14)
(10,15)
(10,16)
(10,17)
(10,18)
(10,19)
(10,20)
(10,21)
(10,22)
(10,23)
(10,24)
(10,25)
(10,26)
(10,27)
(10,33)
(10,34)
(10,35)
(10,36)
(10,37)
(10,38)
(10,39)
(10,40)
(10,41)
(10,42)
(10,43)
(10,44)
(10,48)
(10,49)
(10,50)
(10,51)
(10,52)
(10,53)
(10,54)
(10,64)
(10,65)
(10,66)
(10,67)
(10,68)
(10,69)
(10,70)
(10,71)
(10,86)
(10,87)
(10,88)
(10,89)
(10,90)
(10,91)
(10,92)
(10,93)
(10,94)
(10,95)
(10,96)
(10,97)
(10,98)
(10,99)
(10,100)
(10,101)
(10,102)
(10,108)
(10,109)
(10,110)
(10,111)
(10,112)
(10,113)
(10,114)
(10,115)
(10,116)
(10,117)
(10,118)
(10,119)
(10,123)
(10,124)
(10,125)
(10,126)
(10,127)
(10,128)
(10,129)
(10,139)
(10,140)
(10,141)
(10,142)
(10,143)
(10,144)
(10,145)
(10,146)
(11,11)
(11,12)
(11,13)
(11,14)
(11,15)
(11,16)
(11,17)
(11,18)
(11,19)
(11,20)
(11,21)
(11,22)
(11,23)
(11,24)
(11,25)
(11,26)
(11,27)
(11,33)
(11,34)
(11,35)
(11,36)
(11,37)
(11,38)
(11,39)
(11,40)
(11,41)
(11,42)
(11,43)
(11,44)
(11,48)
(11,49)
(11,50)
(11,51)
(11,52)
(11,53)
(11,54)
(11,64)
(11,65)
(11,66)
(11,67)
(11,68)
(11,69)
(11,70)
(11,71)
(11,86)
(11,87)
(11,88)
(11,89)
(11,90)
(11,91)
(11,92)
(11,93)
(11,94)
(11,95)
(11,96)
(11,97)
(11,98)
(11,99)
(11,100)
(11,101)
(11,102)
(11,108)
(11,109)
(11,110)
(11,111)
(11,112)
(11,113)
(11,114)
(11,115)
(11,116)
(11,117)
(11,118)
(11,119)
(11,123)
(11,124)
(11,125)
(11,126)
(11,127)
(11,128)
(11,129)
(11,139)
(11,140)
(11,141)
(11,142)
(11,143)
(11,144)
(11,145)
(11,146)
(12,33)
(12,34)
(12,35)
(12,36)
(12,37)
(12,108)
(12,109)
(12,110)
(12,111)
(12,112)
(13,33)
(13,34)
(13,35)
(13,36)
(13,37)
(13,108)
(13,109)
(13,110)
(13,111)
(13,112)
(14,33)
(14,34)
(14,35)
(14,36)
(14,37)
(14,108)
(14,109)
(14,110)
(14,111)
(14,112)
(15,0)
(15,1)
(15,2)
(15,3)
(15,4)
(15,5)
(15,6)
(15,7)
(15,8)
(15,9)
(15,10)
(15,11)
(15,12)
(15,13)
(15,14)
(15,33)
(15,34)
(15,35)
(15,36)
(15,37)
(15,75)
(15,76)
(15,77)
(15,78)
(15,79)
(15,80)
(15,81)
(15,82)
(15,83)
(15,84)
(15,85)
(15,86)
(15,87)
(15,88)
(15,89)
(15,108)
(15,109)
(15,110)
(15,111)
(15,112)
(16,0)
(16,1)
(16,2)
(16,3)
(16,4)
(16,5)
(16,6)
(16,7)
(16,8)
(16,9)
(16,10)
(16,11)
(16,12)
(16,13)
(16,14)
(16,27)
(16,28)
(16,29)
(16,30)
(16,31)
(16,32)
(16,33)
(16,34)
(16,35)
(16,36)
(16,37)
(16,38)
(16,39)
(16,40)
(16,41)
(16,42)
(16,47)
(16,48)
(16,49)
(16,50)
(16,51)
(16,52)
(16,53)
(16,54)
(16,55)
(16,56)
(16,57)
(16,58)
(16,75)
(16,76)
(16,77)
(16,78)
(16,79)
(16,80)
(16,81)
(16,82)
(16,83)
(16,84)
(16,85)
(16,86)
(16,87)
(16,88)
(16,89)
(16,102)
(16,103)
(16,104)
(16,105)
(16,106)
(16,107)
(16,108)
(16,109)
(16,110)
(16,111)
(16,112)
(16,113)
(16,114)
(16,115)
(16,116)
(16,117)
(16,122)
(16,123)
(16,124)
(16,125)
(16,126)
(16,127)
(16,128)
(16,129)
(16,130)
(16,131)
(16,132)
(16,133)
(16,134)
(17,0)
(17,1)
(17,2)
(17,3)
(17,4)
(17,5)
(17,6)
(17,7)
(17,8)
(17,9)
(17,10)
(17,11)
(17,12)
(17,13)
(17,14)
(17,27)
(17,28)
(17,29)
(17,30)
(17,31)
(17,32)
(17,33)
(17,34)
(17,35)
(17,36)
(17,37)
(17,38)
(17,39)
(17,40)
(17,41)
(17,42)
(17,47)
(17,48)
(17,49)
(17,50)
(17,51)
(17,52)
(17,53)
(17,54)
(17,55)
(17,56)
(17,57)
(17,58)
(17,59)
(17,75)
(17,76)
(17,77)
(17,78)
(17,79)
(17,80)
(17,81)
(17,82)
(17,83)
(17,84)
(17,85)
(17,86)
(17,87)
(17,88)
(17,89)
(17,102)
(17,103)
(17,104)
(17,105)
(17,106)
(17,107)
(17,108)
(17,109)
(17,110)
(17,111)
(17,112)
(17,113)
(17,114)
(17,115)
(17,116)
(17,117)
(17,122)
(17,123)
(17,124)
(17,125)
(17,126)
(17,127)
(17,128)
(17,129)
(17,130)
(17,131)
(17,132)
(17,133)
(17,134)
(18,27)
(18,28)
(18,29)
(18,30)
(18,31)
(18,32)
(18,33)
(18,34)
(18,35)
(18,36)
(18,37)
(18,38)
(18,39)
(18,40)
(18,41)
(18,42)
(18,47)
(18,48)
(18,49)
(18,50)
(18,51)
(18,52)
(18,53)
(18,54)
(18,55)
(18,56)
(18,57)
(18,58)
(18,59)
(18,102)
(18,103)
(18,104)
(18,105)
(18,106)
(18,107)
(18,108)
(18,109)
(18,110)
(18,111)
(18,112)
(18,113)
(18,114)
(18,115)
(18,116)
(18,117)
(18,122)
(18,123)
(18,124)
(18,125)
(18,126)
(18,127)
(18,128)
(18,129)
(18,130)
(18,131)
(18,132)
(18,133)
(18,134)
(19,27)
(19,28)
(19,29)
(19,30)
(19,31)
(19,32)
(19,33)
(19,34)
(19,35)
(19,36)
(19,37)
(19,38)
(19,39)
(19,40)
(19,41)
(19,42)
(19,47)
(19,48)
(19,49)
(19,50)
(19,51)
(19,52)
(19,53)
(19,54)
(19,55)
(19,56)
(19,57)
(19,58)
(19,59)
(19,102)
(19,103)
(19,104)
(19,105)
(19,106)
(19,107)
(19,108)
(19,109)
(19,110)
(19,111)
(19,112)
(19,113)
(19,114)
(19,115)
(19,116)
(19,117)
(19,122)
(19,123)
(19,124)
(19,125)
(19,126)
(19,127)
(19,128)
(19,129)
(19,130)
(19,131)
(19,132)
(19,133)
(19,134)
(20,47)
(20,48)
(20,49)
(20,50)
(20,51)
(20,52)
(20,53)
(20,54)
(20,55)
(20,56)
(20,57)
(20,58)
(20,59)
(20,122)
(20,123)
(20,124)
(20,125)
(20,126)
(20,127)
(20,128)
(20,129)
(20,130)
(20,131)
(20,132)
(20,133)
(20,134)
(23,64)
(23,65)
(23,66)
(23,67)
(23,68)
(23,69)
(23,70)
(23,71)
(23,72)
(23,73)
(23,74)
(23,139)
(23,140)
(23,141)
(23,142)
(23,143)
(23,144)
(23,145)
(23,146)
(23,147)
(23,148)
(23,149)
(24,64)
(24,65)
(24,66)
(24,67)
(24,68)
(24,69)
(24,70)
(24,71)
(24,72)
(24,73)
(24,74)
(24,139)
(24,140)
(24,141)
(24,142)
(24,143)
(24,144)
(24,145)
(24,146)
(24,147)
(24,148)
(24,149)
(25,7)
(25,8)
(25,9)
(25,10)
(25,11)
(25,12)
(25,13)
(25,14)
(25,15)
(25,16)
(25,17)
(25,28)
(25,29)
(25,30)
(25,31)
(25,32)
(25,43)
(25,44)
(25,45)
(25,46)
(25,47)
(25,48)
(25,49)
(25,50)
(25,51)
(25,52)
(25,53)
(25,54)
(25,55)
(25,56)
(25,64)
(25,65)
(25,66)
(25,67)
(25,68)
(25,69)
(25,70)
(25,71)
(25,72)
(25,73)
(25,74)
(25,82)
(25,83)
(25,84)
(25,85)
(25,86)
(25,87)
(25,88)
(25,89)
(25,90)
(25,91)
(25,92)
(25,103)
(25,104)
(25,105)
(25,106)
(25,107)
(25,118)
(25,119)
(25,120)
(25,121)
(25,122)
(25,123)
(25,124)
(25,125)
(25,126)
(25,127)
(25,128)
(25,129)
(25,130)
(25,131)
(25,139)
(25,140)
(25,141)
(25,142)
(25,143)
(25,144)
(25,145)
(25,146)
(25,147)
(25,148)
(25,149)
(26,7)
(26,8)
(26,9)
(26,10)
(26,11)
(26,12)
(26,13)
(26,14)
(26,15)
(26,16)
(26,17)
(26,28)
(26,29)
(26,30)
(26,31)
(26,32)
(26,43)
(26,44)
(26,45)
(26,46)
(26,47)
(26,48)
(26,49)
(26,50)
(26,51)
(26,52)
(26,53)
(26,54)
(26,55)
(26,56)
(26,82)
(26,83)
(26,84)
(26,85)
(26,86)
(26,87)
(26,88)
(26,89)
(26,90)
(26,91)
(26,92)
(26,103)
(26,104)
(26,105)
(26,106)
(26,107)
(26,118)
(26,119)
(26,120)
(26,121)
(26,122)
(26,123)
(26,124)
(26,125)
(26,126)
(26,127)
(26,128)
(26,129)
(26,130)
(26,131)
(27,7)
(27,8)
(27,9)
(27,10)
(27,11)
(27,12)
(27,13)
(27,14)
(27,15)
(27,16)
(27,17)
(27,28)
(27,29)
(27,30)
(27,31)
(27,32)
(27,43)
(27,44)
(27,45)
(27,46)
(27,47)
(27,48)
(27,49)
(27,50)
(27,51)
(27,52)
(27,53)
(27,54)
(27,55)
(27,56)
(27,82)
(27,83)
(27,84)
(27,85)
(27,86)
(27,87)
(27,88)
(27,89)
(27,90)
(27,91)
(27,92)
(27,103)
(27,104)
(27,105)
(27,106)
(27,107)
(27,118)
(27,119)
(27,120)
(27,121)
(27,122)
(27,123)
(27,124)
(27,125)
(27,126)
(27,127)
(27,128)
(27,129)
(27,130)
(27,131)
(31,56)
(31,57)
(31,58)
(31,59)
(31,60)
(31,61)
(31,62)
(31,63)
(31,64)
(31,131)
(31,132)
(31,133)
(31,134)
(31,135)
(31,136)
(31,137)
(31,138)
(31,139)
(32,34)
(32,35)
(32,36)
(32,37)
(32,38)
(32,39)
(32,40)
(32,41)
(32,42)
(32,43)
(32,44)
(32,45)
(32,46)
(32,47)
(32,48)
(32,56)
(32,57)
(32,58)
(32,59)
(32,60)
(32,61)
(32,62)
(32,63)
(32,64)
(32,109)
(32,110)
(32,111)
(32,112)
(32,113)
(32,114)
(32,115)
(32,116)
(32,117)
(32,118)
(32,119)
(32,120)
(32,121)
(32,122)
(32,123)
(32,131)
(32,132)
(32,133)
(32,134)
(32,135)
(32,136)
(32,137)
(32,138)
(32,139)
(33,34)
(33,35)
(33,36)
(33,37)
(33,38)
(33,39)
(33,40)
(33,41)
(33,42)
(33,43)
(33,44)
(33,45)
(33,46)
(33,47)
(33,48)
(33,56)
(33,57)
(33,58)
(33,59)
(33,60)
(33,61)
(33,62)
(33,63)
(33,64)
(33,109)
(33,110)
(33,111)
(33,112)
(33,113)
(33,114)
(33,115)
(33,116)
(33,117)
(33,118)
(33,119)
(33,120)
(33,121)
(33,122)
(33,123)
(33,131)
(33,132)
(33,133)
(33,134)
(33,135)
(33,136)
(33,137)
(33,138)
(33,139)
(34,34)
(34,35)
(34,36)
(34,37)
(34,38)
(34,39)
(34,40)
(34,41)
(34,42)
(34,43)
(34,44)
(34,45)
(34,46)
(34,47)
(34,48)
(34,109)
(34,110)
(34,111)
(34,112)
(34,113)
(34,114)
(34,115)
(34,116)
(34,117)
(34,118)
(34,119)
(34,120)
(34,121)
(34,122)
(34,123)
(35,5)
(35,6)
(35,7)
(35,8)
(35,9)
(35,10)
(35,11)
(35,12)
(35,13)
(35,14)
(35,15)
(35,16)
(35,17)
(35,18)
(35,19)
(35,20)
(35,21)
(35,22)
(35,23)
(35,24)
(35,25)
(35,26)
(35,34)
(35,35)
(35,36)
(35,37)
(35,38)
(35,39)
(35,40)
(35,41)
(35,42)
(35,43)
(35,44)
(35,45)
(35,46)
(35,47)
(35,48)
(35,69)
(35,70)
(35,71)
(35,72)
(35,73)
(35,74)
(35,80)
(35,81)
(35,82)
(35,83)
(35,84)
(35,85)
(35,86)
(35,87)
(35,88)
(35,89)
(35,90)
(35,91)
(35,92)
(35,93)
(35,94)
(35,95)
(35,96)
(35,97)
(35,98)
(35,99)
(35,100)
(35,101)
(35,109)
(35,110)
(35,111)
(35,112)
(35,113)
(35,114)
(35,115)
(35,116)
(35,117)
(35,118)
(35,119)
(35,120)
(35,121)
(35,122)
(35,123)
(35,144)
(35,145)
(35,146)
(35,147)
(35,148)
(35,149)
(36,5)
(36,6)
(36,7)
(36,8)
(36,9)
(36,10)
(36,11)
(36,12)
(36,13)
(36,14)
(36,15)
(36,16)
(36,17)
(36,18)
(36,19)
(36,20)
(36,21)
(36,22)
(36,23)
(36,24)
(36,25)
(36,26)
(36,34)
(36,35)
(36,36)
(36,37)
(36,38)
(36,39)
(36,40)
(36,41)
(36,42)
(36,43)
(36,44)
(36,45)
(36,46)
(36,47)
(36,48)
(36,69)
(36,70)
(36,71)
(36,72)
(36,73)
(36,74)
(36,80)
(36,81)
(36,82)
(36,83)
(36,84)
(36,85)
(36,86)
(36,87)
(36,88)
(36,89)
(36,90)
(36,91)
(36,92)
(36,93)
(36,94)
(36,95)
(36,96)
(36,97)
(36,98)
(36,99)
(36,100)
(36,101)
(36,109)
(36,110)
(36,111)
(36,112)
(36,113)
(36,114)
(36,115)
(36,116)
(36,117)
(36,118)
(36,119)
(36,120)
(36,121)
(36,122)
(36,123)
(36,144)
(36,145)
(36,146)
(36,147)
(36,148)
(36,149)
(37,5)
(37,6)
(37,7)
(37,8)
(37,9)
(37,10)
(37,11)
(37,12)
(37,13)
(37,14)
(37,15)
(37,16)
(37,17)
(37,18)
(37,19)
(37,20)
(37,21)
(37,22)
(37,23)
(37,24)
(37,25)
(37,26)
(37,69)
(37,70)
(37,71)
(37,72)
(37,73)
(37,74)
(37,80)
(37,81)
(37,82)
(37,83)
(37,84)
(37,85)
(37,86)
(37,87)
(37,88)
(37,89)
(37,90)
(37,91)
(37,92)
(37,93)
(37,94)
(37,95)
(37,96)
(37,97)
(37,98)
(37,99)
(37,100)
(37,101)
(37,144)
(37,145)
(37,146)
(37,147)
(37,148)
(37,149)
(38,69)
(38,70)
(38,71)
(38,72)
(38,73)
(38,74)
(38,144)
(38,145)
(38,146)
(38,147)
(38,148)
(38,149)
(42,55)
(42,56)
(42,57)
(42,58)
(42,59)
(42,60)
(42,61)
(42,62)
(42,63)
(42,64)
(42,65)
(42,66)
(42,67)
(42,68)
(42,69)
(42,70)
(42,71)
(42,72)
(42,73)
(42,74)
(42,130)
(42,131)
(42,132)
(42,133)
(42,134)
(42,135)
(42,136)
(42,137)
(42,138)
(42,139)
(42,140)
(42,141)
(42,142)
(42,143)
(42,144)
(42,145)
(42,146)
(42,147)
(42,148)
(42,149)
(43,3)
(43,4)
(43,5)
(43,6)
(43,7)
(43,8)
(43,9)
(43,10)
(43,29)
(43,30)
(43,31)
(43,32)
(43,33)
(43,34)
(43,35)
(43,36)
(43,37)
(43,38)
(43,39)
(43,40)
(43,41)
(43,42)
(43,43)
(43,44)
(43,45)
(43,55)
(43,56)
(43,57)
(43,58)
(43,59)
(43,60)
(43,61)
(43,62)
(43,63)
(43,64)
(43,65)
(43,66)
(43,67)
(43,68)
(43,69)
(43,70)
(43,71)
(43,72)
(43,73)
(43,74)
(43,78)
(43,79)
(43,80)
(43,81)
(43,82)
(43,83)
(43,84)
(43,85)
(43,104)
(43,105)
(43,106)
(43,107)
(43,108)
(43,109)
(43,110)
(43,111)
(43,112)
(43,113)
(43,114)
(43,115)
(43,116)
(43,117)
(43,118)
(43,119)
(43,120)
(43,130)
(43,131)
(43,132)
(43,133)
(43,134)
(43,135)
(43,136)
(43,137)
(43,138)
(43,139)
(43,140)
(43,141)
(43,142)
(43,143)
(43,144)
(43,145)
(43,146)
(43,147)
(43,148)
(43,149)
(44,3)
(44,4)
(44,5)
(44,6)
(44,7)
(44,8)
(44,9)
(44,10)
(44,29)
(44,30)
(44,31)
(44,32)
(44,33)
(44,34)
(44,35)
(44,36)
(44,37)
(44,38)
(44,39)
(44,40)
(44,41)
(44,42)
(44,43)
(44,44)
(44,45)
(44,55)
(44,56)
(44,57)
(44,58)
(44,59)
(44,60)
(44,61)
(44,62)
(44,63)
(44,64)
(44,65)
(44,66)
(44,67)
(44,68)
(44,69)
(44,70)
(44,71)
(44,72)
(44,73)
(44,74)
(44,78)
(44,79)
(44,80)
(44,81)
(44,82)
(44,83)
(44,84)
(44,85)
(44,104)
(44,105)
(44,106)
(44,107)
(44,108)
(44,109)
(44,110)
(44,111)
(44,112)
(44,113)
(44,114)
(44,115)
(44,116)
(44,117)
(44,118)
(44,119)
(44,120)
(44,130)
(44,131)
(44,132)
(44,133)
(44,134)
(44,135)
(44,136)
(44,137)
(44,138)
(44,139)
(44,140)
(44,141)
(44,142)
(44,143)
(44,144)
(44,145)
(44,146)
(44,147)
(44,148)
(44,149)
(45,3)
(45,4)
(45,5)
(45,6)
(45,7)
(45,8)
(45,9)
(45,10)
(45,29)
(45,30)
(45,31)
(45,32)
(45,33)
(45,34)
(45,35)
(45,36)
(45,37)
(45,38)
(45,39)
(45,40)
(45,41)
(45,42)
(45,43)
(45,44)
(45,45)
(45,78)
(45,79)
(45,80)
(45,81)
(45,82)
(45,83)
(45,84)
(45,85)
(45,104)
(45,105)
(45,106)
(45,107)
(45,108)
(45,109)
(45,110)
(45,111)
(45,112)
(45,113)
(45,114)
(45,115)
(45,116)
(45,117)
(45,118)
(45,119)
(45,120)
(46,50)
(46,51)
(46,52)
(46,53)
(46,54)
(46,55)
(46,56)
(46,57)
(46,58)
(46,59)
(46,60)
(46,61)
(46,62)
(46,63)
(46,125)
(46,126)
(46,127)
(46,128)
(46,129)
(46,130)
(46,131)
(46,132)
(46,133)
(46,134)
(46,135)
(46,136)
(46,137)
(46,138)
(47,50)
(47,51)
(47,52)
(47,53)
(47,54)
(47,55)
(47,56)
(47,57)
(47,58)
(47,59)
(47,60)
(47,61)
(47,62)
(47,63)
(47,125)
(47,126)
(47,127)
(47,128)
(47,129)
(47,130)
(47,131)
(47,132)
(47,133)
(47,134)
(47,135)
(47,136)
(47,137)
(47,138)
(48,13)
(48,14)
(48,15)
(48,16)
(48,17)
(48,18)
(48,19)
(48,20)
(48,21)
(48,22)
(48,38)
(48,39)
(48,40)
(48,41)
(48,42)
(48,43)
(48,50)
(48,51)
(48,52)
(48,53)
(48,54)
(48,55)
(48,56)
(48,57)
(48,58)
(48,59)
(48,60)
(48,61)
(48,62)
(48,63)
(48,88)
(48,89)
(48,90)
(48,91)
(48,92)
(48,93)
(48,94)
(48,95)
(48,96)
(48,97)
(48,113)
(48,114)
(48,115)
(48,116)
(48,117)
(48,118)
(48,125)
(48,126)
(48,127)
(48,128)
(48,129)
(48,130)
(48,131)
(48,132)
(48,133)
(48,134)
(48,135)
(48,136)
(48,137)
(48,138)
(49,13)
(49,14)
(49,15)
(49,16)
(49,17)
(49,18)
(49,19)
(49,20)
(49,21)
(49,22)
(49,38)
(49,39)
(49,40)
(49,41)
(49,42)
(49,43)
(49,50)
(49,51)
(49,52)
(49,53)
(49,54)
(49,55)
(49,56)
(49,57)
(49,58)
(49,59)
(49,60)
(49,61)
(49,62)
(49,63)
(49,88)
(49,89)
(49,90)
(49,91)
(49,92)
(49,93)
(49,94)
(49,95)
(49,96)
(49,97)
(49,113)
(49,114)
(49,115)
(49,116)
(49,117)
(49,118)
(49,125)
(49,126)
(49,127)
(49,128)
(49,129)
(49,130)
(49,131)
(49,132)
(49,133)
(49,134)
(49,135)
(49,136)
(49,137)
(49,138)
(50,13)
(50,14)
(50,15)
(50,16)
(50,17)
(50,18)
(50,19)
(50,20)
(50,21)
(50,22)
(50,38)
(50,39)
(50,40)
(50,41)
(50,42)
(50,43)
(50,88)
(50,89)
(50,90)
(50,91)
(50,92)
(50,93)
(50,94)
(50,95)
(50,96)
(50,97)
(50,113)
(50,114)
(50,115)
(50,116)
(50,117)
(50,118)
(51,13)
(51,14)
(51,15)
(51,16)
(51,17)
(51,18)
(51,19)
(51,20)
(51,21)
(51,22)
(51,23)
(51,24)
(51,25)
(51,26)
(51,27)
(51,38)
(51,39)
(51,40)
(51,41)
(51,42)
(51,43)
(51,88)
(51,89)
(51,90)
(51,91)
(51,92)
(51,93)
(51,94)
(51,95)
(51,96)
(51,97)
(51,98)
(51,99)
(51,100)
(51,101)
(51,102)
(51,113)
(51,114)
(51,115)
(51,116)
(51,117)
(51,118)
(52,13)
(52,14)
(52,15)
(52,16)
(52,17)
(52,18)
(52,19)
(52,20)
(52,21)
(52,22)
(52,23)
(52,24)
(52,25)
(52,26)
(52,27)
(52,88)
(52,89)
(52,90)
(52,91)
(52,92)
(52,93)
(52,94)
(52,95)
(52,96)
(52,97)
(52,98)
(52,99)
(52,100)
(52,101)
(52,102)
(53,13)
(53,14)
(53,15)
(53,16)
(53,17)
(53,18)
(53,19)
(53,20)
(53,21)
(53,22)
(53,23)
(53,24)
(53,25)
(53,26)
(53,27)
(53,88)
(53,89)
(53,90)
(53,91)
(53,92)
(53,93)
(53,94)
(53,95)
(53,96)
(53,97)
(53,98)
(53,99)
(53,100)
(53,101)
(53,102)
(54,13)
(54,14)
(54,15)
(54,16)
(54,17)
(54,18)
(54,19)
(54,20)
(54,21)
(54,22)
(54,23)
(54,24)
(54,25)
(54,26)
(54,27)
(54,36)
(54,37)
(54,38)
(54,39)
(54,40)
(54,41)
(54,42)
(54,52)
(54,53)
(54,54)
(54,55)
(54,56)
(54,57)
(54,58)
(54,59)
(54,60)
(54,61)
(54,62)
(54,63)
(54,64)
(54,65)
(54,66)
(54,67)
(54,68)
(54,69)
(54,70)
(54,71)
(54,72)
(54,73)
(54,74)
(54,88)
(54,89)
(54,90)
(54,91)
(54,92)
(54,93)
(54,94)
(54,95)
(54,96)
(54,97)
(54,98)
(54,99)
(54,100)
(54,101)
(54,102)
(54,111)
(54,112)
(54,113)
(54,114)
(54,115)
(54,116)
(54,117)
(54,127)
(54,128)
(54,129)
(54,130)
(54,131)
(54,132)
(54,133)
(54,134)
(54,135)
(54,136)
(54,137)
(54,138)
(54,139)
(54,140)
(54,141)
(54,142)
(54,143)
(54,144)
(54,145)
(54,146)
(54,147)
(54,148)
(54,149)
(55,36)
(55,37)
(55,38)
(55,39)
(55,40)
(55,41)
(55,42)
(55,52)
(55,53)
(55,54)
(55,55)
(55,56)
(55,57)
(55,58)
(55,59)
(55,60)
(55,61)
(55,62)
(55,63)
(55,64)
(55,65)
(55,66)
(55,67)
(55,68)
(55,69)
(55,70)
(55,71)
(55,72)
(55,73)
(55,74)
(55,111)
(55,112)
(55,113)
(55,114)
(55,115)
(55,116)
(55,117)
(55,127)
(55,128)
(55,129)
(55,130)
(55,131)
(55,132)
(55,133)
(55,134)
(55,135)
(55,136)
(55,137)
(55,138)
(55,139)
(55,140)
(55,141)
(55,142)
(55,143)
(55,144)
(55,145)
(55,146)
(55,147)
(55,148)
(55,149)
(56,36)
(56,37)
(56,38)
(56,39)
(56,40)
(56,41)
(56,42)
(56,52)
(56,53)
(56,54)
(56,55)
(56,56)
(56,57)
(56,58)
(56,59)
(56,60)
(56,61)
(56,62)
(56,63)
(56,64)
(56,65)
(56,66)
(56,67)
(56,68)
(56,69)
(56,70)
(56,71)
(56,72)
(56,73)
(56,74)
(56,111)
(56,112)
(56,113)
(56,114)
(56,115)
(56,116)
(56,117)
(56,127)
(56,128)
(56,129)
(56,130)
(56,131)
(56,132)
(56,133)
(56,134)
(56,135)
(56,136)
(56,137)
(56,138)
(56,139)
(56,140)
(56,141)
(56,142)
(56,143)
(56,144)
(56,145)
(56,146)
(56,147)
(56,148)
(56,149)
(57,36)
(57,37)
(57,38)
(57,39)
(57,40)
(57,41)
(57,42)
(57,111)
(57,112)
(57,113)
(57,114)
(57,115)
(57,116)
(57,117)
(58,4)
(58,5)
(58,6)
(58,7)
(58,8)
(58,9)
(58,10)
(58,11)
(58,12)
(58,13)
(58,79)
(58,80)
(58,81)
(58,82)
(58,83)
(58,84)
(58,85)
(58,86)
(58,87)
(58,88)
(59,4)
(59,5)
(59,6)
(59,7)
(59,8)
(59,9)
(59,10)
(59,11)
(59,12)
(59,13)
(59,79)
(59,80)
(59,81)
(59,82)
(59,83)
(59,84)
(59,85)
(59,86)
(59,87)
(59,88)
(60,4)
(60,5)
(60,6)
(60,7)
(60,8)
(60,9)
(60,10)
(60,11)
(60,12)
(60,13)
(60,79)
(60,80)
(60,81)
(60,82)
(60,83)
(60,84)
(60,85)
(60,86)
(60,87)
(60,88)
(62,27)
(62,28)
(62,29)
(62,30)
(62,31)
(62,32)
(62,33)
(62,34)
(62,35)
(62,36)
(62,37)
(62,38)
(62,39)
(62,40)
(62,41)
(62,42)
(62,43)
(62,44)
(62,45)
(62,46)
(62,47)
(62,48)
(62,102)
(62,103)
(62,104)
(62,105)
(62,106)
(62,107)
(62,108)
(62,109)
(62,110)
(62,111)
(62,112)
(62,113)
(62,114)
(62,115)
(62,116)
(62,117)
(62,118)
(62,119)
(62,120)
(62,121)
(62,122)
(62,123)
(63,27)
(63,28)
(63,29)
(63,30)
(63,31)
(63,32)
(63,33)
(63,34)
(63,35)
(63,36)
(63,37)
(63,38)
(63,39)
(63,40)
(63,41)
(63,42)
(63,43)
(63,44)
(63,45)
(63,46)
(63,47)
(63,48)
(63,102)
(63,103)
(63,104)
(63,105)
(63,106)
(63,107)
(63,108)
(63,109)
(63,110)
(63,111)
(63,112)
(63,113)
(63,114)
(63,115)
(63,116)
(63,117)
(63,118)
(63,119)
(63,120)
(63,121)
(63,122)
(63,123)
(64,27)
(64,28)
(64,29)
(64,30)
(64,31)
(64,32)
(64,33)
(64,34)
(64,35)
(64,36)
(64,37)
(64,38)
(64,39)
(64,40)
(64,41)
(64,42)
(64,43)
(64,44)
(64,45)
(64,46)
(64,47)
(64,48)
(64,62)
(64,63)
(64,64)
(64,65)
(64,66)
(64,67)
(64,68)
(64,69)
(64,70)
(64,71)
(64,72)
(64,73)
(64,74)
(64,102)
(64,103)
(64,104)
(64,105)
(64,106)
(64,107)
(64,108)
(64,109)
(64,110)
(64,111)
(64,112)
(64,113)
(64,114)
(64,115)
(64,116)
(64,117)
(64,118)
(64,119)
(64,120)
(64,121)
(64,122)
(64,123)
(64,137)
(64,138)
(64,139)
(64,140)
(64,141)
(64,142)
(64,143)
(64,144)
(64,145)
(64,146)
(64,147)
(64,148)
(64,149)
(65,27)
(65,28)
(65,29)
(65,30)
(65,31)
(65,32)
(65,33)
(65,34)
(65,35)
(65,36)
(65,37)
(65,38)
(65,39)
(65,40)
(65,41)
(65,42)
(65,43)
(65,44)
(65,45)
(65,46)
(65,47)
(65,48)
(65,62)
(65,63)
(65,64)
(65,65)
(65,66)
(65,67)
(65,68)
(65,69)
(65,70)
(65,71)
(65,72)
(65,73)
(65,74)
(65,102)
(65,103)
(65,104)
(65,105)
(65,106)
(65,107)
(65,108)
(65,109)
(65,110)
(65,111)
(65,112)
(65,113)
(65,114)
(65,115)
(65,116)
(65,117)
(65,118)
(65,119)
(65,120)
(65,121)
(65,122)
(65,123)
(65,137)
(65,138)
(65,139)
(65,140)
(65,141)
(65,142)
(65,143)
(65,144)
(65,145)
(65,146)
(65,147)
(65,148)
(65,149)
(66,62)
(66,63)
(66,64)
(66,65)
(66,66)
(66,67)
(66,68)
(66,69)
(66,70)
(66,71)
(66,72)
(66,73)
(66,74)
(66,137)
(66,138)
(66,139)
(66,140)
(66,141)
(66,142)
(66,143)
(66,144)
(66,145)
(66,146)
(66,147)
(66,148)
(66,149)
(67,62)
(67,63)
(67,64)
(67,65)
(67,66)
(67,67)
(67,68)
(67,69)
(67,70)
(67,71)
(67,72)
(67,73)
(67,74)
(67,137)
(67,138)
(67,139)
(67,140)
(67,141)
(67,142)
(67,143)
(67,144)
(67,145)
(67,146)
(67,147)
(67,148)
(67,149)
(68,11)
(68,12)
(68,13)
(68,14)
(68,15)
(68,16)
(68,17)
(68,18)
(68,19)
(68,20)
(68,21)
(68,86)
(68,87)
(68,88)
(68,89)
(68,90)
(68,91)
(68,92)
(68,93)
(68,94)
(68,95)
(68,96)
(69,11)
(69,12)
(69,13)
(69,14)
(69,15)
(69,16)
(69,17)
(69,18)
(69,19)
(69,20)
(69,21)
(69,86)
(69,87)
(69,88)
(69,89)
(69,90)
(69,91)
(69,92)
(69,93)
(69,94)
(69,95)
(69,96)
(70,11)
(70,12)
(70,13)
(70,14)
(70,15)
(70,16)
(70,17)
(70,18)
(70,19)
(70,20)
(70,21)
(70,86)
(70,87)
(70,88)
(70,89)
(70,90)
(70,91)
(70,92)
(70,93)
(70,94)
(70,95)
(70,96)
(71,11)
(71,12)
(71,13)
(71,14)
(71,15)
(71,16)
(71,17)
(71,18)
(71,19)
(71,20)
(71,21)
(71,36)
(71,37)
(71,38)
(71,39)
(71,40)
(71,41)
(71,42)
(71,43)
(71,44)
(71,45)
(71,46)
(71,47)
(71,86)
(71,87)
(71,88)
(71,89)
(71,90)
(71,91)
(71,92)
(71,93)
(71,94)
(71,95)
(71,96)
(71,111)
(71,112)
(71,113)
(71,114)
(71,115)
(71,116)
(71,117)
(71,118)
(71,119)
(71,120)
(71,121)
(71,122)
(72,11)
(72,12)
(72,13)
(72,14)
(72,15)
(72,16)
(72,17)
(72,18)
(72,19)
(72,20)
(72,21)
(72,36)
(72,37)
(72,38)
(72,39)
(72,40)
(72,41)
(72,42)
(72,43)
(72,44)
(72,45)
(72,46)
(72,47)
(72,86)
(72,87)
(72,88)
(72,89)
(72,90)
(72,91)
(72,92)
(72,93)
(72,94)
(72,95)
(72,96)
(72,111)
(72,112)
(72,113)
(72,114)
(72,115)
(72,116)
(72,117)
(72,118)
(72,119)
(72,120)
(72,121)
(72,122)
(73,36)
(73,37)
(73,38)
(73,39)
(73,40)
(73,41)
(73,42)
(73,43)
(73,44)
(73,45)
(73,46)
(73,47)
(73,58)
(73,59)
(73,60)
(73,61)
(73,62)
(73,63)
(73,64)
(73,65)
(73,111)
(73,112)
(73,113)
(73,114)
(73,115)
(73,116)
(73,117)
(73,118)
(73,119)
(73,120)
(73,121)
(73,122)
(73,133)
(73,134)
(73,135)
(73,136)
(73,137)
(73,138)
(73,139)
(73,140)
(74,36)
(74,37)
(74,38)
(74,39)
(74,40)
(74,41)
(74,42)
(74,43)
(74,44)
(74,45)
(74,46)
(74,47)
(74,58)
(74,59)
(74,60)
(74,61)
(74,62)
(74,63)
(74,64)
(74,65)
(74,111)
(74,112)
(74,113)
(74,114)
(74,115)
(74,116)
(74,117)
(74,118)
(74,119)
(74,120)
(74,121)
(74,122)
(74,133)
(74,134)
(74,135)
(74,136)
(74,137)
(74,138)
(74,139)
(74,140)
(75,19)
(75,20)
(75,21)
(75,22)
(75,23)
(75,47)
(75,48)
(75,49)
(75,50)
(75,51)
(75,67)
(75,68)
(75,69)
(75,70)
(75,71)
(75,72)
(75,94)
(75,95)
(75,96)
(75,97)
(75,98)
(75,122)
(75,123)
(75,124)
(75,125)
(75,126)
(75,142)
(75,143)
(75,144)
(75,145)
(75,146)
(75,147)
(76,19)
(76,20)
(76,21)
(76,22)
(76,23)
(76,47)
(76,48)
(76,49)
(76,50)
(76,51)
(76,67)
(76,68)
(76,69)
(76,70)
(76,71)
(76,72)
(76,94)
(76,95)
(76,96)
(76,97)
(76,98)
(76,122)
(76,123)
(76,124)
(76,125)
(76,126)
(76,142)
(76,143)
(76,144)
(76,145)
(76,146)
(76,147)
(77,19)
(77,20)
(77,21)
(77,22)
(77,23)
(77,47)
(77,48)
(77,49)
(77,50)
(77,51)
(77,67)
(77,68)
(77,69)
(77,70)
(77,71)
(77,72)
(77,94)
(77,95)
(77,96)
(77,97)
(77,98)
(77,122)
(77,123)
(77,124)
(77,125)
(77,126)
(77,142)
(77,143)
(77,144)
(77,145)
(77,146)
(77,147)
(78,19)
(78,20)
(78,21)
(78,22)
(78,23)
(78,47)
(78,48)
(78,49)
(78,50)
(78,51)
(78,94)
(78,95)
(78,96)
(78,97)
(78,98)
(78,122)
(78,123)
(78,124)
(78,125)
(78,126)
(84,11)
(84,12)
(84,13)
(84,14)
(84,15)
(84,16)
(84,17)
(84,18)
(84,19)
(84,20)
(84,21)
(84,22)
(84,23)
(84,24)
(84,25)
(84,26)
(84,27)
(84,33)
(84,34)
(84,35)
(84,36)
(84,37)
(84,38)
(84,39)
(84,40)
(84,41)
(84,42)
(84,43)
(84,44)
(84,48)
(84,49)
(84,50)
(84,51)
(84,52)
(84,53)
(84,54)
(84,64)
(84,65)
(84,66)
(84,67)
(84,68)
(84,69)
(84,70)
(84,71)
(84,86)
(84,87)
(84,88)
(84,89)
(84,90)
(84,91)
(84,92)
(84,93)
(84,94)
(84,95)
(84,96)
(84,97)
(84,98)
(84,99)
(84,100)
(84,101)
(84,102)
(84,108)
(84,109)
(84,110)
(84,111)
(84,112)
(84,113)
(84,114)
(84,115)
(84,116)
(84,117)
(84,118)
(84,119)
(84,123)
(84,124)
(84,125)
(84,126)
(84,127)
(84,128)
(84,129)
(84,139)
(84,140)
(84,141)
(84,142)
(84,143)
(84,144)
(84,145)
(84,146)
(85,11)
(85,12)
(85,13)
(85,14)
(85,15)
(85,16)
(85,17)
(85,18)
(85,19)
(85,20)
(85,21)
(85,22)
(85,23)
(85,24)
(85,25)
(85,26)
(85,27)
(85,33)
(85,34)
(85,35)
(85,36)
(85,37)
(85,38)
(85,39)
(85,40)
(85,41)
(85,42)
(85,43)
(85,44)
(85,48)
(85,49)
(85,50)
(85,51)
(85,52)
(85,53)
(85,54)
(85,64)
(85,65)
(85,66)
(85,67)
(85,68)
(85,69)
(85,70)
(85,71)
(85,86)
(85,87)
(85,88)
(85,89)
(85,90)
(85,91)
(85,92)
(85,93)
(85,94)
(85,95)
(85,96)
(85,97)
(85,98)
(85,99)
(85,100)
(85,101)
(85,102)
(85,108)
(85,109)
(85,110)
(85,111)
(85,112)
(85,113)
(85,114)
(85,115)
(85,116)
(85,117)
(85,118)
(85,119)
(85,123)
(85,124)
(85,125)
(85,126)
(85,127)
(85,128)
(85,129)
(85,139)
(85,140)
(85,141)
(85,142)
(85,143)
(85,144)
(85,145)
(85,146)
(86,11)
(86,12)
(86,13)
(86,14)
(86,15)
(86,16)
(86,17)
(86,18)
(86,19)
(86,20)
(86,21)
(86,22)
(86,23)
(86,24)
(86,25)
(86,26)
(86,27)
(86,33)
(86,34)
(86,35)
(86,36)
(86,37)
(86,38)
(86,39)
(86,40)
(86,41)
(86,42)
(86,43)
(86,44)
(86,48)
(86,49)
(86,50)
(86,51)
(86,52)
(86,53)
(86,54)
(86,64)
(86,65)
(86,66)
(86,67)
(86,68)
(86,69)
(86,70)
(86,71)
(86,86)
(86,87)
(86,88)
(86,89)
(86,90)
(86,91)
(86,92)
(86,93)
(86,94)
(86,95)
(86,96)
(86,97)
(86,98)
(86,99)
(86,100)
(86,101)
(86,102)
(86,108)
(86,109)
(86,110)
(86,111)
(86,112)
(86,113)
(86,114)
(86,115)
(86,116)
(86,117)
(86,118)
(86,119)
(86,123)
(86,124)
(86,125)
(86,126)
(86,127)
(86,128)
(86,129)
(86,139)
(86,140)
(86,141)
(86,142)
(86,143)
(86,144)
(86,145)
(86,146)
(87,33)
(87,34)
(87,35)
(87,36)
(87,37)
(87,108)
(87,109)
(87,110)
(87,111)
(87,112)
(88,33)
(88,34)
(88,35)
(88,36)
(88,37)
(88,108)
(88,109)
(88,110)
(88,111)
(88,112)
(89,33)
(89,34)
(89,35)
(89,36)
(89,37)
(89,108)
(89,109)
(89,110)
(89,111)
(89,112)
(90,0)
(90,1)
(90,2)
(90,3)
(90,4)
(90,5)
(90,6)
(90,7)
(90,8)
(90,9)
(90,10)
(90,11)
(90,12)
(90,13)
(90,14)
(90,33)
(90,34)
(90,35)
(90,36)
(90,37)
(90,75)
(90,76)
(90,77)
(90,78)
(90,79)
(90,80)
(90,81)
(90,82)
(90,83)
(90,84)
(90,85)
(90,86)
(90,87)
(90,88)
(90,89)
(90,108)
(90,109)
(90,110)
(90,111)
(90,112)
(91,0)
(91,1)
(91,2)
(91,3)
(91,4)
(91,5)
(91,6)
(91,7)
(91,8)
(91,9)
(91,10)
(91,11)
(91,12)
(91,13)
(91,14)
(91,27)
(91,28)
(91,29)
(91,30)
(91,31)
(91,32)
(91,33)
(91,34)
(91,35)
(91,36)
(91,37)
(91,38)
(91,39)
(91,40)
(91,41)
(91,42)
(91,47)
(91,48)
(91,49)
(91,50)
(91,51)
(91,52)
(91,53)
(91,54)
(91,55)
(91,56)
(91,57)
(91,58)
(91,59)
(91,75)
(91,76)
(91,77)
(91,78)
(91,79)
(91,80)
(91,81)
(91,82)
(91,83)
(91,84)
(91,85)
(91,86)
(91,87)
(91,88)
(91,89)
(91,102)
(91,103)
(91,104)
(91,105)
(91,106)
(91,107)
(91,108)
(91,109)
(91,110)
(91,111)
(91,112)
(91,113)
(91,114)
(91,115)
(91,116)
(91,117)
(91,122)
(91,123)
(91,124)
(91,125)
(91,126)
(91,127)
(91,128)
(91,129)
(91,130)
(91,131)
(91,132)
(91,133)
(91,134)
(92,0)
(92,1)
(92,2)
(92,3)
(92,4)
(92,5)
(92,6)
(92,7)
(92,8)
(92,9)
(92,10)
(92,11)
(92,12)
(92,13)
(92,14)
(92,27)
(92,28)
(92,29)
(92,30)
(92,31)
(92,32)
(92,33)
(92,34)
(92,35)
(92,36)
(92,37)
(92,38)
(92,39)
(92,40)
(92,41)
(92,42)
(92,47)
(92,48)
(92,49)
(92,50)
(92,51)
(92,52)
(92,53)
(92,54)
(92,55)
(92,56)
(92,57)
(92,58)
(92,59)
(92,75)
(92,76)
(92,77)
(92,78)
(92,79)
(92,80)
(92,81)
(92,82)
(92,83)
(92,84)
(92,85)
(92,86)
(92,87)
(92,88)
(92,89)
(92,102)
(92,103)
(92,104)
(92,105)
(92,106)
(92,107)
(92,108)
(92,109)
(92,110)
(92,111)
(92,112)
(92,113)
(92,114)
(92,115)
(92,116)
(92,117)
(92,122)
(92,123)
(92,124)
(92,125)
(92,126)
(92,127)
(92,128)
(92,129)
(92,130)
(92,131)
(92,132)
(92,133)
(92,134)
(93,27)
(93,28)
(93,29)
(93,30)
(93,31)
(93,32)
(93,33)
(93,34)
(93,35)
(93,36)
(93,37)
(93,38)
(93,39)
(93,40)
(93,41)
(93,42)
(93,47)
(93,48)
(93,49)
(93,50)
(93,51)
(93,52)
(93,53)
(93,54)
(93,55)
(93,56)
(93,57)
(93,58)
(93,59)
(93,102)
(93,103)
(93,104)
(93,105)
(93,106)
(93,107)
(93,108)
(93,109)
(93,110)
(93,111)
(93,112)
(93,113)
(93,114)
(93,115)
(93,116)
(93,117)
(93,122)
(93,123)
(93,124)
(93,125)
(93,126)
(93,127)
(93,128)
(93,129)
(93,130)
(93,131)
(93,132)
(93,133)
(93,134)
(94,27)
(94,28)
(94,29)
(94,30)
(94,31)
(94,32)
(94,33)
(94,34)
(94,35)
(94,36)
(94,37)
(94,38)
(94,39)
(94,40)
(94,41)
(94,42)
(94,47)
(94,48)
(94,49)
(94,50)
(94,51)
(94,52)
(94,53)
(94,54)
(94,55)
(94,56)
(94,57)
(94,58)
(94,59)
(94,102)
(94,103)
(94,104)
(94,105)
(94,106)
(94,107)
(94,108)
(94,109)
(94,110)
(94,111)
(94,112)
(94,113)
(94,114)
(94,115)
(94,116)
(94,117)
(94,122)
(94,123)
(94,124)
(94,125)
(94,126)
(94,127)
(94,128)
(94,129)
(94,130)
(94,131)
(94,132)
(94,133)
(94,134)
(95,47)
(95,48)
(95,49)
(95,50)
(95,51)
(95,52)
(95,53)
(95,54)
(95,55)
(95,56)
(95,57)
(95,58)
(95,59)
(95,122)
(95,123)
(95,124)
(95,125)
(95,126)
(95,127)
(95,128)
(95,129)
(95,130)
(95,131)
(95,132)
(95,133)
(98,64)
(98,65)
(98,66)
(98,67)
(98,68)
(98,69)
(98,70)
(98,71)
(98,72)
(98,73)
(98,74)
(98,139)
(98,140)
(98,141)
(98,142)
(98,143)
(98,144)
(98,145)
(98,146)
(98,147)
(98,148)
(98,149)
(99,64)
(99,65)
(99,66)
(99,67)
(99,68)
(99,69)
(99,70)
(99,71)
(99,72)
(99,73)
(99,74)
(99,139)
(99,140)
(99,141)
(99,142)
(99,143)
(99,144)
(99,145)
(99,146)
(99,147)
(99,148)
(99,149)
(100,7)
(100,8)
(100,9)
(100,10)
(100,11)
(100,12)
(100,13)
(100,14)
(100,15)
(100,16)
(100,17)
(100,28)
(100,29)
(100,30)
(100,31)
(100,32)
(100,43)
(100,44)
(100,45)
(100,46)
(100,47)
(100,48)
(100,49)
(100,50)
(100,51)
(100,52)
(100,53)
(100,54)
(100,55)
(100,56)
(100,64)
(100,65)
(100,66)
(100,67)
(100,68)
(100,69)
(100,70)
(100,71)
(100,72)
(100,73)
(100,74)
(100,82)
(100,83)
(100,84)
(100,85)
(100,86)
(100,87)
(100,88)
(100,89)
(100,90)
(100,91)
(100,92)
(100,103)
(100,104)
(100,105)
(100,106)
(100,107)
(100,118)
(100,119)
(100,120)
(100,121)
(100,122)
(100,123)
(100,124)
(100,125)
(100,126)
(100,127)
(100,128)
(100,129)
(100,130)
(100,131)
(100,139)
(100,140)
(100,141)
(100,142)
(100,143)
(100,144)
(100,145)
(100,146)
(100,147)
(100,148)
(100,149)
(101,7)
(101,8)
(101,9)
(101,10)
(101,11)
(101,12)
(101,13)
(101,14)
(101,15)
(101,16)
(101,17)
(101,28)
(101,29)
(101,30)
(101,31)
(101,32)
(101,43)
(101,44)
(101,45)
(101,46)
(101,47)
(101,48)
(101,49)
(101,50)
(101,51)
(101,52)
(101,53)
(101,54)
(101,55)
(101,56)
(101,82)
(101,83)
(101,84)
(101,85)
(101,86)
(101,87)
(101,88)
(101,89)
(101,90)
(101,91)
(101,92)
(101,103)
(101,104)
(101,105)
(101,106)
(101,107)
(101,118)
(101,119)
(101,120)
(101,121)
(101,122)
(101,123)
(101,124)
(101,125)
(101,126)
(101,127)
(101,128)
(101,129)
(101,130)
(101,131)
(102,7)
(102,8)
(102,9)
(102,10)
(102,11)
(102,12)
(102,13)
(102,14)
(102,15)
(102,16)
(102,17)
(102,28)
(102,29)
(102,30)
(102,31)
(102,32)
(102,43)
(102,44)
(102,45)
(102,46)
(102,47)
(102,48)
(102,49)
(102,50)
(102,51)
(102,52)
(102,53)
(102,54)
(102,55)
(102,56)
(102,82)
(102,83)
(102,84)
(102,85)
(102,86)
(102,87)
(102,88)
(102,89)
(102,90)
(102,91)
(102,92)
(102,103)
(102,104)
(102,105)
(102,106)
(102,107)
(102,118)
(102,119)
(102,120)
(102,121)
(102,122)
(102,123)
(102,124)
(102,125)
(102,126)
(102,127)
(102,128)
(102,129)
(102,130)
(102,131)
(106,56)
(106,57)
(106,58)
(106,59)
(106,60)
(106,61)
(106,62)
(106,63)
(106,64)
(106,131)
(106,132)
(106,133)
(106,134)
(106,135)
(106,136)
(106,137)
(107,34)
(107,35)
(107,36)
(107,37)
(107,38)
(107,39)
(107,40)
(107,41)
(107,42)
(107,43)
(107,44)
(107,45)
(107,46)
(107,47)
(107,48)
(107,56)
(107,57)
(107,58)
(107,59)
(107,60)
(107,61)
(107,62)
(107,63)
(107,64)
(107,109)
(107,110)
(107,111)
(107,112)
(107,113)
(107,114)
(107,115)
(107,116)
(107,117)
(107,118)
(107,119)
(107,120)
(107,121)
(107,122)
(107,123)
(107,131)
(107,132)
(107,133)
(107,134)
(107,135)
(107,136)
(107,137)
(107,138)
(107,139)
(108,34)
(108,35)
(108,36)
(108,37)
(108,38)
(108,39)
(108,40)
(108,41)
(108,42)
(108,43)
(108,44)
(108,45)
(108,46)
(108,47)
(108,48)
(108,56)
(108,57)
(108,58)
(108,59)
(108,60)
(108,61)
(108,62)
(108,63)
(108,64)
(108,109)
(108,110)
(108,111)
(108,112)
(108,113)
(108,114)
(108,115)
(108,116)
(108,117)
(108,118)
(108,119)
(108,120)
(108,121)
(108,122)
(108,123)
(108,131)
(108,132)
(108,133)
(108,134)
(108,135)
(108,136)
(108,137)
(108,138)
(108,139)
(109,34)
(109,35)
(109,36)
(109,37)
(109,38)
(109,39)
(109,40)
(109,41)
(109,42)
(109,43)
(109,44)
(109,45)
(109,46)
(109,47)
(109,48)
(109,109)
(109,110)
(109,111)
(109,112)
(109,113)
(109,114)
(109,115)
(109,116)
(109,117)
(109,118)
(109,119)
(109,120)
(109,121)
(109,122)
(109,123)
(110,5)
(110,6)
(110,7)
(110,8)
(110,9)
(110,10)
(110,11)
(110,12)
(110,13)
(110,14)
(110,15)
(110,16)
(110,17)
(110,18)
(110,19)
(110,20)
(110,21)
(110,22)
(110,23)
(110,24)
(110,25)
(110,26)
(110,34)
(110,35)
(110,36)
(110,37)
(110,38)
(110,39)
(110,40)
(110,41)
(110,42)
(110,43)
(110,44)
(110,45)
(110,46)
(110,47)
(110,48)
(110,69)
(110,70)
(110,71)
(110,72)
(110,73)
(110,74)
(110,80)
(110,81)
(110,82)
(110,83)
(110,84)
(110,85)
(110,86)
(110,87)
(110,88)
(110,89)
(110,90)
(110,91)
(110,92)
(110,93)
(110,94)
(110,95)
(110,96)
(110,97)
(110,98)
(110,99)
(110,100)
(110,101)
(110,109)
(110,110)
(110,111)
(110,112)
(110,113)
(110,114)
(110,115)
(110,116)
(110,117)
(110,118)
(110,119)
(110,120)
(110,121)
(110,122)
(110,123)
(110,144)
(110,145)
(110,146)
(110,147)
(110,148)
(110,149)
(111,5)
(111,6)
(111,7)
(111,8)
(111,9)
(111,10)
(111,11)
(111,12)
(111,13)
(111,14)
(111,15)
(111,16)
(111,17)
(111,18)
(111,19)
(111,20)
(111,21)
(111,22)
(111,23)
(111,24)
(111,25)
(111,26)
(111,34)
(111,35)
(111,36)
(111,37)
(111,38)
(111,39)
(111,40)
(111,41)
(111,42)
(111,43)
(111,44)
(111,45)
(111,46)
(111,47)
(111,48)
(111,69)
(111,70)
(111,71)
(111,72)
(111,73)
(111,74)
(111,80)
(111,81)
(111,82)
(111,83)
(111,84)
(111,85)
(111,86)
(111,87)
(111,88)
(111,89)
(111,90)
(111,91)
(111,92)
(111,93)
(111,94)
(111,95)
(111,96)
(111,97)
(111,98)
(111,99)
(111,100)
(111,101)
(111,109)
(111,110)
(111,111)
(111,112)
(111,113)
(111,114)
(111,115)
(111,116)
(111,117)
(111,118)
(111,119)
(111,120)
(111,121)
(111,122)
(111,123)
(111,144)
(111,145)
(111,146)
(111,147)
(111,148)
(111,149)
(112,5)
(112,6)
(112,7)
(112,8)
(112,9)
(112,10)
(112,11)
(112,12)
(112,13)
(112,14)
(112,15)
(112,16)
(112,17)
(112,18)
(112,19)
(112,20)
(112,21)
(112,22)
(112,23)
(112,24)
(112,25)
(112,26)
(112,69)
(112,70)
(112,71)
(112,72)
(112,73)
(112,74)
(112,80)
(112,81)
(112,82)
(112,83)
(112,84)
(112,85)
(112,86)
(112,87)
(112,88)
(112,89)
(112,90)
(112,91)
(112,92)
(112,93)
(112,94)
(112,95)
(112,96)
(112,97)
(112,98)
(112,99)
(112,100)
(112,101)
(112,144)
(112,145)
(112,146)
(112,147)
(112,148)
(112,149)
(113,69)
(113,70)
(113,71)
(113,72)
(113,73)
(113,74)
(113,144)
(113,145)
(113,146)
(113,147)
(113,148)
(113,149)
(117,55)
(117,56)
(117,57)
(117,58)
(117,59)
(117,60)
(117,61)
(117,62)
(117,63)
(117,64)
(117,65)
(117,66)
(117,67)
(117,68)
(117,69)
(117,70)
(117,71)
(117,72)
(117,73)
(117,74)
(117,130)
(117,131)
(117,132)
(117,133)
(117,134)
(117,135)
(117,136)
(117,137)
(117,138)
(117,139)
(117,140)
(117,141)
(117,142)
(117,143)
(117,144)
(117,145)
(117,146)
(117,147)
(117,148)
(117,149)
(118,3)
(118,4)
(118,5)
(118,6)
(118,7)
(118,8)
(118,9)
(118,10)
(118,29)
(118,30)
(118,31)
(118,32)
(118,33)
(118,34)
(118,35)
(118,36)
(118,37)
(118,38)
(118,39)
(118,40)
(118,41)
(118,42)
(118,43)
(118,44)
(118,45)
(118,55)
(118,56)
(118,57)
(118,58)
(118,59)
(118,60)
(118,61)
(118,62)
(118,63)
(118,64)
(118,65)
(118,66)
(118,67)
(118,68)
(118,69)
(118,70)
(118,71)
(118,72)
(118,73)
(118,74)
(118,78)
(118,79)
(118,80)
(118,81)
(118,82)
(118,83)
(118,84)
(118,85)
(118,104)
(118,105)
(118,106)
(118,107)
(118,108)
(118,109)
(118,110)
(118,111)
(118,112)
(118,113)
(118,114)
(118,130)
(118,131)
(118,132)
(118,133)
(118,134)
(118,135)
(118,136)
(118,137)
(118,138)
(118,139)
(118,140)
(118,141)
(118,142)
(118,143)
(118,144)
(118,145)
(118,146)
(118,147)
(118,148)
(118,149)
(119,3)
(119,4)
(119,5)
(119,6)
(119,7)
(119,8)
(119,9)
(119,10)
(119,29)
(119,30)
(119,31)
(119,32)
(119,33)
(119,34)
(119,35)
(119,36)
(119,37)
(119,38)
(119,39)
(119,40)
(119,41)
(119,42)
(119,43)
(119,44)
(119,45)
(119,55)
(119,56)
(119,57)
(119,58)
(119,59)
(119,60)
(119,61)
(119,62)
(119,63)
(119,64)
(119,65)
(119,66)
(119,67)
(119,68)
(119,69)
(119,70)
(119,71)
(119,72)
(119,73)
(119,74)
(119,78)
(119,79)
(119,80)
(119,81)
(119,82)
(119,83)
(119,84)
(119,85)
(119,104)
(119,105)
(119,106)
(119,107)
(119,108)
(119,109)
(119,110)
(119,111)
(119,112)
(119,113)
(119,114)
(119,115)
(119,116)
(119,117)
(119,118)
(119,119)
(119,120)
(119,130)
(119,131)
(119,132)
(119,133)
(119,134)
(119,135)
(119,136)
(119,137)
(119,138)
(119,139)
(119,140)
(119,141)
(119,142)
(119,143)
(119,144)
(119,145)
(119,146)
(119,147)
(119,148)
(119,149)
(120,3)
(120,4)
(120,5)
(120,6)
(120,7)
(120,8)
(120,9)
(120,10)
(120,29)
(120,30)
(120,31)
(120,32)
(120,33)
(120,34)
(120,35)
(120,36)
(120,37)
(120,38)
(120,39)
(120,40)
(120,41)
(120,42)
(120,43)
(120,44)
(120,45)
(120,78)
(120,79)
(120,80)
(120,81)
(120,82)
(120,83)
(120,84)
(120,85)
(120,104)
(120,105)
(120,106)
(120,107)
(120,108)
(120,109)
(120,110)
(120,111)
(120,112)
(120,113)
(120,114)
(120,115)
(120,116)
(120,117)
(120,118)
(120,119)
(120,120)
(121,50)
(121,51)
(121,52)
(121,53)
(121,54)
(121,55)
(121,56)
(121,57)
(121,58)
(121,59)
(121,60)
(121,61)
(121,62)
(121,63)
(121,125)
(121,126)
(121,127)
(121,128)
(121,129)
(121,130)
(121,131)
(121,132)
(121,133)
(121,134)
(121,135)
(121,136)
(121,137)
(121,138)
(122,50)
(122,51)
(122,52)
(122,53)
(122,54)
(122,55)
(122,56)
(122,57)
(122,58)
(122,59)
(122,60)
(122,61)
(122,62)
(122,63)
(122,125)
(122,126)
(122,127)
(122,128)
(122,129)
(122,130)
(122,131)
(122,132)
(122,133)
(122,134)
(122,135)
(122,136)
(122,137)
(122,138)
(123,13)
(123,14)
(123,15)
(123,16)
(123,17)
(123,18)
(123,19)
(123,20)
(123,21)
(123,22)
(123,38)
(123,39)
(123,40)
(123,41)
(123,42)
(123,43)
(123,50)
(123,51)
(123,52)
(123,53)
(123,54)
(123,55)
(123,56)
(123,57)
(123,58)
(123,59)
(123,60)
(123,61)
(123,62)
(123,63)
(123,88)
(123,89)
(123,90)
(123,91)
(123,92)
(123,93)
(123,94)
(123,95)
(123,96)
(123,97)
(123,113)
(123,114)
(123,115)
(123,116)
(123,117)
(123,118)
(123,125)
(123,126)
(123,127)
(123,128)
(123,129)
(123,130)
(123,131)
(123,132)
(123,133)
(123,134)
(123,135)
(123,136)
(123,137)
(123,138)
(124,13)
(124,14)
(124,15)
(124,16)
(124,17)
(124,18)
(124,19)
(124,20)
(124,21)
(124,22)
(124,38)
(124,39)
(124,40)
(124,41)
(124,42)
(124,43)
(124,50)
(124,51)
(124,52)
(124,53)
(124,54)
(124,55)
(124,56)
(124,57)
(124,58)
(124,59)
(124,60)
(124,61)
(124,62)
(124,63)
(124,88)
(124,89)
(124,90)
(124,91)
(124,92)
(124,93)
(124,94)
(124,95)
(124,96)
(124,97)
(124,113)
(124,114)
(124,115)
(124,116)
(124,117)
(124,118)
(124,125)
(124,126)
(124,127)
(124,128)
(124,129)
(124,130)
(124,131)
(124,132)
(124,133)
(124,134)
(124,135)
(124,136)
(124,137)
(124,138)
(125,13)
(125,14)
(125,15)
(125,16)
(125,17)
(125,18)
(125,19)
(125,20)
(125,21)
(125,22)
(125,38)
(125,39)
(125,40)
(125,41)
(125,42)
(125,43)
(125,88)
(125,89)
(125,90)
(125,91)
(125,92)
(125,93)
(125,94)
(125,95)
(125,96)
(125,97)
(125,113)
(125,114)
(125,115)
(125,116)
(125,117)
(125,118)
(126,13)
(126,14)
(126,15)
(126,16)
(126,17)
(126,18)
(126,19)
(126,20)
(126,21)
(126,22)
(126,23)
(126,24)
(126,25)
(126,26)
(126,27)
(126,38)
(126,39)
(126,40)
(126,41)
(126,42)
(126,43)
(126,88)
(126,89)
(126,90)
(126,91)
(126,92)
(126,93)
(126,94)
(126,95)
(126,96)
(126,97)
(126,98)
(126,99)
(126,100)
(126,101)
(126,102)
(126,113)
(126,114)
(126,115)
(126,116)
(126,117)
(126,118)
(127,13)
(127,14)
(127,15)
(127,16)
(127,17)
(127,18)
(127,19)
(127,20)
(127,21)
(127,22)
(127,23)
(127,24)
(127,25)
(127,26)
(127,27)
(127,88)
(127,89)
(127,90)
(127,91)
(127,92)
(127,93)
(127,94)
(127,95)
(127,96)
(127,97)
(127,98)
(127,99)
(127,100)
(127,101)
(127,102)
(128,13)
(128,14)
(128,15)
(128,16)
(128,17)
(128,18)
(128,19)
(128,20)
(128,21)
(128,22)
(128,23)
(128,24)
(128,25)
(128,26)
(128,27)
(128,88)
(128,89)
(128,90)
(128,91)
(128,92)
(128,93)
(128,94)
(128,95)
(128,96)
(128,97)
(128,98)
(128,99)
(128,100)
(128,101)
(128,102)
(129,13)
(129,14)
(129,15)
(129,16)
(129,17)
(129,18)
(129,19)
(129,20)
(129,21)
(129,22)
(129,23)
(129,24)
(129,25)
(129,26)
(129,27)
(129,36)
(129,37)
(129,38)
(129,39)
(129,40)
(129,41)
(129,42)
(129,52)
(129,53)
(129,54)
(129,55)
(129,56)
(129,57)
(129,58)
(129,59)
(129,60)
(129,61)
(129,62)
(129,63)
(129,64)
(129,65)
(129,66)
(129,67)
(129,68)
(129,69)
(129,70)
(129,71)
(129,72)
(129,73)
(129,74)
(129,88)
(129,89)
(129,90)
(129,91)
(129,92)
(129,93)
(129,94)
(129,95)
(129,96)
(129,97)
(129,98)
(129,99)
(129,100)
(129,101)
(129,102)
(129,111)
(129,112)
(129,113)
(129,114)
(129,115)
(129,116)
(129,117)
(129,127)
(129,128)
(129,129)
(129,130)
(129,131)
(129,132)
(129,133)
(129,134)
(129,135)
(129,136)
(129,137)
(129,138)
(129,139)
(129,140)
(129,141)
(129,142)
(129,143)
(129,144)
(129,145)
(129,146)
(129,147)
(129,148)
(129,149)
(130,36)
(130,37)
(130,38)
(130,39)
(130,40)
(130,41)
(130,42)
(130,52)
(130,53)
(130,54)
(130,55)
(130,56)
(130,57)
(130,58)
(130,59)
(130,60)
(130,61)
(130,62)
(130,63)
(130,64)
(130,65)
(130,66)
(130,67)
(130,68)
(130,69)
(130,70)
(130,71)
(130,72)
(130,73)
(130,74)
(130,111)
(130,112)
(130,113)
(130,114)
(130,115)
(130,116)
(130,117)
(130,127)
(130,128)
(130,129)
(130,130)
(130,131)
(130,132)
(130,133)
(130,134)
(130,135)
(130,136)
(130,137)
(130,138)
(130,139)
(130,140)
(130,141)
(130,142)
(130,143)
(130,144)
(130,145)
(130,146)
(130,147)
(130,148)
(130,149)
(131,36)
(131,37)
(131,38)
(131,39)
(131,40)
(131,41)
(131,42)
(131,52)
(131,53)
(131,54)
(131,55)
(131,56)
(131,57)
(131,58)
(131,59)
(131,60)
(131,61)
(131,62)
(131,63)
(131,64)
(131,65)
(131,66)
(131,67)
(131,68)
(131,69)
(131,70)
(131,71)
(131,72)
(131,73)
(131,74)
(131,111)
(131,112)
(131,113)
(131,114)
(131,115)
(131,116)
(131,117)
(131,127)
(131,128)
(131,129)
(131,130)
(131,131)
(131,132)
(131,133)
(131,134)
(131,135)
(131,136)
(131,137)
(131,138)
(131,139)
(131,140)
(131,141)
(131,142)
(131,143)
(131,144)
(131,145)
(131,146)
(131,147)
(131,148)
(131,149)
(132,36)
(132,37)
(132,38)
(132,39)
(132,40)
(132,41)
(132,42)
(132,111)
(132,112)
(132,113)
(132,114)
(132,115)
(132,116)
(132,117)
(133,4)
(133,5)
(133,6)
(133,7)
(133,8)
(133,9)
(133,10)
(133,11)
(133,12)
(133,13)
(133,79)
(133,80)
(133,81)
(133,82)
(133,83)
(133,84)
(133,85)
(133,86)
(133,87)
(133,88)
(134,4)
(134,5)
(134,6)
(134,7)
(134,8)
(134,9)
(134,10)
(134,11)
(134,12)
(134,13)
(134,79)
(134,80)
(134,81)
(134,82)
(134,83)
(134,84)
(134,85)
(134,86)
(134,87)
(134,88)
(135,4)
(135,5)
(135,6)
(135,7)
(135,8)
(135,9)
(135,10)
(135,11)
(135,12)
(135,13)
(135,79)
(135,80)
(135,81)
(135,82)
(135,83)
(135,84)
(135,85)
(135,86)
(135,87)
(135,88)
(137,27)
(137,28)
(137,29)
(137,30)
(137,31)
(137,32)
(137,33)
(137,34)
(137,35)
(137,36)
(137,37)
(137,38)
(137,39)
(137,40)
(137,41)
(137,42)
(137,43)
(137,44)
(137,45)
(137,46)
(137,47)
(137,48)
(137,102)
(137,103)
(137,104)
(137,105)
(137,106)
(137,107)
(137,108)
(137,109)
(137,110)
(137,111)
(137,112)
(137,113)
(137,114)
(137,115)
(137,116)
(137,117)
(137,118)
(137,119)
(137,120)
(137,121)
(137,122)
(137,123)
(138,27)
(138,28)
(138,29)
(138,30)
(138,31)
(138,32)
(138,33)
(138,34)
(138,35)
(138,36)
(138,37)
(138,38)
(138,39)
(138,40)
(138,41)
(138,42)
(138,43)
(138,44)
(138,45)
(138,46)
(138,47)
(138,48)
(138,102)
(138,103)
(138,104)
(138,105)
(138,106)
(138,107)
(138,108)
(138,109)
(138,110)
(138,111)
(138,112)
(138,113)
(138,114)
(138,115)
(138,116)
(138,117)
(138,118)
(138,119)
(138,120)
(138,121)
(138,122)
(138,123)
(139,27)
(139,28)
(139,29)
(139,30)
(139,31)
(139,32)
(139,33)
(139,34)
(139,35)
(139,36)
(139,37)
(139,38)
(139,39)
(139,40)
(139,41)
(139,42)
(139,43)
(139,44)
(139,45)
(139,46)
(139,47)
(139,48)
(139,62)
(139,63)
(139,64)
(139,65)
(139,66)
(139,67)
(139,68)
(139,69)
(139,70)
(139,71)
(139,72)
(139,73)
(139,74)
(139,102)
(139,103)
(139,104)
(139,105)
(139,106)
(139,107)
(139,108)
(139,109)
(139,110)
(139,111)
(139,112)
(139,113)
(139,114)
(139,115)
(139,116)
(139,117)
(139,118)
(139,119)
(139,120)
(139,121)
(139,122)
(139,123)
(139,137)
(139,138)
(139,139)
(139,140)
(139,141)
(139,142)
(139,143)
(139,144)
(139,145)
(139,146)
(139,147)
(139,148)
(139,149)
(140,27)
(140,28)
(140,29)
(140,30)
(140,31)
(140,32)
(140,33)
(140,34)
(140,35)
(140,36)
(140,37)
(140,38)
(140,39)
(140,40)
(140,41)
(140,42)
(140,43)
(140,44)
(140,45)
(140,46)
(140,47)
(140,48)
(140,62)
(140,63)
(140,64)
(140,65)
(140,66)
(140,67)
(140,68)
(140,69)
(140,70)
(140,71)
(140,72)
(140,73)
(140,74)
(140,102)
(140,103)
(140,104)
(140,105)
(140,106)
(140,107)
(140,108)
(140,109)
(140,110)
(140,111)
(140,112)
(140,113)
(140,114)
(140,115)
(140,116)
(140,117)
(140,118)
(140,119)
(140,120)
(140,121)
(140,122)
(140,123)
(140,137)
(140,138)
(140,139)
(140,140)
(140,141)
(140,142)
(140,143)
(140,144)
(140,145)
(140,146)
(140,147)
(140,148)
(140,149)
(141,62)
(141,63)
(141,64)
(141,65)
(141,66)
(141,67)
(141,68)
(141,69)
(141,70)
(141,71)
(141,72)
(141,73)
(141,74)
(141,137)
(141,138)
(141,139)
(141,140)
(141,141)
(141,142)
(141,143)
(141,144)
(141,145)
(141,146)
(141,147)
(141,148)
(141,149)
(142,62)
(142,63)
(142,64)
(142,65)
(142,66)
(142,67)
(142,68)
(142,69)
(142,70)
(142,71)
(142,72)
(142,73)
(142,74)
(142,137)
(142,138)
(142,139)
(142,140)
(142,141)
(142,142)
(142,143)
(142,144)
(142,145)
(142,146)
(142,147)
(142,148)
(142,149)
(143,11)
(143,12)
(143,13)
(143,14)
(143,15)
(143,16)
(143,17)
(143,18)
(143,19)
(143,20)
(143,21)
(143,86)
(143,87)
(143,88)
(143,89)
(143,90)
(143,91)
(143,92)
(143,93)
(143,94)
(143,95)
(143,96)
(144,11)
(144,12)
(144,13)
(144,14)
(144,15)
(144,16)
(144,17)
(144,18)
(144,19)
(144,20)
(144,21)
(144,86)
(144,87)
(144,88)
(144,89)
(144,90)
(144,91)
(144,92)
(144,93)
(144,94)
(144,95)
(144,96)
(145,11)
(145,12)
(145,13)
(145,14)
(145,15)
(145,16)
(145,17)
(145,18)
(145,19)
(145,20)
(145,21)
(145,86)
(145,87)
(145,88)
(145,89)
(145,90)
(145,91)
(145,92)
(145,93)
(145,94)
(145,95)
(145,96)
(146,11)
(146,12)
(146,13)
(146,14)
(146,15)
(146,16)
(146,17)
(146,18)
(146,19)
(146,20)
(146,21)
(146,36)
(146,37)
(146,38)
(146,39)
(146,40)
(146,41)
(146,42)
(146,43)
(146,44)
(146,45)
(146,46)
(146,47)
(146,86)
(146,87)
(146,88)
(146,89)
(146,90)
(146,91)
(146,92)
(146,93)
(146,94)
(146,95)
(146,96)
(146,111)
(146,112)
(146,113)
(146,114)
(146,115)
(146,116)
(146,117)
(146,118)
(146,119)
(146,120)
(146,121)
(146,122)
(147,11)
(147,12)
(147,13)
(147,14)
(147,15)
(147,16)
(147,17)
(147,18)
(147,19)
(147,20)
(147,21)
(147,36)
(147,37)
(147,38)
(147,39)
(147,40)
(147,41)
(147,42)
(147,43)
(147,44)
(147,45)
(147,46)
(147,47)
(147,86)
(147,87)
(147,88)
(147,89)
(147,90)
(147,91)
(147,92)
(147,93)
(147,94)
(147,95)
(147,96)
(147,111)
(147,112)
(147,113)
(147,114)
(147,115)
(147,116)
(147,117)
(147,118)
(147,119)
(147,120)
(147,121)
(147,122)
(148,36)
(148,37)
(148,38)
(148,39)
(148,40)
(148,41)
(148,42)
(148,43)
(148,44)
(148,45)
(148,46)
(148,47)
(148,58)
(148,59)
(148,60)
(148,61)
(148,62)
(148,63)
(148,64)
(148,65)
(148,111)
(148,112)
(148,113)
(148,114)
(148,115)
(148,116)
(148,117)
(148,118)
(148,119)
(148,120)
(148,121)
(148,122)
(148,133)
(148,134)
(148,135)
(148,136)
(148,137)
(148,138)
(148,139)
(148,140)
(149,36)
(149,37)
(149,38)
(149,39)
(149,40)
(149,41)
(149,42)
(149,43)
(149,44)
(149,45)
(149,46)
(149,47)
(149,58)
(149,59)
(149,60)
(149,61)
(149,62)
(149,63)
(149,64)
(149,65)
(149,111)
(149,112)
(149,113)
(149,114)
(149,115)
(149,116)
(149,117)
(149,118)
(149,119)
(149,120)
(149,121)
(149,122)
(149,133)
(149,134)
(149,135)
(149,136)
(149,137)
(149,138)
(149,139)
(149,140)
-
(0, 2, 1.0, -1, 0.5)
(1, 2, 1.0, -1, 0.5)
(2, 2, 1.0, -1, 0.5)
(3, 3, 1.0, -1, 0.5)
(4, 4, 1.0, -1, 0.5)
(5, 1, 1.0, -1, 0.5)
(6, 3, 1.0, -1, 0.5)
(7, 2, 1.0, -1, 0.5)
(8, 4, 1.0, -1, 0.5)
(9, 2, 1.0, -1, 0.5)
(10, 4, 1.0, -1, 0.5)
(11, 1, 1.0, -1, 0.5)
(12, 3, 1.0, -1, 0.5)
(13, 3, 1.0, -1, 0.5)
(14, 2, 1.0, -1, 0.5)
(15, 3, 1.0, -1, 0.5)
(16, 1, 1.0, -1, 0.5)
(17, 2, 1.0, -1, 0.5)
(18, 1, 1.0, -1, 0.5)
(19, 4, 1.0, -1, 0.5)
(20, 4, 1.0, -1, 0.5)
(21, 1, 1.0, -1, 0.5)
(22, 1, 1.0, -1, 0.5)
(23, 4, 1.0, -1, 0.5)
(24, 4, 1.0, -1, 0.5)
(25, 3, 1.0, -1, 0.5)
(26, 2, 1.0, -1, 0.5)
(27, 2, 1.0, -1, 0.5)
(28, 2, 1.0, -1, 0.5)
(29, 1, 1.0, -1, 0.5)
(30, 1, 1.0, -1, 0.5)
(31, 3, 1.0, -1, 0.5)
(32, 2, 1.0, -1, 0.5)
(33, 1, 1.0, -1, 0.5)
(34, 4, 1.0, -1, 0.5)
(35, 3, 1.0, -1, 0.5)
(36, 2, 1.0, -1, 0.5)
(37, 3, 1.0, -1, 0.5)
(38, 2, 1.0, -1, 0.5)
(39, 3, 1.0, -1, 0.5)
(40, 4, 1.0, -1, 0.5)
(41, 3, 1.0, -1, 0.5)
(42, 1, 1.0, -1, 0.5)
(43, 1, 1.0, -1, 0.5)
(44, 3, 1.0, -1, 0.5)
(45, 3, 1.0, -1, 0.5)
(46, 1, 1.0, -1, 0.5)
(47, 1, 1.0, -1, 0.5)
(48, 1, 1.0, -1, 0.5)
(49, 4, 1.0, -1, 0.5)
(50, 2, 1.0, -1, 0.5)
(51, 2, 1.0, -1, 0.5)
(52, 4, 1.0, -1, 0.5)
(53, 3, 1.0, -1, 0.5)
(54, 3, 1.0, -1, 0.5)
(55, 4, 1.0, -1, 0.5)
(56, 4, 1.0, -1, 0.5)
(57, 2, 1.0, -1, 0.5)
(58, 1, 1.0, -1, 0.5)
(59, 4, 1.0, -1, 0.5)
(60, 4, 1.0, -1, 0.5)
(61, 1, 1.0, -1, 0.5)
(62, 3, 1.0, -1, 0.5)
(63, 2, 1.0, -1, 0.5)
(64, 4, 1.0, -1, 0.5)
(65, 4, 1.0, -1, 0.5)
(66, 1, 1.0, -1, 0.5)
(67, 2, 1.0, -1, 0.5)
(68, 1, 1.0, -1, 0.5)
(69, 4, 1.0, -1, 0.5)
(70, 1, 1.0, -1, 0.5)
(71, 1, 1.0, -1, 0.5)
(72, 3, 1.0, -1, 0.5)
(73, 2, 1.0, -1, 0.5)
(74, 3, 1.0, -1, 0.5)
(75, 4, 1.0, -1, 0.5)
(76, 3, 1.0, -1, 0.5)
(77, 4, 1.0, -1, 0.5)
(78, 4, 1.0, -1, 0.5)
(79, 2, 1.0, -1, 0.5)
(80, 1, 1.0, -1, 0.5)
(81, 2, 1.0, -1, 0.5)
(82, 3, 1.0, -1, 0.5)
(83, 4, 1.0, -1, 0.5)
(84, 4, 1.0, -1, 0.5)
(85, 4, 1.0, -1, 0.5)
(86, 1, 1.0, -1, 0.5)
(87, 3, 1.0, -1, 0.5)
(88, 2, 1.0, -1, 0.5)
(89, 1, 1.0, -1, 0.5)
(90, 1, 1.0, -1, 0.5)
(91, 2, 1.0, -1, 0.5)
(92, 1, 1.0, -1, 0.5)
(93, 4, 1.0, -1, 0.5)
(94, 2, 1.0, -1, 0.5)
(95, 3, 1.0, -1, 0.5)
(96, 3, 1.0, -1, 0.5)
(97, 3, 1.0, -1, 0.5)
(98, 2, 1.0, -1, 0.5)
(99, 3, 1.0, -1, 0.5)
-
(0, (141, 21), (1, 132))
(1, (125, 109), (19, 89))
(2, (148, 94), (17, 140))
(3, (92, 142), (31, 93))
(4, (141, 98), (8, 60))
(5, (146, 30), (32, 85))
(6, (144, 0), (67, 1))
(7, (137, 15), (4, 132))
(8, (134, 132), (6, 29))
(9, (118, 100), (4, 36))
(10, (127, 80), (2, 58))
(11, (126, 107), (21, 67))
(12, (138, 87), (21, 92))
(13, (146, 108), (4, 125))
(14, (135, 54), (4, 141))
(15, (106, 87), (84, 2))
(16, (145, 100), (5, 71))
(17, (103, 144), (4, 88))
(18, (106, 102), (1, 133))
(19, (101, 133), (83, 7))
(20, (109, 103), (74, 5))
(21, (141, 57), (8, 7))
(22, (133, 100), (17, 138))
(23, (102, 139), (5, 115))
(24, (95, 96), (81, 1))
(25, (136, 17), (81, 1))
(26, (111, 136), (29, 70))
(27, (133, 136), (48, 2))
(28, (95, 137), (75, 1))
(29, (140, 8), (5, 121))
(30, (81, 143), (14, 148))
(31, (143, 25), (4, 9))
(32, (116, 96), (3, 105))
(33, (105, 87), (7, 118))
(34, (110, 138), (31, 73))
(35, (115, 93), (1, 136))
(36, (142, 0), (39, 1))
(37, (139, 0), (22, 9))
(38, (122, 143), (55, 1))
(39, (146, 101), (0, 116))
(40, (135, 146), (3, 132))
(41, (145, 144), (18, 80))
(42, (113, 97), (1, 0))
(43, (136, 67), (20, 136))
(44, (135, 136), (30, 9))
(45, (84, 135), (4, 78))
(46, (108, 147), (4, 14))
(47, (117, 113), (32, 10))
(48, (122, 89), (4, 124))
(49, (119, 90), (15, 63))
(50, (144, 133), (17, 97))
(51, (146, 81), (1, 2))
(52, (127, 107), (19, 71))
(53, (140, 54), (21, 19))
(54, (134, 56), (5, 83))
(55, (123, 84), (82, 5))
(56, (134, 96), (27, 98))
(57, (146, 131), (2, 108))
(58, (91, 148), (27, 0))
(59, (113, 106), (66, 4))
(60, (100, 95), (4, 7))
(61, (142, 4), (75, 5))
(62, (114, 124), (1, 58))
(63, (142, 79), (71, 8))
(64, (132, 102), (4, 130))
(65, (139, 15), (12, 60))
(66, (138, 141), (74, 6))
(67, (131, 0), (7, 79))
(68, (90, 138), (7, 91))
(69, (122, 146), (19, 137))
(70, (129, 0), (30, 12))
(71, (123, 70), (30, 3))
(72, (113, 135), (15, 70))
(73, (131, 120), (8, 62))
(74, (139, 133), (21, 92))
(75, (80, 145), (77, 0))
(76, (115, 99), (4, 68))
(77, (133, 69), (3, 78))
(78, (128, 122), (29, 7))
(79, (108, 91), (41, 0))
(80, (103, 146), (14, 135))
(81, (138, 57), (19, 65))
(82, (133, 0), (0, 133))
(83, (133, 128), (69, 0))
(84, (104, 146), (73, 8))
(85, (142, 104), (1, 76))
(86, (107, 86), (20, 22))
(87, (115, 117), (20, 94))
(88, (104, 95), (0, 134))
(89, (137, 88), (6, 131))
(90, (148, 81), (30, 16))
(91, (105, 81), (82, 0))
(92, (145, 50), (19, 12))
(93, (143, 51), (3, 112))
(94, (88, 139), (23, 10))
(95, (78, 139), (20, 94))
(96, (139, 128), (4, 90))
(97, (112, 128), (21, 1))
(98, (105, 98), (26, 20))
(99, (107, 93), (30, 21))
