75
(0, 0)
(1, 0)
(2, 0)
(3, 0)
(4, 0)
(5, 0)
(6, 0)
(7, 0)
(8, 0)
(9, 0)
(10, 0)
(11, 0)
(12, 0)
(13, 0)
(14, 0)
(15, 0)
(16, 0)
(17, 0)
(18, 0)
(19, 0)
(20, 0)
(21, 0)
(22, 0)
(23, 0)
(24, 0)
(25, 0)
(26, 0)
(27, 0)
(28, 0)
(29, 0)
(30, 0)
(31, 0)
(32, 0)
(33, 0)
(34, 0)
(35, 0)
(36, 0)
(37, 0)
(38, 0)
(39, 0)
(40, 0)
(41, 0)
(42, 0)
(43, 0)
(44, 0)
(45, 0)
(46, 0)
(47, 0)
(48, 0)
(49, 0)
(50, 0)
(51, 0)
(52, 0)
(53, 0)
(54, 0)
(55, 0)
(56, 0)
(57, 0)
(58, 0)
(59, 0)
(60, 0)
(61, 0)
(62, 0)
(63, 0)
(64, 0)
(65, 0)
(66, 0)
(67, 0)
(68, 0)
(69, 0)
(70, 0)
(71, 0)
(72, 0)
(73, 0)
(74, 0)
(0, 1)
(1, 1)
(2, 1)
(3, 1)
(4, 1)
(5, 1)
(6, 1)
(7, 1)
(8, 1)
(9, 1)
(10, 1)
(11, 1)
(12, 1)
(13, 1)
(14, 1)
(15, 1)
(16, 1)
(17, 1)
(18, 1)
(19, 1)
(20, 1)
(21, 1)
(22, 1)
(23, 1)
(24, 1)
(25, 1)
(26, 1)
(27, 1)
(28, 1)
(29, 1)
(30, 1)
(31, 1)
(32, 1)
(33, 1)
(34, 1)
(35, 1)
(36, 1)
(37, 1)
(38, 1)
(39, 1)
(40, 1)
(41, 1)
(42, 1)
(43, 1)
(44, 1)
(45, 1)
(46, 1)
(47, 1)
(48, 1)
(49, 1)
(50, 1)
(51, 1)
(52, 1)
(53, 1)
(54, 1)
(55, 1)
(56, 1)
(57, 1)
(58, 1)
(59, 1)
(60, 1)
(61, 1)
(62, 1)
(63, 1)
(64, 1)
(65, 1)
(66, 1)
(67, 1)
(68, 1)
(69, 1)
(70, 1)
(71, 1)
(72, 1)
(73, 1)
(74, 1)
(0, 2)
(1, 2)
(2, 2)
(3, 2)
(4, 2)
(5, 2)
(6, 2)
(7, 2)
(8, 2)
(9, 2)
(10, 2)
(11, 2)
(12, 2)
(13, 2)
(14, 2)
(15, 2)
(16, 2)
(17, 2)
(18, 2)
(19, 2)
(20, 2)
(21, 2)
(22, 2)
(23, 2)
(24, 2)
(25, 2)
(26, 2)
(27, 2)
(28, 2)
(29, 2)
(30, 2)
(31, 2)
(32, 2)
(33, 2)
(34, 2)
(35, 2)
(36, 2)
(37, 2)
(38, 2)
(39, 2)
(40, 2)
(41, 2)
(42, 2)
(43, 2)
(44, 2)
(45, 2)
(46, 2)
(47, 2)
(48, 2)
(49, 2)
(50, 2)
(51, 2)
(52, 2)
(53, 2)
(54, 2)
(55, 2)
(56, 2)
(57, 2)
(58, 2)
(59, 2)
(60, 2)
(61, 2)
(62, 2)
(63, 2)
(64, 2)
(65, 2)
(66, 2)
(67, 2)
(68, 2)
(69, 2)
(70, 2)
(71, 2)
(72, 2)
(73, 2)
(74, 2)
(0, 3)
(1, 3)
(2, 3)
(3, 3)
(4, 3)
(5, 3)
(6, 3)
(7, 3)
(8, 3)
(9, 3)
(10, 3)
(11, 3)
(12, 3)
(13, 3)
(14, 3)
(15, 3)
(16, 3)
(17, 3)
(18, 3)
(19, 3)
(20, 3)
(21, 3)
(22, 3)
(23, 3)
(24, 3)
(25, 3)
(26, 3)
(27, 3)
(28, 3)
(29, 3)
(30, 3)
(31, 3)
(32, 3)
(33, 3)
(34, 3)
(35, 3)
(36, 3)
(37, 3)
(38, 3)
(39, 3)
(40, 3)
(41, 3)
(42, 3)
(43, 3)
(44, 3)
(45, 3)
(46, 3)
(47, 3)
(48, 3)
(49, 3)
(50, 3)
(51, 3)
(52, 3)
(53, 3)
(54, 3)
(55, 3)
(56, 3)
(57, 3)
(58, 3)
(59, 3)
(60, 3)
(61, 3)
(62, 3)
(63, 3)
(64, 3)
(65, 3)
(66, 3)
(67, 3)
(68, 3)
(69, 3)
(70, 3)
(71, 3)
(72, 3)
(73, 3)
(74, 3)
(0, 4)
(1, 4)
(2, 4)
(3, 4)
(4, 4)
(5, 4)
(6, 4)
(7, 4)
(8, 4)
(9, 4)
(10, 4)
(11, 4)
(12, 4)
(13, 4)
(14, 4)
(15, 4)
(16, 4)
(17, 4)
(18, 4)
(19, 4)
(20, 4)
(21, 4)
(22, 4)
(23, 4)
(24, 4)
(25, 4)
(26, 4)
(27, 4)
(28, 4)
(29, 4)
(30, 4)
(31, 4)
(32, 4)
(33, 4)
(34, 4)
(35, 4)
(36, 4)
(37, 4)
(38, 4)
(39, 4)
(40, 4)
(41, 4)
(42, 4)
(43, 4)
(44, 4)
(45, 4)
(46, 4)
(47, 4)
(48, 4)
(49, 4)
(50, 4)
(51, 4)
(52, 4)
(53, 4)
(54, 4)
(55, 4)
(56, 4)
(57, 4)
(58, 4)
(59, 4)
(60, 4)
(61, 4)
(62, 4)
(63, 4)
(64, 4)
(65, 4)
(66, 4)
(67, 4)
(68, 4)
(69, 4)
(70, 4)
(71, 4)
(72, 4)
(73, 4)
(74, 4)
(0, 5)
(1, 5)
(2, 5)
(3, 5)
(4, 5)
(5, 5)
(6, 5)
(7, 5)
(8, 5)
(9, 5)
(10, 5)
(11, 5)
(12, 5)
(13, 5)
(14, 5)
(15, 5)
(16, 5)
(17, 5)
(18, 5)
(19, 5)
(20, 5)
(21, 5)
(22, 5)
(23, 5)
(24, 5)
(25, 5)
(26, 5)
(27, 5)
(28, 5)
(29, 5)
(30, 5)
(31, 5)
(32, 5)
(33, 5)
(34, 5)
(35, 5)
(36, 5)
(37, 5)
(38, 5)
(39, 5)
(40, 5)
(41, 5)
(42, 5)
(43, 5)
(44, 5)
(45, 5)
(46, 5)
(47, 5)
(48, 5)
(49, 5)
(50, 5)
(51, 5)
(52, 5)
(53, 5)
(54, 5)
(55, 5)
(56, 5)
(57, 5)
(58, 5)
(59, 5)
(60, 5)
(61, 5)
(62, 5)
(63, 5)
(64, 5)
(65, 5)
(66, 5)
(67, 5)
(68, 5)
(69, 5)
(70, 5)
(71, 5)
(72, 5)
(73, 5)
(74, 5)
(0, 6)
(1, 6)
(2, 6)
(3, 6)
(4, 6)
(5, 6)
(6, 6)
(7, 6)
(8, 6)
(9, 6)
(10, 6)
(11, 6)
(12, 6)
(13, 6)
(14, 6)
(15, 6)
(16, 6)
(17, 6)
(18, 6)
(19, 6)
(20, 6)
(21, 6)
(22, 6)
(23, 6)
(24, 6)
(25, 6)
(26, 6)
(27, 6)
(28, 6)
(29, 6)
(30, 6)
(31, 6)
(32, 6)
(33, 6)
(34, 6)
(35, 6)
(36, 6)
(37, 6)
(38, 6)
(39, 6)
(40, 6)
(41, 6)
(42, 6)
(43, 6)
(44, 6)
(45, 6)
(46, 6)
(47, 6)
(48, 6)
(49, 6)
(50, 6)
(51, 6)
(52, 6)
(53, 6)
(54, 6)
(55, 6)
(56, 6)
(57, 6)
(58, 6)
(59, 6)
(60, 6)
(61, 6)
(62, 6)
(63, 6)
(64, 6)
(65, 6)
(66, 6)
(67, 6)
(68, 6)
(69, 6)
(70, 6)
(71, 6)
(72, 6)
(73, 6)
(74, 6)
(0, 7)
(1, 7)
(2, 7)
(3, 7)
(4, 7)
(5, 7)
(6, 7)
(66, 7)
(67, 7)
(68, 7)
(69, 7)
(70, 7)
(71, 7)
(72, 7)
(73, 7)
(74, 7)
(0, 8)
(1, 8)
(2, 8)
(3, 8)
(4, 8)
(5, 8)
(6, 8)
(66, 8)
(67, 8)
(68, 8)
(69, 8)
(70, 8)
(71, 8)
(72, 8)
(73, 8)
(74, 8)
(0, 9)
(1, 9)
(2, 9)
(3, 9)
(4, 9)
(5, 9)
(6, 9)
(66, 9)
(67, 9)
(68, 9)
(69, 9)
(70, 9)
(71, 9)
(72, 9)
(73, 9)
(74, 9)
(0, 10)
(1, 10)
(2, 10)
(3, 10)
(4, 10)
(5, 10)
(6, 10)
(66, 10)
(67, 10)
(68, 10)
(69, 10)
(70, 10)
(71, 10)
(72, 10)
(73, 10)
(74, 10)
(0, 11)
(1, 11)
(2, 11)
(3, 11)
(4, 11)
(5, 11)
(6, 11)
(66, 11)
(67, 11)
(68, 11)
(69, 11)
(70, 11)
(71, 11)
(72, 11)
(73, 11)
(74, 11)
(0, 12)
(1, 12)
(2, 12)
(3, 12)
(4, 12)
(5, 12)
(6, 12)
(66, 12)
(67, 12)
(68, 12)
(69, 12)
(70, 12)
(71, 12)
(72, 12)
(73, 12)
(74, 12)
(0, 13)
(1, 13)
(2, 13)
(3, 13)
(4, 13)
(5, 13)
(6, 13)
(66, 13)
(67, 13)
(68, 13)
(69, 13)
(70, 13)
(71, 13)
(72, 13)
(73, 13)
(74, 13)
(0, 14)
(1, 14)
(2, 14)
(3, 14)
(4, 14)
(5, 14)
(6, 14)
(66, 14)
(67, 14)
(68, 14)
(69, 14)
(70, 14)
(71, 14)
(72, 14)
(73, 14)
(74, 14)
(0, 15)
(1, 15)
(2, 15)
(3, 15)
(4, 15)
(5, 15)
(6, 15)
(15, 15)
(16, 15)
(17, 15)
(18, 15)
(19, 15)
(20, 15)
(21, 15)
(22, 15)
(23, 15)
(27, 15)
(28, 15)
(29, 15)
(30, 15)
(31, 15)
(32, 15)
(38, 15)
(39, 15)
(40, 15)
(41, 15)
(42, 15)
(43, 15)
(44, 15)
(45, 15)
(46, 15)
(47, 15)
(48, 15)
(49, 15)
(50, 15)
(51, 15)
(52, 15)
(53, 15)
(54, 15)
(55, 15)
(66, 15)
(67, 15)
(68, 15)
(69, 15)
(70, 15)
(71, 15)
(72, 15)
(73, 15)
(74, 15)
(0, 16)
(1, 16)
(2, 16)
(3, 16)
(4, 16)
(5, 16)
(6, 16)
(15, 16)
(16, 16)
(17, 16)
(18, 16)
(19, 16)
(20, 16)
(21, 16)
(22, 16)
(23, 16)
(27, 16)
(28, 16)
(29, 16)
(30, 16)
(31, 16)
(32, 16)
(38, 16)
(39, 16)
(40, 16)
(41, 16)
(42, 16)
(43, 16)
(44, 16)
(45, 16)
(46, 16)
(47, 16)
(48, 16)
(49, 16)
(50, 16)
(51, 16)
(52, 16)
(53, 16)
(54, 16)
(55, 16)
(66, 16)
(67, 16)
(68, 16)
(69, 16)
(70, 16)
(71, 16)
(72, 16)
(73, 16)
(74, 16)
(0, 17)
(1, 17)
(2, 17)
(3, 17)
(4, 17)
(5, 17)
(6, 17)
(15, 17)
(16, 17)
(17, 17)
(18, 17)
(19, 17)
(20, 17)
(21, 17)
(22, 17)
(23, 17)
(27, 17)
(28, 17)
(29, 17)
(30, 17)
(31, 17)
(32, 17)
(38, 17)
(39, 17)
(40, 17)
(41, 17)
(42, 17)
(43, 17)
(44, 17)
(45, 17)
(46, 17)
(47, 17)
(48, 17)
(49, 17)
(50, 17)
(51, 17)
(52, 17)
(53, 17)
(54, 17)
(55, 17)
(66, 17)
(67, 17)
(68, 17)
(69, 17)
(70, 17)
(71, 17)
(72, 17)
(73, 17)
(74, 17)
(0, 18)
(1, 18)
(2, 18)
(3, 18)
(4, 18)
(5, 18)
(6, 18)
(15, 18)
(16, 18)
(17, 18)
(53, 18)
(54, 18)
(55, 18)
(66, 18)
(67, 18)
(68, 18)
(69, 18)
(70, 18)
(71, 18)
(72, 18)
(73, 18)
(74, 18)
(0, 19)
(1, 19)
(2, 19)
(3, 19)
(4, 19)
(5, 19)
(6, 19)
(15, 19)
(16, 19)
(17, 19)
(53, 19)
(54, 19)
(55, 19)
(66, 19)
(67, 19)
(68, 19)
(69, 19)
(70, 19)
(71, 19)
(72, 19)
(73, 19)
(74, 19)
(0, 20)
(1, 20)
(2, 20)
(3, 20)
(4, 20)
(5, 20)
(6, 20)
(15, 20)
(16, 20)
(17, 20)
(53, 20)
(54, 20)
(55, 20)
(66, 20)
(67, 20)
(68, 20)
(69, 20)
(70, 20)
(71, 20)
(72, 20)
(73, 20)
(74, 20)
(0, 21)
(1, 21)
(2, 21)
(3, 21)
(4, 21)
(5, 21)
(6, 21)
(15, 21)
(16, 21)
(17, 21)
(53, 21)
(54, 21)
(55, 21)
(66, 21)
(67, 21)
(68, 21)
(69, 21)
(70, 21)
(71, 21)
(72, 21)
(73, 21)
(74, 21)
(0, 22)
(1, 22)
(2, 22)
(3, 22)
(4, 22)
(5, 22)
(6, 22)
(15, 22)
(16, 22)
(17, 22)
(53, 22)
(54, 22)
(55, 22)
(66, 22)
(67, 22)
(68, 22)
(69, 22)
(70, 22)
(71, 22)
(72, 22)
(73, 22)
(74, 22)
(0, 23)
(1, 23)
(2, 23)
(3, 23)
(4, 23)
(5, 23)
(6, 23)
(15, 23)
(16, 23)
(17, 23)
(23, 23)
(24, 23)
(25, 23)
(26, 23)
(27, 23)
(28, 23)
(29, 23)
(30, 23)
(31, 23)
(32, 23)
(33, 23)
(34, 23)
(35, 23)
(36, 23)
(37, 23)
(38, 23)
(39, 23)
(40, 23)
(41, 23)
(42, 23)
(43, 23)
(44, 23)
(45, 23)
(46, 23)
(47, 23)
(53, 23)
(54, 23)
(55, 23)
(66, 23)
(67, 23)
(68, 23)
(69, 23)
(70, 23)
(71, 23)
(72, 23)
(73, 23)
(74, 23)
(0, 24)
(1, 24)
(2, 24)
(3, 24)
(4, 24)
(5, 24)
(6, 24)
(15, 24)
(16, 24)
(17, 24)
(23, 24)
(24, 24)
(25, 24)
(26, 24)
(27, 24)
(28, 24)
(29, 24)
(30, 24)
(31, 24)
(32, 24)
(33, 24)
(34, 24)
(35, 24)
(36, 24)
(37, 24)
(38, 24)
(39, 24)
(40, 24)
(41, 24)
(42, 24)
(43, 24)
(44, 24)
(45, 24)
(46, 24)
(47, 24)
(53, 24)
(54, 24)
(55, 24)
(66, 24)
(67, 24)
(68, 24)
(69, 24)
(70, 24)
(71, 24)
(72, 24)
(73, 24)
(74, 24)
(0, 25)
(1, 25)
(2, 25)
(3, 25)
(4, 25)
(5, 25)
(6, 25)
(15, 25)
(16, 25)
(17, 25)
(23, 25)
(24, 25)
(25, 25)
(26, 25)
(27, 25)
(28, 25)
(29, 25)
(30, 25)
(31, 25)
(32, 25)
(33, 25)
(34, 25)
(35, 25)
(36, 25)
(37, 25)
(38, 25)
(39, 25)
(40, 25)
(41, 25)
(42, 25)
(43, 25)
(44, 25)
(45, 25)
(46, 25)
(47, 25)
(53, 25)
(54, 25)
(55, 25)
(66, 25)
(67, 25)
(68, 25)
(69, 25)
(70, 25)
(71, 25)
(72, 25)
(73, 25)
(74, 25)
(0, 26)
(1, 26)
(2, 26)
(3, 26)
(4, 26)
(5, 26)
(6, 26)
(15, 26)
(16, 26)
(17, 26)
(23, 26)
(24, 26)
(25, 26)
(45, 26)
(46, 26)
(47, 26)
(53, 26)
(54, 26)
(55, 26)
(66, 26)
(67, 26)
(68, 26)
(69, 26)
(70, 26)
(71, 26)
(72, 26)
(73, 26)
(74, 26)
(0, 27)
(1, 27)
(2, 27)
(3, 27)
(4, 27)
(5, 27)
(6, 27)
(15, 27)
(16, 27)
(17, 27)
(23, 27)
(24, 27)
(25, 27)
(45, 27)
(46, 27)
(47, 27)
(53, 27)
(54, 27)
(55, 27)
(66, 27)
(67, 27)
(68, 27)
(69, 27)
(70, 27)
(71, 27)
(72, 27)
(73, 27)
(74, 27)
(0, 28)
(1, 28)
(2, 28)
(3, 28)
(4, 28)
(5, 28)
(6, 28)
(15, 28)
(16, 28)
(17, 28)
(23, 28)
(24, 28)
(25, 28)
(45, 28)
(46, 28)
(47, 28)
(53, 28)
(54, 28)
(55, 28)
(66, 28)
(67, 28)
(68, 28)
(69, 28)
(70, 28)
(71, 28)
(72, 28)
(73, 28)
(74, 28)
(0, 29)
(1, 29)
(2, 29)
(3, 29)
(4, 29)
(5, 29)
(6, 29)
(15, 29)
(16, 29)
(17, 29)
(23, 29)
(24, 29)
(25, 29)
(45, 29)
(46, 29)
(47, 29)
(53, 29)
(54, 29)
(55, 29)
(66, 29)
(67, 29)
(68, 29)
(69, 29)
(70, 29)
(71, 29)
(72, 29)
(73, 29)
(74, 29)
(0, 30)
(1, 30)
(2, 30)
(3, 30)
(4, 30)
(5, 30)
(6, 30)
(15, 30)
(16, 30)
(17, 30)
(23, 30)
(24, 30)
(25, 30)
(45, 30)
(46, 30)
(47, 30)
(53, 30)
(54, 30)
(55, 30)
(66, 30)
(67, 30)
(68, 30)
(69, 30)
(70, 30)
(71, 30)
(72, 30)
(73, 30)
(74, 30)
(0, 31)
(1, 31)
(2, 31)
(3, 31)
(4, 31)
(5, 31)
(6, 31)
(15, 31)
(16, 31)
(17, 31)
(23, 31)
(24, 31)
(25, 31)
(45, 31)
(46, 31)
(47, 31)
(53, 31)
(54, 31)
(55, 31)
(66, 31)
(67, 31)
(68, 31)
(69, 31)
(70, 31)
(71, 31)
(72, 31)
(73, 31)
(74, 31)
(0, 32)
(1, 32)
(2, 32)
(3, 32)
(4, 32)
(5, 32)
(6, 32)
(15, 32)
(16, 32)
(17, 32)
(23, 32)
(24, 32)
(25, 32)
(45, 32)
(46, 32)
(47, 32)
(53, 32)
(54, 32)
(55, 32)
(66, 32)
(67, 32)
(68, 32)
(69, 32)
(70, 32)
(71, 32)
(72, 32)
(73, 32)
(74, 32)
(0, 33)
(1, 33)
(2, 33)
(3, 33)
(4, 33)
(5, 33)
(6, 33)
(15, 33)
(16, 33)
(17, 33)
(23, 33)
(24, 33)
(25, 33)
(45, 33)
(46, 33)
(47, 33)
(53, 33)
(54, 33)
(55, 33)
(66, 33)
(67, 33)
(68, 33)
(69, 33)
(70, 33)
(71, 33)
(72, 33)
(73, 33)
(74, 33)
(0, 34)
(1, 34)
(2, 34)
(3, 34)
(4, 34)
(5, 34)
(6, 34)
(15, 34)
(16, 34)
(17, 34)
(23, 34)
(24, 34)
(25, 34)
(45, 34)
(46, 34)
(47, 34)
(53, 34)
(54, 34)
(55, 34)
(66, 34)
(67, 34)
(68, 34)
(69, 34)
(70, 34)
(71, 34)
(72, 34)
(73, 34)
(74, 34)
(0, 35)
(1, 35)
(2, 35)
(3, 35)
(4, 35)
(5, 35)
(6, 35)
(15, 35)
(16, 35)
(17, 35)
(53, 35)
(54, 35)
(55, 35)
(66, 35)
(67, 35)
(68, 35)
(69, 35)
(70, 35)
(71, 35)
(72, 35)
(73, 35)
(74, 35)
(0, 36)
(1, 36)
(2, 36)
(3, 36)
(4, 36)
(5, 36)
(6, 36)
(53, 36)
(54, 36)
(55, 36)
(66, 36)
(67, 36)
(68, 36)
(69, 36)
(70, 36)
(71, 36)
(72, 36)
(73, 36)
(74, 36)
(0, 37)
(1, 37)
(2, 37)
(3, 37)
(4, 37)
(5, 37)
(6, 37)
(53, 37)
(54, 37)
(55, 37)
(66, 37)
(67, 37)
(68, 37)
(69, 37)
(70, 37)
(71, 37)
(72, 37)
(73, 37)
(74, 37)
(0, 38)
(1, 38)
(2, 38)
(3, 38)
(4, 38)
(5, 38)
(6, 38)
(66, 38)
(67, 38)
(68, 38)
(69, 38)
(70, 38)
(71, 38)
(72, 38)
(73, 38)
(74, 38)
(0, 39)
(1, 39)
(2, 39)
(3, 39)
(4, 39)
(5, 39)
(6, 39)
(53, 39)
(54, 39)
(55, 39)
(66, 39)
(67, 39)
(68, 39)
(69, 39)
(70, 39)
(71, 39)
(72, 39)
(73, 39)
(74, 39)
(0, 40)
(1, 40)
(2, 40)
(3, 40)
(4, 40)
(5, 40)
(6, 40)
(15, 40)
(16, 40)
(17, 40)
(23, 40)
(24, 40)
(25, 40)
(45, 40)
(46, 40)
(47, 40)
(53, 40)
(54, 40)
(55, 40)
(66, 40)
(67, 40)
(68, 40)
(69, 40)
(70, 40)
(71, 40)
(72, 40)
(73, 40)
(74, 40)
(0, 41)
(1, 41)
(2, 41)
(3, 41)
(4, 41)
(5, 41)
(6, 41)
(15, 41)
(16, 41)
(17, 41)
(23, 41)
(24, 41)
(25, 41)
(45, 41)
(46, 41)
(47, 41)
(53, 41)
(54, 41)
(55, 41)
(66, 41)
(67, 41)
(68, 41)
(69, 41)
(70, 41)
(71, 41)
(72, 41)
(73, 41)
(74, 41)
(0, 42)
(1, 42)
(2, 42)
(3, 42)
(4, 42)
(5, 42)
(6, 42)
(15, 42)
(16, 42)
(17, 42)
(23, 42)
(24, 42)
(25, 42)
(45, 42)
(46, 42)
(47, 42)
(53, 42)
(54, 42)
(55, 42)
(66, 42)
(67, 42)
(68, 42)
(69, 42)
(70, 42)
(71, 42)
(72, 42)
(73, 42)
(74, 42)
(0, 43)
(1, 43)
(2, 43)
(3, 43)
(4, 43)
(5, 43)
(6, 43)
(15, 43)
(16, 43)
(17, 43)
(23, 43)
(24, 43)
(25, 43)
(45, 43)
(46, 43)
(47, 43)
(53, 43)
(54, 43)
(55, 43)
(66, 43)
(67, 43)
(68, 43)
(69, 43)
(70, 43)
(71, 43)
(72, 43)
(73, 43)
(74, 43)
(0, 44)
(1, 44)
(2, 44)
(3, 44)
(4, 44)
(5, 44)
(6, 44)
(15, 44)
(16, 44)
(17, 44)
(23, 44)
(24, 44)
(25, 44)
(45, 44)
(46, 44)
(47, 44)
(53, 44)
(54, 44)
(55, 44)
(66, 44)
(67, 44)
(68, 44)
(69, 44)
(70, 44)
(71, 44)
(72, 44)
(73, 44)
(74, 44)
(0, 45)
(1, 45)
(2, 45)
(3, 45)
(4, 45)
(5, 45)
(6, 45)
(15, 45)
(16, 45)
(17, 45)
(23, 45)
(24, 45)
(25, 45)
(45, 45)
(46, 45)
(47, 45)
(53, 45)
(54, 45)
(55, 45)
(66, 45)
(67, 45)
(68, 45)
(69, 45)
(70, 45)
(71, 45)
(72, 45)
(73, 45)
(74, 45)
(0, 46)
(1, 46)
(2, 46)
(3, 46)
(4, 46)
(5, 46)
(6, 46)
(15, 46)
(16, 46)
(17, 46)
(23, 46)
(24, 46)
(25, 46)
(45, 46)
(46, 46)
(47, 46)
(53, 46)
(54, 46)
(55, 46)
(66, 46)
(67, 46)
(68, 46)
(69, 46)
(70, 46)
(71, 46)
(72, 46)
(73, 46)
(74, 46)
(0, 47)
(1, 47)
(2, 47)
(3, 47)
(4, 47)
(5, 47)
(6, 47)
(15, 47)
(16, 47)
(17, 47)
(23, 47)
(24, 47)
(25, 47)
(45, 47)
(46, 47)
(47, 47)
(53, 47)
(54, 47)
(55, 47)
(66, 47)
(67, 47)
(68, 47)
(69, 47)
(70, 47)
(71, 47)
(72, 47)
(73, 47)
(74, 47)
(0, 48)
(1, 48)
(2, 48)
(3, 48)
(4, 48)
(5, 48)
(6, 48)
(15, 48)
(16, 48)
(17, 48)
(23, 48)
(24, 48)
(25, 48)
(45, 48)
(46, 48)
(47, 48)
(53, 48)
(54, 48)
(55, 48)
(66, 48)
(67, 48)
(68, 48)
(69, 48)
(70, 48)
(71, 48)
(72, 48)
(73, 48)
(74, 48)
(0, 49)
(1, 49)
(2, 49)
(3, 49)
(4, 49)
(5, 49)
(6, 49)
(15, 49)
(16, 49)
(17, 49)
(23, 49)
(24, 49)
(25, 49)
(26, 49)
(27, 49)
(28, 49)
(29, 49)
(30, 49)
(31, 49)
(32, 49)
(33, 49)
(34, 49)
(35, 49)
(36, 49)
(37, 49)
(38, 49)
(39, 49)
(40, 49)
(41, 49)
(42, 49)
(43, 49)
(44, 49)
(45, 49)
(46, 49)
(47, 49)
(53, 49)
(54, 49)
(55, 49)
(66, 49)
(67, 49)
(68, 49)
(69, 49)
(70, 49)
(71, 49)
(72, 49)
(73, 49)
(74, 49)
(0, 50)
(1, 50)
(2, 50)
(3, 50)
(4, 50)
(5, 50)
(6, 50)
(15, 50)
(16, 50)
(17, 50)
(23, 50)
(24, 50)
(25, 50)
(26, 50)
(27, 50)
(28, 50)
(29, 50)
(30, 50)
(31, 50)
(32, 50)
(33, 50)
(34, 50)
(35, 50)
(36, 50)
(37, 50)
(38, 50)
(39, 50)
(40, 50)
(41, 50)
(42, 50)
(43, 50)
(44, 50)
(45, 50)
(46, 50)
(47, 50)
(53, 50)
(54, 50)
(55, 50)
(66, 50)
(67, 50)
(68, 50)
(69, 50)
(70, 50)
(71, 50)
(72, 50)
(73, 50)
(74, 50)
(0, 51)
(1, 51)
(2, 51)
(3, 51)
(4, 51)
(5, 51)
(6, 51)
(15, 51)
(16, 51)
(17, 51)
(23, 51)
(24, 51)
(25, 51)
(26, 51)
(27, 51)
(28, 51)
(29, 51)
(30, 51)
(31, 51)
(32, 51)
(33, 51)
(34, 51)
(35, 51)
(36, 51)
(37, 51)
(38, 51)
(39, 51)
(40, 51)
(41, 51)
(42, 51)
(43, 51)
(44, 51)
(45, 51)
(46, 51)
(47, 51)
(53, 51)
(54, 51)
(55, 51)
(66, 51)
(67, 51)
(68, 51)
(69, 51)
(70, 51)
(71, 51)
(72, 51)
(73, 51)
(74, 51)
(0, 52)
(1, 52)
(2, 52)
(3, 52)
(4, 52)
(5, 52)
(6, 52)
(15, 52)
(16, 52)
(17, 52)
(53, 52)
(54, 52)
(55, 52)
(66, 52)
(67, 52)
(68, 52)
(69, 52)
(70, 52)
(71, 52)
(72, 52)
(73, 52)
(74, 52)
(0, 53)
(1, 53)
(2, 53)
(3, 53)
(4, 53)
(5, 53)
(6, 53)
(15, 53)
(16, 53)
(17, 53)
(53, 53)
(54, 53)
(55, 53)
(66, 53)
(67, 53)
(68, 53)
(69, 53)
(70, 53)
(71, 53)
(72, 53)
(73, 53)
(74, 53)
(0, 54)
(1, 54)
(2, 54)
(3, 54)
(4, 54)
(5, 54)
(6, 54)
(15, 54)
(16, 54)
(17, 54)
(53, 54)
(54, 54)
(55, 54)
(66, 54)
(67, 54)
(68, 54)
(69, 54)
(70, 54)
(71, 54)
(72, 54)
(73, 54)
(74, 54)
(0, 55)
(1, 55)
(2, 55)
(3, 55)
(4, 55)
(5, 55)
(6, 55)
(15, 55)
(16, 55)
(17, 55)
(53, 55)
(54, 55)
(55, 55)
(66, 55)
(67, 55)
(68, 55)
(69, 55)
(70, 55)
(71, 55)
(72, 55)
(73, 55)
(74, 55)
(0, 56)
(1, 56)
(2, 56)
(3, 56)
(4, 56)
(5, 56)
(6, 56)
(15, 56)
(16, 56)
(17, 56)
(53, 56)
(54, 56)
(55, 56)
(66, 56)
(67, 56)
(68, 56)
(69, 56)
(70, 56)
(71, 56)
(72, 56)
(73, 56)
(74, 56)
(0, 57)
(1, 57)
(2, 57)
(3, 57)
(4, 57)
(5, 57)
(6, 57)
(15, 57)
(16, 57)
(17, 57)
(18, 57)
(19, 57)
(20, 57)
(23, 57)
(24, 57)
(25, 57)
(26, 57)
(27, 57)
(28, 57)
(29, 57)
(30, 57)
(31, 57)
(32, 57)
(38, 57)
(39, 57)
(40, 57)
(41, 57)
(42, 57)
(43, 57)
(44, 57)
(45, 57)
(46, 57)
(47, 57)
(48, 57)
(49, 57)
(50, 57)
(51, 57)
(52, 57)
(53, 57)
(54, 57)
(55, 57)
(66, 57)
(67, 57)
(68, 57)
(69, 57)
(70, 57)
(71, 57)
(72, 57)
(73, 57)
(74, 57)
(0, 58)
(1, 58)
(2, 58)
(3, 58)
(4, 58)
(5, 58)
(6, 58)
(15, 58)
(16, 58)
(17, 58)
(18, 58)
(19, 58)
(20, 58)
(23, 58)
(24, 58)
(25, 58)
(26, 58)
(27, 58)
(28, 58)
(29, 58)
(30, 58)
(31, 58)
(32, 58)
(38, 58)
(39, 58)
(40, 58)
(41, 58)
(42, 58)
(43, 58)
(44, 58)
(45, 58)
(46, 58)
(47, 58)
(48, 58)
(49, 58)
(50, 58)
(51, 58)
(52, 58)
(53, 58)
(54, 58)
(55, 58)
(66, 58)
(67, 58)
(68, 58)
(69, 58)
(70, 58)
(71, 58)
(72, 58)
(73, 58)
(74, 58)
(0, 59)
(1, 59)
(2, 59)
(3, 59)
(4, 59)
(5, 59)
(6, 59)
(15, 59)
(16, 59)
(17, 59)
(18, 59)
(19, 59)
(20, 59)
(23, 59)
(24, 59)
(25, 59)
(26, 59)
(27, 59)
(28, 59)
(29, 59)
(30, 59)
(31, 59)
(32, 59)
(38, 59)
(39, 59)
(40, 59)
(41, 59)
(42, 59)
(43, 59)
(44, 59)
(45, 59)
(46, 59)
(47, 59)
(48, 59)
(49, 59)
(50, 59)
(51, 59)
(52, 59)
(53, 59)
(54, 59)
(55, 59)
(66, 59)
(67, 59)
(68, 59)
(69, 59)
(70, 59)
(71, 59)
(72, 59)
(73, 59)
(74, 59)
(0, 60)
(1, 60)
(2, 60)
(3, 60)
(4, 60)
(5, 60)
(6, 60)
(66, 60)
(67, 60)
(68, 60)
(69, 60)
(70, 60)
(71, 60)
(72, 60)
(73, 60)
(74, 60)
(0, 61)
(1, 61)
(2, 61)
(3, 61)
(4, 61)
(5, 61)
(6, 61)
(66, 61)
(67, 61)
(68, 61)
(69, 61)
(70, 61)
(71, 61)
(72, 61)
(73, 61)
(74, 61)
(0, 62)
(1, 62)
(2, 62)
(3, 62)
(4, 62)
(5, 62)
(6, 62)
(66, 62)
(67, 62)
(68, 62)
(69, 62)
(70, 62)
(71, 62)
(72, 62)
(73, 62)
(74, 62)
(0, 63)
(1, 63)
(2, 63)
(3, 63)
(4, 63)
(5, 63)
(6, 63)
(66, 63)
(67, 63)
(68, 63)
(69, 63)
(70, 63)
(71, 63)
(72, 63)
(73, 63)
(74, 63)
(0, 64)
(1, 64)
(2, 64)
(3, 64)
(4, 64)
(5, 64)
(6, 64)
(66, 64)
(67, 64)
(68, 64)
(69, 64)
(70, 64)
(71, 64)
(72, 64)
(73, 64)
(74, 64)
(0, 65)
(1, 65)
(2, 65)
(3, 65)
(4, 65)
(5, 65)
(6, 65)
(66, 65)
(67, 65)
(68, 65)
(69, 65)
(70, 65)
(71, 65)
(72, 65)
(73, 65)
(74, 65)
(0, 66)
(1, 66)
(2, 66)
(3, 66)
(4, 66)
(5, 66)
(6, 66)
(66, 66)
(67, 66)
(68, 66)
(69, 66)
(70, 66)
(71, 66)
(72, 66)
(73, 66)
(74, 66)
(0, 67)
(1, 67)
(2, 67)
(3, 67)
(4, 67)
(5, 67)
(6, 67)
(66, 67)
(67, 67)
(68, 67)
(69, 67)
(70, 67)
(71, 67)
(72, 67)
(73, 67)
(74, 67)
(0, 68)
(1, 68)
(2, 68)
(3, 68)
(4, 68)
(5, 68)
(6, 68)
(66, 68)
(67, 68)
(68, 68)
(69, 68)
(70, 68)
(71, 68)
(72, 68)
(73, 68)
(74, 68)
(0, 69)
(1, 69)
(2, 69)
(3, 69)
(4, 69)
(5, 69)
(6, 69)
(7, 69)
(8, 69)
(9, 69)
(10, 69)
(11, 69)
(12, 69)
(13, 69)
(14, 69)
(15, 69)
(16, 69)
(17, 69)
(18, 69)
(19, 69)
(20, 69)
(21, 69)
(22, 69)
(23, 69)
(24, 69)
(25, 69)
(26, 69)
(27, 69)
(28, 69)
(29, 69)
(30, 69)
(31, 69)
(32, 69)
(33, 69)
(34, 69)
(35, 69)
(36, 69)
(37, 69)
(38, 69)
(39, 69)
(40, 69)
(41, 69)
(42, 69)
(43, 69)
(44, 69)
(45, 69)
(46, 69)
(47, 69)
(48, 69)
(49, 69)
(50, 69)
(51, 69)
(52, 69)
(53, 69)
(54, 69)
(55, 69)
(56, 69)
(57, 69)
(58, 69)
(59, 69)
(60, 69)
(61, 69)
(62, 69)
(63, 69)
(64, 69)
(65, 69)
(66, 69)
(67, 69)
(68, 69)
(69, 69)
(70, 69)
(71, 69)
(72, 69)
(73, 69)
(74, 69)
(0, 70)
(1, 70)
(2, 70)
(3, 70)
(4, 70)
(5, 70)
(6, 70)
(7, 70)
(8, 70)
(9, 70)
(10, 70)
(11, 70)
(12, 70)
(13, 70)
(14, 70)
(15, 70)
(16, 70)
(17, 70)
(18, 70)
(19, 70)
(20, 70)
(21, 70)
(22, 70)
(23, 70)
(24, 70)
(25, 70)
(26, 70)
(27, 70)
(28, 70)
(29, 70)
(30, 70)
(31, 70)
(32, 70)
(33, 70)
(34, 70)
(35, 70)
(36, 70)
(37, 70)
(38, 70)
(39, 70)
(40, 70)
(41, 70)
(42, 70)
(43, 70)
(44, 70)
(45, 70)
(46, 70)
(47, 70)
(48, 70)
(49, 70)
(50, 70)
(51, 70)
(52, 70)
(53, 70)
(54, 70)
(55, 70)
(56, 70)
(57, 70)
(58, 70)
(59, 70)
(60, 70)
(61, 70)
(62, 70)
(63, 70)
(64, 70)
(65, 70)
(66, 70)
(67, 70)
(68, 70)
(69, 70)
(70, 70)
(71, 70)
(72, 70)
(73, 70)
(74, 70)
(0, 71)
(1, 71)
(2, 71)
(3, 71)
(4, 71)
(5, 71)
(6, 71)
(7, 71)
(8, 71)
(9, 71)
(10, 71)
(11, 71)
(12, 71)
(13, 71)
(14, 71)
(15, 71)
(16, 71)
(17, 71)
(18, 71)
(19, 71)
(20, 71)
(21, 71)
(22, 71)
(23, 71)
(24, 71)
(25, 71)
(26, 71)
(27, 71)
(28, 71)
(29, 71)
(30, 71)
(31, 71)
(32, 71)
(33, 71)
(34, 71)
(35, 71)
(36, 71)
(37, 71)
(38, 71)
(39, 71)
(40, 71)
(41, 71)
(42, 71)
(43, 71)
(44, 71)
(45, 71)
(46, 71)
(47, 71)
(48, 71)
(49, 71)
(50, 71)
(51, 71)
(52, 71)
(53, 71)
(54, 71)
(55, 71)
(56, 71)
(57, 71)
(58, 71)
(59, 71)
(60, 71)
(61, 71)
(62, 71)
(63, 71)
(64, 71)
(65, 71)
(66, 71)
(67, 71)
(68, 71)
(69, 71)
(70, 71)
(71, 71)
(72, 71)
(73, 71)
(74, 71)
(0, 72)
(1, 72)
(2, 72)
(3, 72)
(4, 72)
(5, 72)
(6, 72)
(7, 72)
(8, 72)
(9, 72)
(10, 72)
(11, 72)
(12, 72)
(13, 72)
(14, 72)
(15, 72)
(16, 72)
(17, 72)
(18, 72)
(19, 72)
(20, 72)
(21, 72)
(22, 72)
(23, 72)
(24, 72)
(25, 72)
(26, 72)
(27, 72)
(28, 72)
(29, 72)
(30, 72)
(31, 72)
(32, 72)
(33, 72)
(34, 72)
(35, 72)
(36, 72)
(37, 72)
(38, 72)
(39, 72)
(40, 72)
(41, 72)
(42, 72)
(43, 72)
(44, 72)
(45, 72)
(46, 72)
(47, 72)
(48, 72)
(49, 72)
(50, 72)
(51, 72)
(52, 72)
(53, 72)
(54, 72)
(55, 72)
(56, 72)
(57, 72)
(58, 72)
(59, 72)
(60, 72)
(61, 72)
(62, 72)
(63, 72)
(64, 72)
(65, 72)
(66, 72)
(67, 72)
(68, 72)
(69, 72)
(70, 72)
(71, 72)
(72, 72)
(73, 72)
(74, 72)
(0, 73)
(1, 73)
(2, 73)
(3, 73)
(4, 73)
(5, 73)
(6, 73)
(7, 73)
(8, 73)
(9, 73)
(10, 73)
(11, 73)
(12, 73)
(13, 73)
(14, 73)
(15, 73)
(16, 73)
(17, 73)
(18, 73)
(19, 73)
(20, 73)
(21, 73)
(22, 73)
(23, 73)
(24, 73)
(25, 73)
(26, 73)
(27, 73)
(28, 73)
(29, 73)
(30, 73)
(31, 73)
(32, 73)
(33, 73)
(34, 73)
(35, 73)
(36, 73)
(37, 73)
(38, 73)
(39, 73)
(40, 73)
(41, 73)
(42, 73)
(43, 73)
(44, 73)
(45, 73)
(46, 73)
(47, 73)
(48, 73)
(49, 73)
(50, 73)
(51, 73)
(52, 73)
(53, 73)
(54, 73)
(55, 73)
(56, 73)
(57, 73)
(58, 73)
(59, 73)
(60, 73)
(61, 73)
(62, 73)
(63, 73)
(64, 73)
(65, 73)
(66, 73)
(67, 73)
(68, 73)
(69, 73)
(70, 73)
(71, 73)
(72, 73)
(73, 73)
(74, 73)
(0, 74)
(1, 74)
(2, 74)
(3, 74)
(4, 74)
(5, 74)
(6, 74)
(7, 74)
(8, 74)
(9, 74)
(10, 74)
(11, 74)
(12, 74)
(13, 74)
(14, 74)
(15, 74)
(16, 74)
(17, 74)
(18, 74)
(19, 74)
(20, 74)
(21, 74)
(22, 74)
(23, 74)
(24, 74)
(25, 74)
(26, 74)
(27, 74)
(28, 74)
(29, 74)
(30, 74)
(31, 74)
(32, 74)
(33, 74)
(34, 74)
(35, 74)
(36, 74)
(37, 74)
(38, 74)
(39, 74)
(40, 74)
(41, 74)
(42, 74)
(43, 74)
(44, 74)
(45, 74)
(46, 74)
(47, 74)
(48, 74)
(49, 74)
(50, 74)
(51, 74)
(52, 74)
(53, 74)
(54, 74)
(55, 74)
(56, 74)
(57, 74)
(58, 74)
(59, 74)
(60, 74)
(61, 74)
(62, 74)
(63, 74)
(64, 74)
(65, 74)
(66, 74)
(67, 74)
(68, 74)
(69, 74)
(70, 74)
(71, 74)
(72, 74)
(73, 74)
(74, 74)
-
(0, 1, 1.0, -1, 0.5)
(1, 1, 1.0, -1, 0.5)
(2, 2, 1.0, -1, 0.5)
(3, 2, 1.0, -1, 0.5)
(4, 3, 1.0, -1, 0.5)
(5, 3, 1.0, -1, 0.5)
(6, 4, 1.0, -1, 0.5)
(7, 4, 1.0, -1, 0.5)
(8, 5, 1.0, -1, 0.5)
(9, 5, 1.0, -1, 0.5)
-
(0, (62,18), (50,54))
(1, (53,65), (36,34))
(2, (18,65), (35,44))
(3, (61,22), (38,36))
(4, (27,11), (49,21))
(5, (54,65), (41,42))
(6, (62,38), (19,20))
(7, (53,11), (36,29))
(8, (61,55), (31,32))
(9, (10,29), (30,42))
