75
(11, 0)
(12, 0)
(13, 0)
(14, 0)
(15, 0)
(16, 0)
(17, 0)
(18, 0)
(19, 0)
(20, 0)
(21, 0)
(22, 0)
(23, 0)
(24, 0)
(25, 0)
(26, 0)
(27, 0)
(28, 0)
(29, 0)
(30, 0)
(31, 0)
(32, 0)
(46, 0)
(47, 0)
(48, 0)
(49, 0)
(50, 0)
(51, 0)
(52, 0)
(53, 0)
(54, 0)
(55, 0)
(56, 0)
(57, 0)
(58, 0)
(59, 0)
(60, 0)
(61, 0)
(62, 0)
(12, 1)
(13, 1)
(14, 1)
(15, 1)
(16, 1)
(17, 1)
(18, 1)
(19, 1)
(20, 1)
(21, 1)
(22, 1)
(23, 1)
(24, 1)
(25, 1)
(26, 1)
(27, 1)
(28, 1)
(29, 1)
(30, 1)
(31, 1)
(32, 1)
(46, 1)
(47, 1)
(48, 1)
(49, 1)
(50, 1)
(51, 1)
(52, 1)
(53, 1)
(54, 1)
(55, 1)
(56, 1)
(57, 1)
(58, 1)
(59, 1)
(60, 1)
(61, 1)
(14, 2)
(15, 2)
(16, 2)
(17, 2)
(18, 2)
(19, 2)
(20, 2)
(21, 2)
(22, 2)
(23, 2)
(24, 2)
(25, 2)
(26, 2)
(27, 2)
(28, 2)
(29, 2)
(30, 2)
(31, 2)
(32, 2)
(46, 2)
(47, 2)
(48, 2)
(49, 2)
(50, 2)
(51, 2)
(52, 2)
(53, 2)
(54, 2)
(55, 2)
(56, 2)
(57, 2)
(58, 2)
(59, 2)
(60, 2)
(15, 3)
(16, 3)
(17, 3)
(18, 3)
(19, 3)
(20, 3)
(21, 3)
(22, 3)
(23, 3)
(24, 3)
(25, 3)
(26, 3)
(27, 3)
(28, 3)
(29, 3)
(30, 3)
(31, 3)
(32, 3)
(46, 3)
(47, 3)
(48, 3)
(49, 3)
(50, 3)
(51, 3)
(52, 3)
(53, 3)
(54, 3)
(55, 3)
(56, 3)
(57, 3)
(58, 3)
(59, 3)
(16, 4)
(17, 4)
(18, 4)
(19, 4)
(20, 4)
(21, 4)
(22, 4)
(23, 4)
(24, 4)
(25, 4)
(26, 4)
(27, 4)
(28, 4)
(29, 4)
(30, 4)
(31, 4)
(32, 4)
(46, 4)
(47, 4)
(48, 4)
(49, 4)
(50, 4)
(51, 4)
(52, 4)
(53, 4)
(54, 4)
(55, 4)
(56, 4)
(57, 4)
(58, 4)
(18, 5)
(19, 5)
(20, 5)
(21, 5)
(22, 5)
(23, 5)
(24, 5)
(25, 5)
(26, 5)
(27, 5)
(28, 5)
(29, 5)
(30, 5)
(31, 5)
(32, 5)
(46, 5)
(47, 5)
(48, 5)
(49, 5)
(50, 5)
(51, 5)
(52, 5)
(53, 5)
(54, 5)
(55, 5)
(56, 5)
(57, 5)
(58, 5)
(20, 6)
(21, 6)
(22, 6)
(23, 6)
(24, 6)
(25, 6)
(26, 6)
(27, 6)
(28, 6)
(29, 6)
(30, 6)
(31, 6)
(32, 6)
(46, 6)
(47, 6)
(48, 6)
(49, 6)
(50, 6)
(51, 6)
(52, 6)
(53, 6)
(54, 6)
(55, 6)
(56, 6)
(57, 6)
(21, 7)
(22, 7)
(23, 7)
(24, 7)
(25, 7)
(26, 7)
(27, 7)
(28, 7)
(29, 7)
(30, 7)
(31, 7)
(32, 7)
(46, 7)
(47, 7)
(48, 7)
(49, 7)
(50, 7)
(51, 7)
(52, 7)
(53, 7)
(54, 7)
(55, 7)
(56, 7)
(22, 8)
(23, 8)
(24, 8)
(25, 8)
(26, 8)
(27, 8)
(28, 8)
(29, 8)
(30, 8)
(31, 8)
(32, 8)
(46, 8)
(47, 8)
(48, 8)
(49, 8)
(50, 8)
(51, 8)
(52, 8)
(53, 8)
(54, 8)
(55, 8)
(24, 9)
(25, 9)
(26, 9)
(27, 9)
(28, 9)
(29, 9)
(30, 9)
(31, 9)
(32, 9)
(46, 9)
(47, 9)
(48, 9)
(49, 9)
(50, 9)
(51, 9)
(52, 9)
(53, 9)
(54, 9)
(0, 10)
(25, 10)
(26, 10)
(27, 10)
(28, 10)
(29, 10)
(30, 10)
(31, 10)
(32, 10)
(46, 10)
(47, 10)
(48, 10)
(49, 10)
(50, 10)
(51, 10)
(52, 10)
(53, 10)
(73, 10)
(74, 10)
(0, 11)
(1, 11)
(27, 11)
(28, 11)
(29, 11)
(30, 11)
(31, 11)
(32, 11)
(46, 11)
(47, 11)
(48, 11)
(49, 11)
(50, 11)
(51, 11)
(72, 11)
(73, 11)
(74, 11)
(0, 12)
(1, 12)
(2, 12)
(3, 12)
(28, 12)
(29, 12)
(30, 12)
(31, 12)
(46, 12)
(47, 12)
(48, 12)
(49, 12)
(50, 12)
(71, 12)
(72, 12)
(73, 12)
(74, 12)
(0, 13)
(1, 13)
(2, 13)
(3, 13)
(4, 13)
(29, 13)
(30, 13)
(31, 13)
(46, 13)
(47, 13)
(48, 13)
(49, 13)
(70, 13)
(71, 13)
(72, 13)
(73, 13)
(74, 13)
(0, 14)
(1, 14)
(2, 14)
(3, 14)
(4, 14)
(5, 14)
(30, 14)
(31, 14)
(46, 14)
(47, 14)
(48, 14)
(69, 14)
(70, 14)
(71, 14)
(72, 14)
(73, 14)
(74, 14)
(0, 15)
(1, 15)
(2, 15)
(3, 15)
(4, 15)
(5, 15)
(6, 15)
(7, 15)
(31, 15)
(46, 15)
(47, 15)
(48, 15)
(68, 15)
(69, 15)
(70, 15)
(71, 15)
(72, 15)
(73, 15)
(74, 15)
(0, 16)
(1, 16)
(2, 16)
(3, 16)
(4, 16)
(5, 16)
(6, 16)
(7, 16)
(8, 16)
(9, 16)
(45, 16)
(46, 16)
(47, 16)
(67, 16)
(68, 16)
(69, 16)
(70, 16)
(71, 16)
(72, 16)
(73, 16)
(74, 16)
(0, 17)
(1, 17)
(2, 17)
(3, 17)
(4, 17)
(5, 17)
(6, 17)
(7, 17)
(8, 17)
(9, 17)
(10, 17)
(45, 17)
(46, 17)
(66, 17)
(67, 17)
(68, 17)
(69, 17)
(70, 17)
(71, 17)
(72, 17)
(73, 17)
(74, 17)
(0, 18)
(1, 18)
(2, 18)
(3, 18)
(4, 18)
(5, 18)
(6, 18)
(7, 18)
(8, 18)
(9, 18)
(10, 18)
(11, 18)
(45, 18)
(65, 18)
(66, 18)
(67, 18)
(68, 18)
(69, 18)
(70, 18)
(71, 18)
(72, 18)
(73, 18)
(74, 18)
(0, 19)
(1, 19)
(2, 19)
(3, 19)
(4, 19)
(5, 19)
(6, 19)
(7, 19)
(8, 19)
(9, 19)
(10, 19)
(11, 19)
(12, 19)
(13, 19)
(64, 19)
(65, 19)
(66, 19)
(67, 19)
(68, 19)
(69, 19)
(70, 19)
(71, 19)
(72, 19)
(73, 19)
(74, 19)
(0, 20)
(1, 20)
(2, 20)
(3, 20)
(4, 20)
(5, 20)
(6, 20)
(7, 20)
(8, 20)
(9, 20)
(10, 20)
(11, 20)
(12, 20)
(13, 20)
(14, 20)
(63, 20)
(64, 20)
(65, 20)
(66, 20)
(67, 20)
(68, 20)
(69, 20)
(70, 20)
(71, 20)
(72, 20)
(73, 20)
(74, 20)
(0, 21)
(1, 21)
(2, 21)
(3, 21)
(4, 21)
(5, 21)
(6, 21)
(7, 21)
(8, 21)
(9, 21)
(10, 21)
(11, 21)
(12, 21)
(13, 21)
(14, 21)
(15, 21)
(16, 21)
(62, 21)
(63, 21)
(64, 21)
(65, 21)
(66, 21)
(67, 21)
(68, 21)
(69, 21)
(70, 21)
(71, 21)
(72, 21)
(73, 21)
(74, 21)
(0, 22)
(1, 22)
(2, 22)
(3, 22)
(4, 22)
(5, 22)
(6, 22)
(7, 22)
(8, 22)
(9, 22)
(10, 22)
(11, 22)
(12, 22)
(13, 22)
(14, 22)
(15, 22)
(16, 22)
(17, 22)
(61, 22)
(62, 22)
(63, 22)
(64, 22)
(65, 22)
(66, 22)
(67, 22)
(68, 22)
(69, 22)
(70, 22)
(71, 22)
(72, 22)
(73, 22)
(74, 22)
(0, 23)
(1, 23)
(2, 23)
(3, 23)
(4, 23)
(5, 23)
(6, 23)
(7, 23)
(8, 23)
(9, 23)
(10, 23)
(11, 23)
(12, 23)
(13, 23)
(14, 23)
(15, 23)
(16, 23)
(17, 23)
(18, 23)
(29, 23)
(30, 23)
(31, 23)
(32, 23)
(33, 23)
(34, 23)
(35, 23)
(60, 23)
(61, 23)
(62, 23)
(63, 23)
(64, 23)
(65, 23)
(66, 23)
(67, 23)
(68, 23)
(69, 23)
(70, 23)
(71, 23)
(72, 23)
(73, 23)
(74, 23)
(0, 24)
(1, 24)
(2, 24)
(3, 24)
(4, 24)
(5, 24)
(6, 24)
(7, 24)
(8, 24)
(9, 24)
(10, 24)
(11, 24)
(12, 24)
(13, 24)
(14, 24)
(15, 24)
(16, 24)
(17, 24)
(18, 24)
(19, 24)
(29, 24)
(30, 24)
(31, 24)
(32, 24)
(33, 24)
(34, 24)
(35, 24)
(47, 24)
(48, 24)
(49, 24)
(50, 24)
(51, 24)
(52, 24)
(59, 24)
(60, 24)
(61, 24)
(62, 24)
(63, 24)
(64, 24)
(65, 24)
(66, 24)
(67, 24)
(68, 24)
(69, 24)
(70, 24)
(71, 24)
(72, 24)
(73, 24)
(74, 24)
(0, 25)
(1, 25)
(2, 25)
(3, 25)
(4, 25)
(5, 25)
(6, 25)
(7, 25)
(8, 25)
(9, 25)
(10, 25)
(11, 25)
(12, 25)
(13, 25)
(14, 25)
(15, 25)
(16, 25)
(17, 25)
(18, 25)
(19, 25)
(20, 25)
(47, 25)
(48, 25)
(49, 25)
(50, 25)
(51, 25)
(52, 25)
(58, 25)
(59, 25)
(60, 25)
(61, 25)
(62, 25)
(63, 25)
(64, 25)
(65, 25)
(66, 25)
(67, 25)
(68, 25)
(69, 25)
(70, 25)
(71, 25)
(72, 25)
(73, 25)
(74, 25)
(0, 26)
(1, 26)
(2, 26)
(3, 26)
(4, 26)
(5, 26)
(6, 26)
(7, 26)
(8, 26)
(9, 26)
(10, 26)
(11, 26)
(12, 26)
(13, 26)
(14, 26)
(15, 26)
(16, 26)
(17, 26)
(18, 26)
(19, 26)
(20, 26)
(21, 26)
(47, 26)
(48, 26)
(49, 26)
(50, 26)
(51, 26)
(52, 26)
(58, 26)
(59, 26)
(60, 26)
(61, 26)
(70, 26)
(71, 26)
(72, 26)
(0, 27)
(1, 27)
(2, 27)
(3, 27)
(4, 27)
(5, 27)
(6, 27)
(7, 27)
(8, 27)
(9, 27)
(10, 27)
(11, 27)
(12, 27)
(13, 27)
(14, 27)
(15, 27)
(16, 27)
(17, 27)
(18, 27)
(19, 27)
(20, 27)
(21, 27)
(22, 27)
(47, 27)
(48, 27)
(49, 27)
(50, 27)
(51, 27)
(52, 27)
(21, 28)
(22, 28)
(23, 28)
(47, 28)
(48, 28)
(49, 28)
(50, 28)
(51, 28)
(52, 28)
(22, 29)
(23, 29)
(33, 29)
(34, 29)
(35, 29)
(36, 29)
(37, 29)
(38, 29)
(39, 29)
(40, 29)
(47, 29)
(48, 29)
(49, 29)
(50, 29)
(51, 29)
(52, 29)
(22, 30)
(23, 30)
(33, 30)
(34, 30)
(35, 30)
(36, 30)
(37, 30)
(38, 30)
(39, 30)
(40, 30)
(47, 30)
(48, 30)
(49, 30)
(50, 30)
(51, 30)
(52, 30)
(22, 31)
(23, 31)
(24, 31)
(25, 31)
(26, 31)
(27, 31)
(33, 31)
(34, 31)
(35, 31)
(36, 31)
(37, 31)
(38, 31)
(39, 31)
(40, 31)
(47, 31)
(48, 31)
(49, 31)
(50, 31)
(51, 31)
(52, 31)
(33, 32)
(34, 32)
(35, 32)
(36, 32)
(37, 32)
(38, 32)
(39, 32)
(40, 32)
(33, 33)
(34, 33)
(35, 33)
(36, 33)
(37, 33)
(38, 33)
(39, 33)
(40, 33)
(33, 34)
(34, 34)
(35, 34)
(36, 34)
(37, 34)
(38, 34)
(39, 34)
(40, 34)
(33, 35)
(34, 35)
(35, 35)
(36, 35)
(37, 35)
(38, 35)
(39, 35)
(40, 35)
(57, 36)
(58, 36)
(59, 36)
(60, 36)
(61, 36)
(62, 36)
(63, 36)
(64, 36)
(65, 36)
(66, 36)
(57, 37)
(58, 37)
(59, 37)
(60, 37)
(61, 37)
(62, 37)
(63, 37)
(64, 37)
(65, 37)
(66, 37)
(18, 38)
(19, 38)
(20, 38)
(21, 38)
(22, 38)
(23, 38)
(24, 38)
(25, 38)
(26, 38)
(18, 39)
(19, 39)
(20, 39)
(21, 39)
(22, 39)
(23, 39)
(24, 39)
(25, 39)
(26, 39)
(30, 39)
(31, 39)
(32, 39)
(33, 39)
(34, 39)
(35, 39)
(39, 39)
(40, 39)
(41, 39)
(42, 39)
(43, 39)
(44, 39)
(45, 39)
(46, 39)
(47, 39)
(48, 39)
(49, 39)
(50, 39)
(18, 40)
(19, 40)
(20, 40)
(21, 40)
(22, 40)
(23, 40)
(24, 40)
(25, 40)
(26, 40)
(30, 40)
(31, 40)
(32, 40)
(33, 40)
(34, 40)
(35, 40)
(18, 41)
(19, 41)
(20, 41)
(21, 41)
(22, 41)
(23, 41)
(24, 41)
(25, 41)
(26, 41)
(18, 42)
(19, 42)
(20, 42)
(21, 42)
(22, 42)
(23, 42)
(24, 42)
(25, 42)
(26, 42)
(42, 43)
(42, 44)
(43, 44)
(44, 44)
(45, 44)
(46, 44)
(47, 44)
(48, 44)
(42, 45)
(43, 45)
(44, 45)
(45, 45)
(46, 45)
(47, 45)
(48, 45)
(33, 46)
(34, 46)
(35, 46)
(36, 46)
(37, 46)
(38, 46)
(39, 46)
(40, 46)
(42, 46)
(43, 46)
(44, 46)
(45, 46)
(46, 46)
(47, 46)
(58, 46)
(59, 46)
(60, 46)
(61, 46)
(62, 46)
(63, 46)
(64, 46)
(65, 46)
(66, 46)
(67, 46)
(68, 46)
(69, 46)
(70, 46)
(71, 46)
(72, 46)
(73, 46)
(74, 46)
(0, 47)
(1, 47)
(2, 47)
(3, 47)
(4, 47)
(5, 47)
(6, 47)
(7, 47)
(8, 47)
(9, 47)
(10, 47)
(11, 47)
(12, 47)
(13, 47)
(33, 47)
(34, 47)
(35, 47)
(36, 47)
(37, 47)
(38, 47)
(39, 47)
(40, 47)
(42, 47)
(43, 47)
(44, 47)
(45, 47)
(46, 47)
(47, 47)
(59, 47)
(60, 47)
(61, 47)
(62, 47)
(63, 47)
(64, 47)
(65, 47)
(66, 47)
(67, 47)
(68, 47)
(69, 47)
(70, 47)
(71, 47)
(72, 47)
(73, 47)
(74, 47)
(0, 48)
(1, 48)
(2, 48)
(3, 48)
(4, 48)
(5, 48)
(6, 48)
(7, 48)
(8, 48)
(9, 48)
(10, 48)
(11, 48)
(12, 48)
(13, 48)
(14, 48)
(15, 48)
(16, 48)
(17, 48)
(18, 48)
(33, 48)
(34, 48)
(35, 48)
(36, 48)
(37, 48)
(38, 48)
(39, 48)
(40, 48)
(42, 48)
(60, 48)
(61, 48)
(62, 48)
(63, 48)
(64, 48)
(65, 48)
(66, 48)
(67, 48)
(68, 48)
(69, 48)
(70, 48)
(71, 48)
(72, 48)
(73, 48)
(74, 48)
(0, 49)
(1, 49)
(2, 49)
(3, 49)
(4, 49)
(5, 49)
(6, 49)
(7, 49)
(8, 49)
(9, 49)
(10, 49)
(11, 49)
(12, 49)
(13, 49)
(14, 49)
(15, 49)
(16, 49)
(17, 49)
(33, 49)
(34, 49)
(35, 49)
(36, 49)
(37, 49)
(38, 49)
(39, 49)
(40, 49)
(61, 49)
(62, 49)
(63, 49)
(64, 49)
(65, 49)
(66, 49)
(67, 49)
(68, 49)
(69, 49)
(70, 49)
(71, 49)
(72, 49)
(73, 49)
(74, 49)
(0, 50)
(1, 50)
(2, 50)
(3, 50)
(4, 50)
(5, 50)
(6, 50)
(7, 50)
(8, 50)
(9, 50)
(10, 50)
(11, 50)
(12, 50)
(13, 50)
(14, 50)
(15, 50)
(16, 50)
(33, 50)
(34, 50)
(35, 50)
(36, 50)
(37, 50)
(38, 50)
(39, 50)
(40, 50)
(62, 50)
(63, 50)
(64, 50)
(65, 50)
(66, 50)
(67, 50)
(68, 50)
(69, 50)
(70, 50)
(71, 50)
(72, 50)
(73, 50)
(74, 50)
(0, 51)
(1, 51)
(2, 51)
(3, 51)
(4, 51)
(5, 51)
(6, 51)
(7, 51)
(8, 51)
(9, 51)
(10, 51)
(11, 51)
(12, 51)
(13, 51)
(14, 51)
(15, 51)
(33, 51)
(34, 51)
(35, 51)
(36, 51)
(37, 51)
(38, 51)
(39, 51)
(40, 51)
(63, 51)
(64, 51)
(65, 51)
(66, 51)
(67, 51)
(68, 51)
(69, 51)
(70, 51)
(71, 51)
(72, 51)
(73, 51)
(74, 51)
(0, 52)
(1, 52)
(2, 52)
(3, 52)
(4, 52)
(5, 52)
(6, 52)
(7, 52)
(8, 52)
(9, 52)
(10, 52)
(11, 52)
(12, 52)
(13, 52)
(14, 52)
(64, 52)
(65, 52)
(66, 52)
(67, 52)
(68, 52)
(69, 52)
(70, 52)
(71, 52)
(72, 52)
(73, 52)
(74, 52)
(0, 53)
(1, 53)
(2, 53)
(3, 53)
(4, 53)
(5, 53)
(6, 53)
(7, 53)
(8, 53)
(9, 53)
(10, 53)
(11, 53)
(12, 53)
(13, 53)
(65, 53)
(66, 53)
(67, 53)
(68, 53)
(69, 53)
(70, 53)
(71, 53)
(72, 53)
(73, 53)
(74, 53)
(0, 54)
(1, 54)
(2, 54)
(3, 54)
(4, 54)
(5, 54)
(6, 54)
(7, 54)
(8, 54)
(9, 54)
(10, 54)
(11, 54)
(12, 54)
(45, 54)
(66, 54)
(67, 54)
(68, 54)
(69, 54)
(70, 54)
(71, 54)
(72, 54)
(73, 54)
(74, 54)
(0, 55)
(1, 55)
(2, 55)
(3, 55)
(4, 55)
(5, 55)
(6, 55)
(7, 55)
(8, 55)
(9, 55)
(10, 55)
(11, 55)
(31, 55)
(45, 55)
(46, 55)
(67, 55)
(68, 55)
(69, 55)
(70, 55)
(71, 55)
(72, 55)
(73, 55)
(74, 55)
(0, 56)
(1, 56)
(2, 56)
(3, 56)
(4, 56)
(5, 56)
(6, 56)
(7, 56)
(8, 56)
(9, 56)
(10, 56)
(30, 56)
(31, 56)
(45, 56)
(46, 56)
(68, 56)
(69, 56)
(70, 56)
(71, 56)
(72, 56)
(73, 56)
(74, 56)
(0, 57)
(1, 57)
(2, 57)
(3, 57)
(4, 57)
(5, 57)
(6, 57)
(7, 57)
(8, 57)
(9, 57)
(29, 57)
(30, 57)
(31, 57)
(45, 57)
(46, 57)
(47, 57)
(69, 57)
(70, 57)
(71, 57)
(72, 57)
(73, 57)
(74, 57)
(0, 58)
(1, 58)
(2, 58)
(3, 58)
(4, 58)
(5, 58)
(6, 58)
(7, 58)
(8, 58)
(29, 58)
(30, 58)
(31, 58)
(45, 58)
(46, 58)
(47, 58)
(48, 58)
(49, 58)
(70, 58)
(71, 58)
(72, 58)
(73, 58)
(74, 58)
(0, 59)
(1, 59)
(2, 59)
(3, 59)
(4, 59)
(5, 59)
(6, 59)
(28, 59)
(29, 59)
(30, 59)
(31, 59)
(45, 59)
(46, 59)
(47, 59)
(48, 59)
(49, 59)
(50, 59)
(72, 59)
(73, 59)
(74, 59)
(0, 60)
(1, 60)
(2, 60)
(3, 60)
(4, 60)
(5, 60)
(27, 60)
(28, 60)
(29, 60)
(30, 60)
(31, 60)
(45, 60)
(46, 60)
(47, 60)
(48, 60)
(49, 60)
(50, 60)
(51, 60)
(73, 60)
(74, 60)
(0, 61)
(1, 61)
(2, 61)
(3, 61)
(26, 61)
(27, 61)
(28, 61)
(29, 61)
(30, 61)
(31, 61)
(45, 61)
(46, 61)
(47, 61)
(48, 61)
(49, 61)
(50, 61)
(51, 61)
(52, 61)
(73, 61)
(74, 61)
(0, 62)
(1, 62)
(25, 62)
(26, 62)
(27, 62)
(28, 62)
(29, 62)
(30, 62)
(31, 62)
(45, 62)
(46, 62)
(47, 62)
(48, 62)
(49, 62)
(50, 62)
(51, 62)
(52, 62)
(53, 62)
(74, 62)
(0, 63)
(24, 63)
(25, 63)
(26, 63)
(27, 63)
(28, 63)
(29, 63)
(30, 63)
(31, 63)
(45, 63)
(46, 63)
(47, 63)
(48, 63)
(49, 63)
(50, 63)
(51, 63)
(52, 63)
(53, 63)
(54, 63)
(23, 64)
(24, 64)
(25, 64)
(26, 64)
(27, 64)
(28, 64)
(29, 64)
(30, 64)
(31, 64)
(45, 64)
(46, 64)
(47, 64)
(48, 64)
(49, 64)
(50, 64)
(51, 64)
(52, 64)
(53, 64)
(54, 64)
(55, 64)
(22, 65)
(23, 65)
(24, 65)
(25, 65)
(26, 65)
(27, 65)
(28, 65)
(29, 65)
(30, 65)
(31, 65)
(45, 65)
(46, 65)
(47, 65)
(48, 65)
(49, 65)
(50, 65)
(51, 65)
(52, 65)
(53, 65)
(54, 65)
(55, 65)
(56, 65)
(21, 66)
(22, 66)
(23, 66)
(24, 66)
(25, 66)
(26, 66)
(27, 66)
(28, 66)
(29, 66)
(30, 66)
(31, 66)
(45, 66)
(46, 66)
(47, 66)
(48, 66)
(49, 66)
(50, 66)
(51, 66)
(52, 66)
(53, 66)
(54, 66)
(55, 66)
(56, 66)
(57, 66)
(20, 67)
(21, 67)
(22, 67)
(23, 67)
(24, 67)
(25, 67)
(26, 67)
(27, 67)
(28, 67)
(29, 67)
(30, 67)
(31, 67)
(45, 67)
(46, 67)
(47, 67)
(48, 67)
(49, 67)
(50, 67)
(51, 67)
(52, 67)
(53, 67)
(54, 67)
(55, 67)
(56, 67)
(57, 67)
(58, 67)
(19, 68)
(20, 68)
(21, 68)
(22, 68)
(23, 68)
(24, 68)
(25, 68)
(26, 68)
(27, 68)
(28, 68)
(29, 68)
(30, 68)
(31, 68)
(45, 68)
(46, 68)
(47, 68)
(48, 68)
(49, 68)
(50, 68)
(51, 68)
(52, 68)
(53, 68)
(54, 68)
(55, 68)
(56, 68)
(57, 68)
(58, 68)
(59, 68)
(60, 68)
(17, 69)
(18, 69)
(19, 69)
(20, 69)
(21, 69)
(22, 69)
(23, 69)
(24, 69)
(25, 69)
(26, 69)
(27, 69)
(28, 69)
(29, 69)
(30, 69)
(31, 69)
(45, 69)
(46, 69)
(47, 69)
(48, 69)
(49, 69)
(50, 69)
(51, 69)
(52, 69)
(53, 69)
(54, 69)
(55, 69)
(56, 69)
(57, 69)
(58, 69)
(59, 69)
(60, 69)
(61, 69)
(16, 70)
(17, 70)
(18, 70)
(19, 70)
(20, 70)
(21, 70)
(22, 70)
(23, 70)
(24, 70)
(25, 70)
(26, 70)
(27, 70)
(28, 70)
(29, 70)
(30, 70)
(31, 70)
(45, 70)
(46, 70)
(47, 70)
(48, 70)
(49, 70)
(50, 70)
(51, 70)
(52, 70)
(53, 70)
(54, 70)
(55, 70)
(56, 70)
(57, 70)
(58, 70)
(59, 70)
(60, 70)
(61, 70)
(62, 70)
(14, 71)
(15, 71)
(16, 71)
(17, 71)
(18, 71)
(19, 71)
(20, 71)
(21, 71)
(22, 71)
(23, 71)
(24, 71)
(25, 71)
(26, 71)
(27, 71)
(28, 71)
(29, 71)
(30, 71)
(31, 71)
(45, 71)
(46, 71)
(47, 71)
(48, 71)
(49, 71)
(50, 71)
(51, 71)
(52, 71)
(53, 71)
(54, 71)
(55, 71)
(56, 71)
(57, 71)
(58, 71)
(59, 71)
(60, 71)
(61, 71)
(62, 71)
(63, 71)
(13, 72)
(14, 72)
(15, 72)
(16, 72)
(17, 72)
(18, 72)
(19, 72)
(20, 72)
(21, 72)
(22, 72)
(23, 72)
(24, 72)
(25, 72)
(26, 72)
(27, 72)
(28, 72)
(29, 72)
(30, 72)
(31, 72)
(45, 72)
(46, 72)
(47, 72)
(48, 72)
(49, 72)
(50, 72)
(51, 72)
(52, 72)
(53, 72)
(54, 72)
(55, 72)
(56, 72)
(57, 72)
(58, 72)
(59, 72)
(60, 72)
(61, 72)
(62, 72)
(63, 72)
(11, 73)
(12, 73)
(13, 73)
(14, 73)
(15, 73)
(16, 73)
(17, 73)
(18, 73)
(19, 73)
(20, 73)
(21, 73)
(22, 73)
(23, 73)
(24, 73)
(25, 73)
(26, 73)
(27, 73)
(28, 73)
(29, 73)
(30, 73)
(31, 73)
(45, 73)
(46, 73)
(47, 73)
(48, 73)
(49, 73)
(50, 73)
(51, 73)
(52, 73)
(53, 73)
(54, 73)
(55, 73)
(56, 73)
(57, 73)
(58, 73)
(59, 73)
(60, 73)
(61, 73)
(62, 73)
(63, 73)
(64, 73)
(10, 74)
(11, 74)
(12, 74)
(13, 74)
(14, 74)
(15, 74)
(16, 74)
(17, 74)
(18, 74)
(19, 74)
(20, 74)
(21, 74)
(22, 74)
(23, 74)
(24, 74)
(25, 74)
(26, 74)
(27, 74)
(28, 74)
(29, 74)
(30, 74)
(31, 74)
(45, 74)
(46, 74)
(47, 74)
(48, 74)
(49, 74)
(50, 74)
(51, 74)
(52, 74)
(53, 74)
(54, 74)
(55, 74)
(56, 74)
(57, 74)
(58, 74)
(59, 74)
(60, 74)
(61, 74)
(62, 74)
(63, 74)
(64, 74)
(65, 74)
-
(0, 1, 1.0, -1, 0.5)
(1, 1, 1.0, -1, 0.5)
(2, 2, 1.0, -1, 0.5)
(3, 2, 1.0, -1, 0.5)
(4, 3, 1.0, -1, 0.5)
(5, 3, 1.0, -1, 0.5)
(6, 4, 1.0, -1, 0.5)
(7, 4, 1.0, -1, 0.5)
(8, 5, 1.0, -1, 0.5)
(9, 5, 1.0, -1, 0.5)
-
(0, (2,31), (74,38))
(1, (69,36), (28,27))
(2, (70,42), (38,40))
(3, (1,36), (49,20))
(4, (69,39), (5,0))
(5, (40,3), (63,39))
(6, (4,31), (43,48))
(7, (2,39), (68,65))
(8, (70,31), (65,8))
(9, (39,10), (58,60))
