75
(0, 30)
(1, 30)
(2, 30)
(3, 30)
(4, 30)
(5, 30)
(9, 30)
(10, 30)
(11, 30)
(12, 30)
(13, 30)
(14, 30)
(15, 30)
(16, 30)
(17, 30)
(18, 30)
(19, 30)
(22, 30)
(23, 30)
(24, 30)
(25, 30)
(26, 30)
(27, 30)
(28, 30)
(29, 30)
(30, 30)
(31, 30)
(32, 30)
(34, 30)
(35, 30)
(36, 30)
(37, 30)
(38, 30)
(39, 30)
(40, 30)
(41, 30)
(42, 30)
(43, 30)
(49, 30)
(50, 30)
(51, 30)
(52, 30)
(53, 30)
(54, 30)
(55, 30)
(56, 30)
(57, 30)
(58, 30)
(59, 30)
(64, 30)
(65, 30)
(66, 30)
(67, 30)
(68, 30)
(69, 30)
(70, 30)
(71, 30)
(72, 30)
(73, 30)
(74, 30)
(0, 31)
(1, 31)
(2, 31)
(3, 31)
(4, 31)
(5, 31)
(9, 31)
(10, 31)
(11, 31)
(12, 31)
(13, 31)
(14, 31)
(15, 31)
(16, 31)
(17, 31)
(18, 31)
(19, 31)
(22, 31)
(23, 31)
(24, 31)
(25, 31)
(26, 31)
(27, 31)
(28, 31)
(29, 31)
(30, 31)
(31, 31)
(32, 31)
(34, 31)
(35, 31)
(36, 31)
(37, 31)
(38, 31)
(39, 31)
(40, 31)
(41, 31)
(42, 31)
(43, 31)
(49, 31)
(50, 31)
(51, 31)
(52, 31)
(53, 31)
(54, 31)
(55, 31)
(56, 31)
(57, 31)
(58, 31)
(59, 31)
(64, 31)
(65, 31)
(66, 31)
(67, 31)
(68, 31)
(69, 31)
(70, 31)
(71, 31)
(72, 31)
(73, 31)
(74, 31)
(0, 32)
(1, 32)
(2, 32)
(3, 32)
(4, 32)
(5, 32)
(9, 32)
(10, 32)
(11, 32)
(12, 32)
(13, 32)
(14, 32)
(15, 32)
(16, 32)
(17, 32)
(18, 32)
(19, 32)
(22, 32)
(23, 32)
(24, 32)
(25, 32)
(26, 32)
(27, 32)
(28, 32)
(29, 32)
(30, 32)
(31, 32)
(32, 32)
(34, 32)
(35, 32)
(36, 32)
(37, 32)
(38, 32)
(39, 32)
(40, 32)
(41, 32)
(42, 32)
(43, 32)
(49, 32)
(50, 32)
(51, 32)
(52, 32)
(53, 32)
(54, 32)
(55, 32)
(56, 32)
(57, 32)
(58, 32)
(59, 32)
(64, 32)
(65, 32)
(66, 32)
(67, 32)
(68, 32)
(69, 32)
(70, 32)
(71, 32)
(72, 32)
(73, 32)
(74, 32)
(0, 33)
(1, 33)
(2, 33)
(3, 33)
(4, 33)
(5, 33)
(9, 33)
(10, 33)
(11, 33)
(12, 33)
(13, 33)
(14, 33)
(15, 33)
(16, 33)
(17, 33)
(18, 33)
(19, 33)
(22, 33)
(23, 33)
(24, 33)
(25, 33)
(26, 33)
(27, 33)
(28, 33)
(29, 33)
(30, 33)
(31, 33)
(32, 33)
(34, 33)
(35, 33)
(36, 33)
(37, 33)
(38, 33)
(39, 33)
(40, 33)
(41, 33)
(42, 33)
(43, 33)
(49, 33)
(50, 33)
(51, 33)
(52, 33)
(53, 33)
(54, 33)
(55, 33)
(56, 33)
(57, 33)
(58, 33)
(59, 33)
(64, 33)
(65, 33)
(66, 33)
(67, 33)
(68, 33)
(69, 33)
(70, 33)
(71, 33)
(72, 33)
(73, 33)
(74, 33)
(0, 34)
(1, 34)
(2, 34)
(3, 34)
(4, 34)
(5, 34)
(9, 34)
(10, 34)
(11, 34)
(12, 34)
(13, 34)
(14, 34)
(15, 34)
(16, 34)
(17, 34)
(18, 34)
(19, 34)
(22, 34)
(23, 34)
(24, 34)
(25, 34)
(26, 34)
(27, 34)
(28, 34)
(29, 34)
(30, 34)
(31, 34)
(32, 34)
(34, 34)
(35, 34)
(36, 34)
(37, 34)
(38, 34)
(39, 34)
(40, 34)
(41, 34)
(42, 34)
(43, 34)
(49, 34)
(50, 34)
(51, 34)
(52, 34)
(53, 34)
(54, 34)
(55, 34)
(56, 34)
(57, 34)
(58, 34)
(59, 34)
(64, 34)
(65, 34)
(66, 34)
(67, 34)
(68, 34)
(69, 34)
(70, 34)
(71, 34)
(72, 34)
(73, 34)
(74, 34)
(0, 35)
(1, 35)
(2, 35)
(3, 35)
(4, 35)
(5, 35)
(9, 35)
(10, 35)
(11, 35)
(12, 35)
(13, 35)
(14, 35)
(15, 35)
(16, 35)
(17, 35)
(18, 35)
(19, 35)
(22, 35)
(23, 35)
(24, 35)
(25, 35)
(26, 35)
(27, 35)
(28, 35)
(29, 35)
(30, 35)
(31, 35)
(32, 35)
(34, 35)
(35, 35)
(36, 35)
(37, 35)
(38, 35)
(39, 35)
(40, 35)
(41, 35)
(42, 35)
(43, 35)
(49, 35)
(50, 35)
(51, 35)
(52, 35)
(53, 35)
(54, 35)
(55, 35)
(56, 35)
(57, 35)
(58, 35)
(59, 35)
(64, 35)
(65, 35)
(66, 35)
(67, 35)
(68, 35)
(69, 35)
(70, 35)
(71, 35)
(72, 35)
(73, 35)
(74, 35)
(0, 36)
(1, 36)
(2, 36)
(3, 36)
(4, 36)
(5, 36)
(9, 36)
(10, 36)
(11, 36)
(12, 36)
(13, 36)
(14, 36)
(15, 36)
(16, 36)
(17, 36)
(18, 36)
(19, 36)
(22, 36)
(23, 36)
(24, 36)
(25, 36)
(26, 36)
(27, 36)
(28, 36)
(29, 36)
(30, 36)
(31, 36)
(32, 36)
(34, 36)
(35, 36)
(36, 36)
(37, 36)
(38, 36)
(39, 36)
(40, 36)
(41, 36)
(42, 36)
(43, 36)
(49, 36)
(50, 36)
(51, 36)
(52, 36)
(53, 36)
(54, 36)
(55, 36)
(56, 36)
(57, 36)
(58, 36)
(59, 36)
(64, 36)
(65, 36)
(66, 36)
(67, 36)
(68, 36)
(69, 36)
(70, 36)
(71, 36)
(72, 36)
(73, 36)
(74, 36)
(0, 37)
(1, 37)
(2, 37)
(3, 37)
(4, 37)
(5, 37)
(9, 37)
(10, 37)
(11, 37)
(12, 37)
(13, 37)
(14, 37)
(15, 37)
(16, 37)
(17, 37)
(18, 37)
(19, 37)
(22, 37)
(23, 37)
(24, 37)
(25, 37)
(26, 37)
(27, 37)
(28, 37)
(29, 37)
(30, 37)
(31, 37)
(32, 37)
(34, 37)
(35, 37)
(36, 37)
(37, 37)
(38, 37)
(39, 37)
(40, 37)
(41, 37)
(42, 37)
(43, 37)
(49, 37)
(50, 37)
(51, 37)
(52, 37)
(53, 37)
(54, 37)
(55, 37)
(56, 37)
(57, 37)
(58, 37)
(59, 37)
(64, 37)
(65, 37)
(66, 37)
(67, 37)
(68, 37)
(69, 37)
(70, 37)
(71, 37)
(72, 37)
(73, 37)
(74, 37)
(0, 38)
(1, 38)
(2, 38)
(3, 38)
(4, 38)
(5, 38)
(9, 38)
(10, 38)
(11, 38)
(12, 38)
(13, 38)
(14, 38)
(15, 38)
(16, 38)
(17, 38)
(18, 38)
(19, 38)
(22, 38)
(23, 38)
(24, 38)
(25, 38)
(26, 38)
(27, 38)
(28, 38)
(29, 38)
(30, 38)
(31, 38)
(32, 38)
(34, 38)
(35, 38)
(36, 38)
(37, 38)
(38, 38)
(39, 38)
(40, 38)
(41, 38)
(42, 38)
(43, 38)
(49, 38)
(50, 38)
(51, 38)
(52, 38)
(53, 38)
(54, 38)
(55, 38)
(56, 38)
(57, 38)
(58, 38)
(59, 38)
(64, 38)
(65, 38)
(66, 38)
(67, 38)
(68, 38)
(69, 38)
(70, 38)
(71, 38)
(72, 38)
(73, 38)
(74, 38)
(0, 39)
(1, 39)
(2, 39)
(3, 39)
(4, 39)
(5, 39)
(9, 39)
(10, 39)
(11, 39)
(12, 39)
(13, 39)
(14, 39)
(15, 39)
(16, 39)
(17, 39)
(18, 39)
(19, 39)
(22, 39)
(23, 39)
(24, 39)
(25, 39)
(26, 39)
(27, 39)
(28, 39)
(29, 39)
(30, 39)
(31, 39)
(32, 39)
(34, 39)
(35, 39)
(36, 39)
(37, 39)
(38, 39)
(39, 39)
(40, 39)
(41, 39)
(42, 39)
(43, 39)
(49, 39)
(50, 39)
(51, 39)
(52, 39)
(53, 39)
(54, 39)
(55, 39)
(56, 39)
(57, 39)
(58, 39)
(59, 39)
(64, 39)
(65, 39)
(66, 39)
(67, 39)
(68, 39)
(69, 39)
(70, 39)
(71, 39)
(72, 39)
(73, 39)
(74, 39)
(0, 40)
(1, 40)
(2, 40)
(3, 40)
(4, 40)
(5, 40)
(9, 40)
(10, 40)
(11, 40)
(12, 40)
(13, 40)
(14, 40)
(15, 40)
(16, 40)
(17, 40)
(18, 40)
(19, 40)
(22, 40)
(23, 40)
(24, 40)
(25, 40)
(26, 40)
(27, 40)
(28, 40)
(29, 40)
(30, 40)
(31, 40)
(32, 40)
(34, 40)
(35, 40)
(36, 40)
(37, 40)
(38, 40)
(39, 40)
(40, 40)
(41, 40)
(42, 40)
(43, 40)
(49, 40)
(50, 40)
(51, 40)
(52, 40)
(53, 40)
(54, 40)
(55, 40)
(56, 40)
(57, 40)
(58, 40)
(59, 40)
(64, 40)
(65, 40)
(66, 40)
(67, 40)
(68, 40)
(69, 40)
(70, 40)
(71, 40)
(72, 40)
(73, 40)
(74, 40)
(0, 41)
(1, 41)
(2, 41)
(3, 41)
(4, 41)
(5, 41)
(9, 41)
(10, 41)
(11, 41)
(12, 41)
(13, 41)
(14, 41)
(15, 41)
(16, 41)
(17, 41)
(18, 41)
(19, 41)
(22, 41)
(23, 41)
(24, 41)
(25, 41)
(26, 41)
(27, 41)
(28, 41)
(29, 41)
(30, 41)
(31, 41)
(32, 41)
(34, 41)
(35, 41)
(36, 41)
(37, 41)
(38, 41)
(39, 41)
(40, 41)
(41, 41)
(42, 41)
(43, 41)
(49, 41)
(50, 41)
(51, 41)
(52, 41)
(53, 41)
(54, 41)
(55, 41)
(56, 41)
(57, 41)
(58, 41)
(59, 41)
(64, 41)
(65, 41)
(66, 41)
(67, 41)
(68, 41)
(69, 41)
(70, 41)
(71, 41)
(72, 41)
(73, 41)
(74, 41)
(0, 42)
(1, 42)
(2, 42)
(3, 42)
(4, 42)
(5, 42)
(9, 42)
(10, 42)
(11, 42)
(12, 42)
(13, 42)
(14, 42)
(15, 42)
(16, 42)
(17, 42)
(18, 42)
(19, 42)
(22, 42)
(23, 42)
(24, 42)
(25, 42)
(26, 42)
(27, 42)
(28, 42)
(29, 42)
(30, 42)
(31, 42)
(32, 42)
(34, 42)
(35, 42)
(36, 42)
(37, 42)
(38, 42)
(39, 42)
(40, 42)
(41, 42)
(42, 42)
(43, 42)
(49, 42)
(50, 42)
(51, 42)
(52, 42)
(53, 42)
(54, 42)
(55, 42)
(56, 42)
(57, 42)
(58, 42)
(59, 42)
(64, 42)
(65, 42)
(66, 42)
(67, 42)
(68, 42)
(69, 42)
(70, 42)
(71, 42)
(72, 42)
(73, 42)
(74, 42)
(0, 43)
(1, 43)
(2, 43)
(3, 43)
(4, 43)
(5, 43)
(9, 43)
(10, 43)
(11, 43)
(12, 43)
(13, 43)
(14, 43)
(15, 43)
(16, 43)
(17, 43)
(18, 43)
(19, 43)
(22, 43)
(23, 43)
(24, 43)
(25, 43)
(26, 43)
(27, 43)
(28, 43)
(29, 43)
(30, 43)
(31, 43)
(32, 43)
(34, 43)
(35, 43)
(36, 43)
(37, 43)
(38, 43)
(39, 43)
(40, 43)
(41, 43)
(42, 43)
(43, 43)
(49, 43)
(50, 43)
(51, 43)
(52, 43)
(53, 43)
(54, 43)
(55, 43)
(56, 43)
(57, 43)
(58, 43)
(59, 43)
(64, 43)
(65, 43)
(66, 43)
(67, 43)
(68, 43)
(69, 43)
(70, 43)
(71, 43)
(72, 43)
(73, 43)
(74, 43)
-
(0, 1, 1.0, -1, 0.5)
(1, 1, 1.0, -1, 0.5)
(2, 2, 1.0, -1, 0.5)
(3, 2, 1.0, -1, 0.5)
(4, 3, 1.0, -1, 0.5)
(5, 3, 1.0, -1, 0.5)
(6, 4, 1.0, -1, 0.5)
(7, 4, 1.0, -1, 0.5)
(8, 5, 1.0, -1, 0.5)
(9, 5, 1.0, -1, 0.5)
-
(0, (73,66), (42,14))
(1, (32,65), (52,2))
(2, (48,69), (27,10))
(3, (46,62), (60,6))
(4, (49,72), (60,15))
(5, (1,71), (67,13))
(6, (22,71), (46,0))
(7, (4,69), (53,10))
(8, (54,63), (12,3))
(9, (36,66), (63,5))
