75
(0,0)
(0,1)
(0,2)
(0,47)
(0,48)
(0,49)
(0,50)
(0,51)
(0,59)
(0,60)
(0,61)
(0,62)
(0,63)
(0,64)
(0,65)
(0,66)
(0,67)
(0,68)
(0,69)
(0,70)
(0,71)
(0,72)
(0,73)
(0,74)
(1,0)
(1,1)
(1,2)
(1,47)
(1,48)
(1,49)
(1,50)
(1,51)
(1,59)
(1,60)
(1,61)
(1,62)
(1,63)
(1,64)
(1,65)
(1,66)
(1,67)
(1,68)
(1,69)
(1,70)
(1,71)
(1,72)
(1,73)
(1,74)
(2,0)
(2,1)
(2,2)
(2,49)
(2,50)
(2,51)
(2,62)
(2,63)
(2,64)
(2,65)
(2,66)
(2,67)
(2,68)
(2,69)
(2,70)
(2,71)
(2,72)
(2,73)
(2,74)
(3,0)
(3,1)
(3,2)
(3,62)
(3,63)
(3,64)
(3,65)
(3,66)
(3,67)
(3,68)
(3,69)
(3,70)
(3,71)
(3,72)
(3,73)
(3,74)
(4,0)
(4,1)
(4,62)
(4,63)
(4,64)
(4,68)
(4,69)
(4,70)
(4,71)
(4,72)
(4,73)
(4,74)
(5,0)
(5,1)
(5,11)
(5,12)
(5,13)
(5,14)
(5,15)
(5,16)
(5,33)
(5,34)
(5,62)
(5,63)
(5,64)
(5,71)
(5,72)
(5,73)
(5,74)
(6,0)
(6,1)
(6,11)
(6,12)
(6,13)
(6,14)
(6,15)
(6,16)
(6,17)
(6,18)
(6,19)
(6,20)
(6,33)
(6,34)
(6,62)
(6,63)
(6,64)
(6,73)
(6,74)
(7,0)
(7,1)
(7,11)
(7,12)
(7,13)
(7,14)
(7,15)
(7,16)
(7,17)
(7,18)
(7,19)
(7,20)
(7,21)
(7,22)
(7,23)
(8,0)
(8,11)
(8,12)
(8,13)
(8,16)
(8,17)
(8,18)
(8,19)
(8,20)
(8,21)
(8,22)
(8,23)
(8,24)
(8,25)
(8,26)
(8,27)
(9,0)
(9,11)
(9,12)
(9,13)
(9,19)
(9,20)
(9,21)
(9,22)
(9,23)
(9,24)
(9,25)
(9,26)
(9,27)
(9,28)
(9,29)
(9,30)
(10,0)
(10,11)
(10,12)
(10,13)
(10,23)
(10,24)
(10,25)
(10,26)
(10,27)
(10,28)
(10,29)
(10,30)
(10,31)
(10,32)
(10,33)
(10,34)
(11,0)
(11,10)
(11,11)
(11,12)
(11,13)
(11,26)
(11,27)
(11,28)
(11,29)
(11,30)
(11,31)
(11,32)
(11,33)
(11,34)
(11,35)
(12,10)
(12,11)
(12,12)
(12,30)
(12,31)
(12,32)
(12,33)
(12,34)
(12,35)
(12,36)
(13,10)
(13,11)
(13,12)
(13,33)
(13,34)
(13,35)
(13,36)
(13,50)
(13,51)
(13,52)
(13,53)
(13,54)
(14,10)
(14,11)
(14,12)
(14,34)
(14,35)
(14,36)
(14,37)
(14,48)
(14,49)
(14,50)
(14,51)
(14,52)
(14,53)
(14,54)
(14,55)
(14,56)
(15,10)
(15,11)
(15,12)
(15,35)
(15,36)
(15,37)
(15,38)
(15,48)
(15,49)
(15,50)
(15,51)
(15,52)
(15,53)
(15,54)
(15,55)
(15,56)
(15,57)
(15,58)
(15,59)
(16,10)
(16,11)
(16,12)
(16,35)
(16,36)
(16,37)
(16,38)
(16,48)
(16,49)
(16,50)
(16,51)
(16,52)
(16,54)
(16,55)
(16,56)
(16,57)
(16,58)
(16,59)
(16,60)
(16,61)
(17,9)
(17,10)
(17,11)
(17,12)
(17,36)
(17,37)
(17,38)
(17,50)
(17,51)
(17,52)
(17,56)
(17,57)
(17,58)
(17,59)
(17,60)
(17,61)
(17,62)
(17,63)
(18,9)
(18,10)
(18,11)
(18,50)
(18,51)
(18,52)
(18,53)
(18,58)
(18,59)
(18,60)
(18,61)
(18,62)
(18,63)
(18,64)
(18,65)
(18,66)
(19,9)
(19,10)
(19,11)
(19,19)
(19,20)
(19,21)
(19,22)
(19,39)
(19,40)
(19,41)
(19,50)
(19,51)
(19,52)
(19,53)
(19,60)
(19,61)
(19,62)
(19,63)
(19,64)
(19,65)
(19,66)
(19,67)
(19,68)
(20,9)
(20,10)
(20,11)
(20,19)
(20,20)
(20,21)
(20,22)
(20,23)
(20,24)
(20,39)
(20,40)
(20,41)
(20,51)
(20,52)
(20,53)
(20,63)
(20,64)
(20,65)
(20,66)
(20,67)
(20,68)
(20,69)
(20,70)
(21,9)
(21,10)
(21,11)
(21,19)
(21,20)
(21,21)
(21,22)
(21,23)
(21,24)
(21,25)
(21,26)
(21,39)
(21,40)
(21,41)
(21,51)
(21,52)
(21,53)
(21,54)
(21,65)
(21,66)
(21,67)
(21,68)
(21,69)
(21,70)
(21,71)
(21,72)
(22,9)
(22,10)
(22,11)
(22,20)
(22,21)
(22,22)
(22,23)
(22,24)
(22,25)
(22,26)
(22,27)
(22,28)
(22,32)
(22,33)
(22,34)
(22,39)
(22,40)
(22,41)
(22,42)
(22,52)
(22,53)
(22,54)
(22,67)
(22,68)
(22,69)
(22,70)
(22,71)
(22,72)
(22,73)
(22,74)
(23,8)
(23,9)
(23,10)
(23,11)
(23,23)
(23,24)
(23,25)
(23,26)
(23,27)
(23,28)
(23,32)
(23,33)
(23,34)
(23,40)
(23,41)
(23,42)
(23,52)
(23,53)
(23,54)
(23,55)
(23,70)
(23,71)
(23,72)
(23,73)
(23,74)
(24,8)
(24,9)
(24,10)
(24,25)
(24,26)
(24,27)
(24,28)
(24,32)
(24,33)
(24,34)
(24,40)
(24,41)
(24,42)
(24,43)
(24,53)
(24,54)
(24,55)
(24,72)
(24,73)
(24,74)
(25,8)
(25,9)
(25,10)
(25,32)
(25,33)
(25,34)
(25,41)
(25,42)
(25,43)
(25,53)
(25,54)
(25,55)
(25,56)
(26,8)
(26,9)
(26,10)
(26,32)
(26,33)
(26,34)
(26,41)
(26,42)
(26,43)
(26,44)
(26,54)
(26,55)
(26,56)
(27,8)
(27,9)
(27,10)
(27,32)
(27,33)
(27,34)
(27,42)
(27,43)
(27,44)
(27,54)
(27,55)
(27,56)
(27,57)
(28,8)
(28,9)
(28,10)
(28,32)
(28,33)
(28,34)
(28,42)
(28,43)
(28,44)
(28,45)
(28,55)
(28,56)
(28,57)
(28,70)
(28,71)
(29,8)
(29,9)
(29,10)
(29,16)
(29,17)
(29,18)
(29,19)
(29,32)
(29,33)
(29,34)
(29,42)
(29,43)
(29,44)
(29,45)
(29,55)
(29,56)
(29,57)
(29,58)
(29,70)
(29,71)
(30,16)
(30,17)
(30,18)
(30,19)
(30,20)
(30,31)
(30,32)
(30,33)
(30,34)
(30,43)
(30,44)
(30,45)
(30,46)
(30,56)
(30,57)
(30,58)
(30,70)
(30,71)
(31,16)
(31,17)
(31,18)
(31,19)
(31,20)
(31,21)
(31,22)
(31,31)
(31,32)
(31,33)
(31,43)
(31,44)
(31,45)
(31,46)
(31,56)
(31,57)
(31,58)
(31,59)
(32,16)
(32,17)
(32,18)
(32,19)
(32,20)
(32,21)
(32,22)
(32,23)
(32,24)
(32,25)
(32,31)
(32,32)
(32,33)
(32,44)
(32,45)
(32,46)
(32,57)
(32,58)
(32,59)
(33,16)
(33,17)
(33,18)
(33,19)
(33,20)
(33,21)
(33,22)
(33,23)
(33,24)
(33,25)
(33,26)
(33,31)
(33,32)
(33,33)
(33,44)
(33,45)
(33,46)
(33,47)
(33,57)
(33,58)
(33,59)
(33,60)
(34,20)
(34,21)
(34,22)
(34,23)
(34,24)
(34,25)
(34,26)
(34,31)
(34,32)
(34,33)
(34,45)
(34,46)
(34,47)
(34,57)
(34,58)
(34,59)
(34,60)
(35,23)
(35,24)
(35,25)
(35,26)
(35,31)
(35,32)
(35,33)
(35,45)
(35,46)
(35,47)
(35,48)
(35,58)
(35,59)
(35,60)
(36,31)
(36,32)
(36,33)
(36,46)
(36,47)
(36,48)
(36,58)
(36,59)
(36,60)
(36,70)
(36,71)
(37,31)
(37,32)
(37,33)
(37,46)
(37,47)
(37,48)
(37,49)
(37,70)
(37,71)
(38,7)
(38,8)
(38,9)
(38,10)
(38,11)
(38,31)
(38,32)
(38,33)
(38,47)
(38,48)
(38,49)
(38,70)
(38,71)
(39,7)
(39,8)
(39,9)
(39,10)
(39,11)
(39,12)
(39,13)
(39,39)
(39,40)
(39,47)
(39,48)
(39,49)
(40,7)
(40,8)
(40,9)
(40,10)
(40,11)
(40,12)
(40,13)
(40,39)
(40,40)
(40,47)
(40,48)
(40,49)
(41,7)
(41,8)
(41,9)
(41,10)
(41,11)
(41,12)
(41,13)
(42,7)
(42,8)
(42,9)
(43,7)
(43,8)
(43,9)
(43,55)
(43,56)
(43,57)
(44,7)
(44,8)
(44,9)
(44,53)
(44,54)
(44,55)
(44,56)
(44,57)
(45,6)
(45,7)
(45,8)
(45,9)
(45,23)
(45,24)
(45,25)
(45,53)
(45,54)
(45,55)
(45,56)
(45,57)
(46,6)
(46,7)
(46,8)
(46,9)
(46,23)
(46,24)
(46,25)
(46,53)
(46,54)
(46,55)
(47,6)
(47,7)
(47,8)
(47,23)
(47,24)
(47,25)
(48,6)
(48,7)
(48,8)
(48,14)
(48,15)
(48,23)
(48,24)
(48,25)
(49,6)
(49,7)
(49,8)
(49,12)
(49,13)
(49,14)
(49,15)
(49,23)
(49,24)
(49,25)
(49,71)
(49,72)
(50,6)
(50,7)
(50,8)
(50,12)
(50,13)
(50,14)
(50,23)
(50,24)
(50,25)
(50,71)
(50,72)
(51,6)
(51,7)
(51,8)
(51,22)
(51,23)
(51,24)
(51,25)
(51,39)
(51,40)
(51,41)
(51,42)
(51,71)
(51,72)
(52,5)
(52,6)
(52,7)
(52,8)
(52,22)
(52,23)
(52,24)
(52,39)
(52,40)
(52,41)
(52,42)
(52,43)
(52,44)
(52,71)
(52,72)
(53,5)
(53,6)
(53,7)
(53,8)
(53,22)
(53,23)
(53,24)
(53,38)
(53,39)
(53,40)
(53,41)
(53,42)
(53,43)
(53,44)
(53,45)
(53,46)
(53,71)
(53,72)
(54,5)
(54,6)
(54,7)
(54,22)
(54,23)
(54,24)
(54,38)
(54,39)
(54,40)
(54,41)
(54,42)
(54,43)
(54,44)
(54,45)
(54,46)
(54,47)
(54,48)
(54,71)
(54,72)
(55,5)
(55,6)
(55,7)
(55,22)
(55,23)
(55,24)
(55,38)
(55,39)
(55,40)
(55,43)
(55,44)
(55,45)
(55,46)
(55,47)
(55,48)
(55,49)
(55,50)
(55,71)
(55,72)
(56,5)
(56,6)
(56,7)
(56,22)
(56,23)
(56,24)
(56,38)
(56,39)
(56,40)
(56,45)
(56,46)
(56,47)
(56,48)
(56,49)
(56,50)
(56,51)
(56,52)
(57,5)
(57,6)
(57,7)
(57,21)
(57,22)
(57,23)
(57,24)
(57,38)
(57,39)
(57,40)
(57,47)
(57,48)
(57,49)
(57,50)
(57,51)
(57,52)
(57,53)
(57,54)
(58,5)
(58,6)
(58,7)
(58,21)
(58,22)
(58,23)
(58,31)
(58,32)
(58,37)
(58,38)
(58,39)
(58,40)
(58,49)
(58,50)
(58,51)
(58,52)
(58,53)
(58,54)
(58,55)
(58,56)
(59,4)
(59,5)
(59,6)
(59,7)
(59,21)
(59,22)
(59,23)
(59,31)
(59,32)
(59,37)
(59,38)
(59,39)
(59,40)
(59,51)
(59,52)
(59,53)
(59,54)
(59,55)
(59,56)
(59,57)
(59,58)
(60,4)
(60,5)
(60,6)
(60,7)
(60,21)
(60,22)
(60,23)
(60,31)
(60,32)
(60,37)
(60,38)
(60,39)
(60,53)
(60,54)
(60,55)
(60,56)
(60,57)
(60,58)
(60,59)
(60,60)
(60,69)
(60,70)
(60,71)
(61,4)
(61,5)
(61,6)
(61,21)
(61,22)
(61,23)
(61,31)
(61,32)
(61,37)
(61,38)
(61,39)
(61,55)
(61,56)
(61,57)
(61,58)
(61,59)
(61,60)
(61,61)
(61,69)
(61,70)
(61,71)
(61,72)
(62,4)
(62,5)
(62,6)
(62,20)
(62,21)
(62,22)
(62,23)
(62,37)
(62,38)
(62,39)
(62,57)
(62,58)
(62,59)
(62,60)
(62,61)
(62,62)
(62,69)
(62,70)
(62,71)
(62,72)
(63,4)
(63,5)
(63,6)
(63,20)
(63,21)
(63,22)
(63,36)
(63,37)
(63,38)
(63,39)
(63,49)
(63,50)
(63,51)
(63,52)
(63,59)
(63,60)
(63,61)
(63,62)
(63,63)
(63,70)
(63,71)
(63,72)
(64,4)
(64,5)
(64,6)
(64,20)
(64,21)
(64,22)
(64,36)
(64,37)
(64,38)
(64,39)
(64,49)
(64,50)
(64,51)
(64,52)
(64,53)
(64,60)
(64,61)
(64,62)
(64,63)
(64,64)
(65,4)
(65,5)
(65,6)
(65,20)
(65,21)
(65,22)
(65,36)
(65,37)
(65,38)
(65,49)
(65,50)
(65,51)
(65,52)
(65,53)
(65,54)
(65,55)
(65,61)
(65,62)
(65,63)
(65,64)
(65,65)
(66,4)
(66,5)
(66,6)
(66,7)
(66,20)
(66,21)
(66,22)
(66,36)
(66,37)
(66,38)
(66,51)
(66,52)
(66,53)
(66,54)
(66,55)
(66,56)
(66,57)
(66,62)
(66,63)
(66,64)
(66,65)
(66,66)
(67,4)
(67,5)
(67,6)
(67,7)
(67,8)
(67,9)
(67,20)
(67,21)
(67,22)
(67,36)
(67,37)
(67,38)
(67,39)
(67,40)
(67,41)
(67,42)
(67,43)
(67,44)
(67,53)
(67,54)
(67,55)
(67,56)
(67,57)
(67,63)
(67,64)
(67,65)
(67,66)
(67,67)
(68,4)
(68,5)
(68,6)
(68,7)
(68,8)
(68,9)
(68,10)
(68,11)
(68,19)
(68,20)
(68,21)
(68,22)
(68,36)
(68,37)
(68,38)
(68,39)
(68,40)
(68,41)
(68,42)
(68,43)
(68,44)
(68,54)
(68,55)
(68,56)
(68,57)
(68,64)
(68,65)
(68,66)
(68,67)
(68,68)
(69,6)
(69,7)
(69,8)
(69,9)
(69,10)
(69,11)
(69,12)
(69,13)
(69,19)
(69,20)
(69,21)
(69,36)
(69,37)
(69,38)
(69,39)
(69,40)
(69,41)
(69,42)
(69,43)
(69,44)
(69,65)
(69,66)
(69,67)
(69,68)
(69,69)
(70,8)
(70,9)
(70,10)
(70,11)
(70,12)
(70,13)
(70,19)
(70,20)
(70,21)
(70,66)
(70,67)
(70,68)
(70,69)
(70,70)
(71,10)
(71,11)
(71,12)
(71,13)
(71,19)
(71,20)
(71,21)
(71,22)
(71,23)
(71,61)
(71,62)
(71,67)
(71,68)
(71,69)
(71,70)
(71,71)
(72,19)
(72,20)
(72,21)
(72,22)
(72,23)
(72,24)
(72,61)
(72,62)
(72,68)
(72,69)
(72,70)
(72,71)
(72,72)
(73,19)
(73,20)
(73,21)
(73,22)
(73,23)
(73,24)
(73,25)
(73,26)
(73,69)
(73,70)
(73,71)
(73,72)
(74,19)
(74,20)
(74,21)
(74,22)
(74,23)
(74,24)
(74,25)
(74,26)
(74,27)
(74,28)
(74,70)
(74,71)
(74,72)
