75
(0,29)
(0,30)
(0,31)
(0,72)
(0,73)
(0,74)
(1,3)
(1,4)
(1,5)
(1,29)
(1,30)
(1,31)
(1,32)
(1,33)
(1,72)
(1,73)
(1,74)
(2,3)
(2,4)
(2,5)
(2,29)
(2,30)
(2,31)
(2,32)
(2,33)
(2,72)
(2,73)
(2,74)
(3,3)
(3,4)
(3,5)
(3,14)
(3,15)
(3,16)
(3,17)
(3,18)
(3,29)
(3,30)
(3,31)
(3,32)
(3,33)
(4,13)
(4,14)
(4,15)
(4,16)
(4,17)
(4,18)
(4,19)
(4,31)
(4,32)
(4,33)
(4,34)
(4,35)
(5,13)
(5,14)
(5,15)
(5,16)
(5,17)
(5,18)
(5,19)
(5,31)
(5,32)
(5,33)
(5,34)
(5,35)
(5,36)
(6,13)
(6,14)
(6,15)
(6,16)
(6,17)
(6,18)
(6,19)
(6,32)
(6,33)
(6,34)
(6,35)
(6,36)
(6,37)
(6,38)
(6,39)
(6,53)
(6,54)
(6,55)
(6,56)
(6,57)
(7,13)
(7,14)
(7,15)
(7,16)
(7,17)
(7,18)
(7,19)
(7,33)
(7,34)
(7,35)
(7,36)
(7,37)
(7,38)
(7,39)
(7,40)
(7,52)
(7,53)
(7,54)
(7,55)
(7,56)
(7,57)
(7,58)
(7,68)
(7,69)
(7,70)
(8,13)
(8,14)
(8,15)
(8,16)
(8,17)
(8,18)
(8,19)
(8,25)
(8,26)
(8,27)
(8,34)
(8,35)
(8,36)
(8,37)
(8,38)
(8,39)
(8,40)
(8,52)
(8,53)
(8,54)
(8,55)
(8,56)
(8,57)
(8,58)
(8,68)
(8,69)
(8,70)
(9,14)
(9,15)
(9,16)
(9,17)
(9,18)
(9,25)
(9,26)
(9,27)
(9,34)
(9,35)
(9,36)
(9,37)
(9,38)
(9,39)
(9,40)
(9,52)
(9,53)
(9,54)
(9,55)
(9,56)
(9,57)
(9,58)
(9,68)
(9,69)
(9,70)
(10,25)
(10,26)
(10,27)
(10,34)
(10,35)
(10,36)
(10,37)
(10,38)
(10,39)
(10,40)
(10,52)
(10,53)
(10,54)
(10,55)
(10,56)
(10,57)
(10,58)
(11,34)
(11,35)
(11,36)
(11,37)
(11,38)
(11,39)
(11,40)
(11,52)
(11,53)
(11,54)
(11,55)
(11,56)
(11,57)
(11,58)
(12,4)
(12,5)
(12,6)
(12,35)
(12,36)
(12,37)
(12,38)
(12,39)
(12,53)
(12,54)
(12,55)
(12,56)
(12,57)
(13,4)
(13,5)
(13,6)
(13,43)
(13,44)
(13,45)
(14,4)
(14,5)
(14,6)
(14,15)
(14,16)
(14,17)
(14,18)
(14,19)
(14,20)
(14,42)
(14,43)
(14,44)
(14,45)
(14,46)
(15,14)
(15,15)
(15,16)
(15,17)
(15,18)
(15,19)
(15,20)
(15,21)
(15,42)
(15,43)
(15,44)
(15,45)
(15,46)
(16,14)
(16,15)
(16,16)
(16,17)
(16,18)
(16,19)
(16,20)
(16,21)
(16,42)
(16,43)
(16,44)
(16,45)
(16,46)
(17,11)
(17,12)
(17,13)
(17,14)
(17,15)
(17,16)
(17,17)
(17,18)
(17,19)
(17,20)
(17,21)
(17,43)
(17,44)
(17,45)
(17,62)
(17,63)
(17,64)
(17,65)
(17,66)
(17,67)
(17,68)
(17,69)
(18,11)
(18,12)
(18,13)
(18,14)
(18,15)
(18,16)
(18,17)
(18,18)
(18,19)
(18,20)
(18,21)
(18,33)
(18,34)
(18,35)
(18,36)
(18,37)
(18,49)
(18,50)
(18,51)
(18,61)
(18,62)
(18,63)
(18,64)
(18,65)
(18,66)
(18,67)
(18,68)
(18,69)
(19,10)
(19,11)
(19,12)
(19,13)
(19,14)
(19,15)
(19,16)
(19,17)
(19,18)
(19,19)
(19,20)
(19,21)
(19,32)
(19,33)
(19,34)
(19,35)
(19,36)
(19,37)
(19,38)
(19,48)
(19,49)
(19,50)
(19,51)
(19,52)
(19,60)
(19,61)
(19,62)
(19,63)
(19,64)
(19,65)
(19,66)
(19,67)
(19,68)
(19,69)
(20,9)
(20,10)
(20,11)
(20,12)
(20,13)
(20,15)
(20,16)
(20,17)
(20,18)
(20,19)
(20,20)
(20,32)
(20,33)
(20,34)
(20,35)
(20,36)
(20,37)
(20,38)
(20,48)
(20,49)
(20,50)
(20,51)
(20,52)
(20,59)
(20,60)
(20,61)
(20,62)
(20,63)
(20,64)
(21,8)
(21,9)
(21,10)
(21,11)
(21,12)
(21,32)
(21,33)
(21,34)
(21,35)
(21,36)
(21,37)
(21,38)
(21,48)
(21,49)
(21,50)
(21,51)
(21,52)
(21,58)
(21,59)
(21,60)
(21,61)
(21,62)
(21,63)
(22,7)
(22,8)
(22,9)
(22,10)
(22,11)
(22,12)
(22,32)
(22,33)
(22,34)
(22,35)
(22,36)
(22,37)
(22,38)
(22,49)
(22,50)
(22,51)
(22,58)
(22,59)
(22,60)
(22,61)
(22,62)
(23,0)
(23,6)
(23,7)
(23,8)
(23,9)
(23,10)
(23,11)
(23,25)
(23,26)
(23,27)
(23,32)
(23,33)
(23,34)
(23,35)
(23,36)
(23,37)
(23,38)
(23,58)
(23,59)
(23,60)
(23,61)
(24,0)
(24,1)
(24,2)
(24,4)
(24,5)
(24,6)
(24,7)
(24,8)
(24,9)
(24,10)
(24,24)
(24,25)
(24,26)
(24,27)
(24,28)
(24,33)
(24,34)
(24,35)
(24,36)
(24,37)
(24,57)
(24,58)
(24,59)
(24,60)
(25,0)
(25,1)
(25,2)
(25,3)
(25,4)
(25,5)
(25,6)
(25,7)
(25,8)
(25,9)
(25,24)
(25,25)
(25,26)
(25,27)
(25,28)
(25,57)
(25,58)
(25,59)
(25,60)
(26,0)
(26,1)
(26,2)
(26,3)
(26,4)
(26,5)
(26,6)
(26,7)
(26,8)
(26,24)
(26,25)
(26,26)
(26,27)
(26,28)
(26,47)
(26,48)
(26,49)
(26,50)
(26,51)
(26,56)
(26,57)
(26,58)
(26,59)
(26,60)
(27,0)
(27,1)
(27,2)
(27,3)
(27,4)
(27,5)
(27,6)
(27,7)
(27,25)
(27,26)
(27,27)
(27,46)
(27,47)
(27,48)
(27,49)
(27,50)
(27,51)
(27,52)
(27,56)
(27,57)
(27,58)
(27,59)
(27,60)
(28,4)
(28,5)
(28,6)
(28,14)
(28,15)
(28,16)
(28,35)
(28,36)
(28,37)
(28,46)
(28,47)
(28,48)
(28,49)
(28,50)
(28,51)
(28,52)
(28,56)
(28,57)
(28,58)
(28,59)
(28,60)
(29,14)
(29,15)
(29,16)
(29,35)
(29,36)
(29,37)
(29,46)
(29,47)
(29,48)
(29,49)
(29,50)
(29,51)
(29,52)
(29,57)
(29,58)
(29,59)
(30,14)
(30,15)
(30,16)
(30,35)
(30,36)
(30,37)
(30,46)
(30,47)
(30,48)
(30,49)
(30,50)
(30,51)
(30,52)
(31,46)
(31,47)
(31,48)
(31,49)
(31,50)
(31,51)
(31,52)
(32,24)
(32,25)
(32,26)
(32,27)
(32,28)
(32,47)
(32,48)
(32,49)
(32,50)
(32,51)
(32,62)
(32,63)
(32,64)
(32,65)
(32,66)
(33,23)
(33,24)
(33,25)
(33,26)
(33,27)
(33,28)
(33,29)
(33,61)
(33,62)
(33,63)
(33,64)
(33,65)
(33,66)
(33,67)
(34,23)
(34,24)
(34,25)
(34,26)
(34,27)
(34,28)
(34,29)
(34,37)
(34,38)
(34,39)
(34,61)
(34,62)
(34,63)
(34,64)
(34,65)
(34,66)
(34,67)
(35,23)
(35,24)
(35,25)
(35,26)
(35,27)
(35,28)
(35,29)
(35,36)
(35,37)
(35,38)
(35,39)
(35,40)
(35,61)
(35,62)
(35,63)
(35,64)
(35,65)
(35,66)
(35,67)
(36,23)
(36,24)
(36,25)
(36,26)
(36,27)
(36,28)
(36,29)
(36,36)
(36,37)
(36,38)
(36,39)
(36,40)
(36,61)
(36,62)
(36,63)
(36,64)
(36,65)
(36,66)
(36,67)
(37,23)
(37,24)
(37,25)
(37,26)
(37,27)
(37,28)
(37,29)
(37,36)
(37,37)
(37,38)
(37,39)
(37,40)
(37,61)
(37,62)
(37,63)
(37,64)
(37,65)
(37,66)
(37,67)
(38,24)
(38,25)
(38,26)
(38,27)
(38,28)
(38,37)
(38,38)
(38,39)
(38,48)
(38,49)
(38,50)
(38,51)
(38,52)
(38,62)
(38,63)
(38,64)
(38,65)
(38,66)
(39,47)
(39,48)
(39,49)
(39,50)
(39,51)
(39,52)
(39,53)
(40,13)
(40,14)
(40,15)
(40,16)
(40,17)
(40,47)
(40,48)
(40,49)
(40,50)
(40,51)
(40,52)
(40,53)
(41,12)
(41,13)
(41,14)
(41,15)
(41,16)
(41,17)
(41,18)
(41,47)
(41,48)
(41,49)
(41,50)
(41,51)
(41,52)
(41,53)
(42,12)
(42,13)
(42,14)
(42,15)
(42,16)
(42,17)
(42,18)
(42,31)
(42,32)
(42,33)
(42,47)
(42,48)
(42,49)
(42,50)
(42,51)
(42,52)
(42,53)
(43,12)
(43,13)
(43,14)
(43,15)
(43,16)
(43,17)
(43,18)
(43,31)
(43,32)
(43,33)
(43,47)
(43,48)
(43,49)
(43,50)
(43,51)
(43,52)
(43,53)
(44,12)
(44,13)
(44,14)
(44,15)
(44,16)
(44,17)
(44,18)
(44,31)
(44,32)
(44,33)
(44,37)
(44,38)
(44,39)
(44,40)
(44,41)
(44,48)
(44,49)
(44,50)
(44,51)
(44,52)
(45,12)
(45,13)
(45,14)
(45,15)
(45,16)
(45,17)
(45,18)
(45,36)
(45,37)
(45,38)
(45,39)
(45,40)
(45,41)
(45,42)
(45,57)
(45,58)
(45,59)
(46,13)
(46,14)
(46,15)
(46,16)
(46,17)
(46,28)
(46,29)
(46,30)
(46,36)
(46,37)
(46,38)
(46,39)
(46,40)
(46,41)
(46,42)
(46,56)
(46,57)
(46,58)
(46,59)
(46,60)
(47,3)
(47,4)
(47,5)
(47,28)
(47,29)
(47,30)
(47,36)
(47,37)
(47,38)
(47,39)
(47,40)
(47,41)
(47,42)
(47,56)
(47,57)
(47,58)
(47,59)
(47,60)
(48,3)
(48,4)
(48,5)
(48,28)
(48,29)
(48,30)
(48,36)
(48,37)
(48,38)
(48,39)
(48,40)
(48,41)
(48,42)
(48,56)
(48,57)
(48,58)
(48,59)
(48,60)
(49,3)
(49,4)
(49,5)
(49,36)
(49,37)
(49,38)
(49,39)
(49,40)
(49,41)
(49,42)
(49,57)
(49,58)
(49,59)
(49,67)
(49,68)
(49,69)
(50,37)
(50,38)
(50,39)
(50,40)
(50,41)
(50,67)
(50,68)
(50,69)
(51,67)
(51,68)
(51,69)
(52,22)
(52,23)
(52,24)
(52,25)
(52,26)
(53,21)
(53,22)
(53,23)
(53,24)
(53,25)
(53,26)
(53,27)
(54,21)
(54,22)
(54,23)
(54,24)
(54,25)
(54,26)
(54,27)
(54,52)
(54,53)
(54,54)
(55,21)
(55,22)
(55,23)
(55,24)
(55,25)
(55,26)
(55,27)
(55,51)
(55,52)
(55,53)
(55,54)
(55,55)
(56,21)
(56,22)
(56,23)
(56,24)
(56,25)
(56,26)
(56,27)
(56,36)
(56,37)
(56,38)
(56,51)
(56,52)
(56,53)
(56,54)
(56,55)
(56,58)
(56,59)
(56,60)
(56,61)
(56,62)
(57,10)
(57,11)
(57,12)
(57,21)
(57,22)
(57,23)
(57,24)
(57,25)
(57,26)
(57,27)
(57,35)
(57,36)
(57,37)
(57,38)
(57,39)
(57,51)
(57,52)
(57,53)
(57,54)
(57,55)
(57,57)
(57,58)
(57,59)
(57,60)
(57,61)
(57,62)
(57,63)
(58,9)
(58,10)
(58,11)
(58,12)
(58,13)
(58,22)
(58,23)
(58,24)
(58,25)
(58,26)
(58,35)
(58,36)
(58,37)
(58,38)
(58,39)
(58,52)
(58,53)
(58,54)
(58,57)
(58,58)
(58,59)
(58,60)
(58,61)
(58,62)
(58,63)
(59,0)
(59,1)
(59,2)
(59,3)
(59,4)
(59,5)
(59,6)
(59,7)
(59,8)
(59,9)
(59,10)
(59,11)
(59,12)
(59,13)
(59,35)
(59,36)
(59,37)
(59,38)
(59,39)
(59,40)
(59,57)
(59,58)
(59,59)
(59,60)
(59,61)
(59,62)
(59,63)
(60,0)
(60,1)
(60,2)
(60,3)
(60,4)
(60,5)
(60,6)
(60,7)
(60,8)
(60,9)
(60,10)
(60,11)
(60,12)
(60,13)
(60,36)
(60,37)
(60,38)
(60,39)
(60,40)
(60,41)
(60,57)
(60,58)
(60,59)
(60,60)
(60,61)
(60,62)
(60,63)
(61,0)
(61,1)
(61,2)
(61,3)
(61,4)
(61,5)
(61,6)
(61,7)
(61,8)
(61,9)
(61,10)
(61,11)
(61,12)
(61,37)
(61,38)
(61,39)
(61,40)
(61,41)
(61,57)
(61,58)
(61,59)
(61,60)
(61,61)
(61,62)
(61,63)
(62,0)
(62,1)
(62,2)
(62,3)
(62,4)
(62,5)
(62,6)
(62,7)
(62,8)
(62,9)
(62,10)
(62,11)
(62,12)
(62,38)
(62,39)
(62,40)
(62,41)
(62,42)
(62,58)
(62,59)
(62,60)
(62,61)
(62,62)
(63,0)
(63,1)
(63,2)
(63,3)
(63,4)
(63,5)
(63,6)
(63,7)
(63,8)
(63,9)
(63,39)
(63,40)
(63,41)
(63,42)
(63,43)
(64,39)
(64,40)
(64,41)
(64,42)
(64,43)
(65,40)
(65,41)
(65,42)
(65,43)
(65,44)
(66,30)
(66,31)
(66,32)
(66,41)
(66,42)
(66,43)
(66,44)
(66,45)
(67,30)
(67,31)
(67,32)
(67,41)
(67,42)
(67,43)
(67,44)
(67,45)
(68,30)
(68,31)
(68,32)
(68,42)
(68,43)
(68,44)
(68,45)
(68,46)
(69,18)
(69,19)
(69,20)
(69,42)
(69,43)
(69,44)
(69,45)
(69,46)
(69,62)
(69,63)
(69,64)
(70,17)
(70,18)
(70,19)
(70,20)
(70,21)
(70,42)
(70,43)
(70,44)
(70,45)
(70,46)
(70,61)
(70,62)
(70,63)
(70,64)
(70,65)
(71,17)
(71,18)
(71,19)
(71,20)
(71,21)
(71,43)
(71,44)
(71,45)
(71,61)
(71,62)
(71,63)
(71,64)
(71,65)
(72,17)
(72,18)
(72,19)
(72,20)
(72,21)
(72,61)
(72,62)
(72,63)
(72,64)
(72,65)
(73,18)
(73,19)
(73,20)
(73,62)
(73,63)
(73,64)
