75
(0,30)
(0,31)
(0,32)
(0,33)
(0,34)
(0,35)
(0,36)
(0,37)
(0,38)
(0,39)
(0,40)
(0,41)
(0,42)
(0,43)
(1,30)
(1,31)
(1,32)
(1,33)
(1,34)
(1,35)
(1,36)
(1,37)
(1,38)
(1,39)
(1,40)
(1,41)
(1,42)
(1,43)
(2,30)
(2,31)
(2,32)
(2,33)
(2,34)
(2,35)
(2,36)
(2,37)
(2,38)
(2,39)
(2,40)
(2,41)
(2,42)
(2,43)
(3,30)
(3,31)
(3,32)
(3,33)
(3,34)
(3,35)
(3,36)
(3,37)
(3,38)
(3,39)
(3,40)
(3,41)
(3,42)
(3,43)
(4,30)
(4,31)
(4,32)
(4,33)
(4,34)
(4,35)
(4,36)
(4,37)
(4,38)
(4,39)
(4,40)
(4,41)
(4,42)
(4,43)
(5,30)
(5,31)
(5,32)
(5,33)
(5,34)
(5,35)
(5,36)
(5,37)
(5,38)
(5,39)
(5,40)
(5,41)
(5,42)
(5,43)
(9,30)
(9,31)
(9,32)
(9,33)
(9,34)
(9,35)
(9,36)
(9,37)
(9,38)
(9,39)
(9,40)
(9,41)
(9,42)
(9,43)
(10,30)
(10,31)
(10,32)
(10,33)
(10,34)
(10,35)
(10,36)
(10,37)
(10,38)
(10,39)
(10,40)
(10,41)
(10,42)
(10,43)
(11,30)
(11,31)
(11,32)
(11,33)
(11,34)
(11,35)
(11,36)
(11,37)
(11,38)
(11,39)
(11,40)
(11,41)
(11,42)
(11,43)
(12,30)
(12,31)
(12,32)
(12,33)
(12,34)
(12,35)
(12,36)
(12,37)
(12,38)
(12,39)
(12,40)
(12,41)
(12,42)
(12,43)
(13,30)
(13,31)
(13,32)
(13,33)
(13,34)
(13,35)
(13,36)
(13,37)
(13,38)
(13,39)
(13,40)
(13,41)
(13,42)
(13,43)
(14,30)
(14,31)
(14,32)
(14,33)
(14,34)
(14,35)
(14,36)
(14,37)
(14,38)
(14,39)
(14,40)
(14,41)
(14,42)
(14,43)
(15,30)
(15,31)
(15,32)
(15,33)
(15,34)
(15,35)
(15,36)
(15,37)
(15,38)
(15,39)
(15,40)
(15,41)
(15,42)
(15,43)
(16,30)
(16,31)
(16,32)
(16,33)
(16,34)
(16,35)
(16,36)
(16,37)
(16,38)
(16,39)
(16,40)
(16,41)
(16,42)
(16,43)
(17,30)
(17,31)
(17,32)
(17,33)
(17,34)
(17,35)
(17,36)
(17,37)
(17,38)
(17,39)
(17,40)
(17,41)
(17,42)
(17,43)
(18,30)
(18,31)
(18,32)
(18,33)
(18,34)
(18,35)
(18,36)
(18,37)
(18,38)
(18,39)
(18,40)
(18,41)
(18,42)
(18,43)
(19,30)
(19,31)
(19,32)
(19,33)
(19,34)
(19,35)
(19,36)
(19,37)
(19,38)
(19,39)
(19,40)
(19,41)
(19,42)
(19,43)
(22,30)
(22,31)
(22,32)
(22,33)
(22,34)
(22,35)
(22,36)
(22,37)
(22,38)
(22,39)
(22,40)
(22,41)
(22,42)
(22,43)
(23,30)
(23,31)
(23,32)
(23,33)
(23,34)
(23,35)
(23,36)
(23,37)
(23,38)
(23,39)
(23,40)
(23,41)
(23,42)
(23,43)
(24,30)
(24,31)
(24,32)
(24,33)
(24,34)
(24,35)
(24,36)
(24,37)
(24,38)
(24,39)
(24,40)
(24,41)
(24,42)
(24,43)
(25,30)
(25,31)
(25,32)
(25,33)
(25,34)
(25,35)
(25,36)
(25,37)
(25,38)
(25,39)
(25,40)
(25,41)
(25,42)
(25,43)
(26,30)
(26,31)
(26,32)
(26,33)
(26,34)
(26,35)
(26,36)
(26,37)
(26,38)
(26,39)
(26,40)
(26,41)
(26,42)
(26,43)
(27,30)
(27,31)
(27,32)
(27,33)
(27,34)
(27,35)
(27,36)
(27,37)
(27,38)
(27,39)
(27,40)
(27,41)
(27,42)
(27,43)
(28,30)
(28,31)
(28,32)
(28,33)
(28,34)
(28,35)
(28,36)
(28,37)
(28,38)
(28,39)
(28,40)
(28,41)
(28,42)
(28,43)
(29,30)
(29,31)
(29,32)
(29,33)
(29,34)
(29,35)
(29,36)
(29,37)
(29,38)
(29,39)
(29,40)
(29,41)
(29,42)
(29,43)
(30,30)
(30,31)
(30,32)
(30,33)
(30,34)
(30,35)
(30,36)
(30,37)
(30,38)
(30,39)
(30,40)
(30,41)
(30,42)
(30,43)
(31,30)
(31,31)
(31,32)
(31,33)
(31,34)
(31,35)
(31,36)
(31,37)
(31,38)
(31,39)
(31,40)
(31,41)
(31,42)
(31,43)
(32,30)
(32,31)
(32,32)
(32,33)
(32,34)
(32,35)
(32,36)
(32,37)
(32,38)
(32,39)
(32,40)
(32,41)
(32,42)
(32,43)
(34,30)
(34,31)
(34,32)
(34,33)
(34,34)
(34,35)
(34,36)
(34,37)
(34,38)
(34,39)
(34,40)
(34,41)
(34,42)
(34,43)
(35,30)
(35,31)
(35,32)
(35,33)
(35,34)
(35,35)
(35,36)
(35,37)
(35,38)
(35,39)
(35,40)
(35,41)
(35,42)
(35,43)
(36,30)
(36,31)
(36,32)
(36,33)
(36,34)
(36,35)
(36,36)
(36,37)
(36,38)
(36,39)
(36,40)
(36,41)
(36,42)
(36,43)
(37,30)
(37,31)
(37,32)
(37,33)
(37,34)
(37,35)
(37,36)
(37,37)
(37,38)
(37,39)
(37,40)
(37,41)
(37,42)
(37,43)
(38,30)
(38,31)
(38,32)
(38,33)
(38,34)
(38,35)
(38,36)
(38,37)
(38,38)
(38,39)
(38,40)
(38,41)
(38,42)
(38,43)
(39,30)
(39,31)
(39,32)
(39,33)
(39,34)
(39,35)
(39,36)
(39,37)
(39,38)
(39,39)
(39,40)
(39,41)
(39,42)
(39,43)
(40,30)
(40,31)
(40,32)
(40,33)
(40,34)
(40,35)
(40,36)
(40,37)
(40,38)
(40,39)
(40,40)
(40,41)
(40,42)
(40,43)
(41,30)
(41,31)
(41,32)
(41,33)
(41,34)
(41,35)
(41,36)
(41,37)
(41,38)
(41,39)
(41,40)
(41,41)
(41,42)
(41,43)
(42,30)
(42,31)
(42,32)
(42,33)
(42,34)
(42,35)
(42,36)
(42,37)
(42,38)
(42,39)
(42,40)
(42,41)
(42,42)
(42,43)
(43,30)
(43,31)
(43,32)
(43,33)
(43,34)
(43,35)
(43,36)
(43,37)
(43,38)
(43,39)
(43,40)
(43,41)
(43,42)
(43,43)
(49,30)
(49,31)
(49,32)
(49,33)
(49,34)
(49,35)
(49,36)
(49,37)
(49,38)
(49,39)
(49,40)
(49,41)
(49,42)
(49,43)
(50,30)
(50,31)
(50,32)
(50,33)
(50,34)
(50,35)
(50,36)
(50,37)
(50,38)
(50,39)
(50,40)
(50,41)
(50,42)
(50,43)
(51,30)
(51,31)
(51,32)
(51,33)
(51,34)
(51,35)
(51,36)
(51,37)
(51,38)
(51,39)
(51,40)
(51,41)
(51,42)
(51,43)
(52,30)
(52,31)
(52,32)
(52,33)
(52,34)
(52,35)
(52,36)
(52,37)
(52,38)
(52,39)
(52,40)
(52,41)
(52,42)
(52,43)
(53,30)
(53,31)
(53,32)
(53,33)
(53,34)
(53,35)
(53,36)
(53,37)
(53,38)
(53,39)
(53,40)
(53,41)
(53,42)
(53,43)
(54,30)
(54,31)
(54,32)
(54,33)
(54,34)
(54,35)
(54,36)
(54,37)
(54,38)
(54,39)
(54,40)
(54,41)
(54,42)
(54,43)
(55,30)
(55,31)
(55,32)
(55,33)
(55,34)
(55,35)
(55,36)
(55,37)
(55,38)
(55,39)
(55,40)
(55,41)
(55,42)
(55,43)
(56,30)
(56,31)
(56,32)
(56,33)
(56,34)
(56,35)
(56,36)
(56,37)
(56,38)
(56,39)
(56,40)
(56,41)
(56,42)
(56,43)
(57,30)
(57,31)
(57,32)
(57,33)
(57,34)
(57,35)
(57,36)
(57,37)
(57,38)
(57,39)
(57,40)
(57,41)
(57,42)
(57,43)
(58,30)
(58,31)
(58,32)
(58,33)
(58,34)
(58,35)
(58,36)
(58,37)
(58,38)
(58,39)
(58,40)
(58,41)
(58,42)
(58,43)
(59,30)
(59,31)
(59,32)
(59,33)
(59,34)
(59,35)
(59,36)
(59,37)
(59,38)
(59,39)
(59,40)
(59,41)
(59,42)
(59,43)
(64,30)
(64,31)
(64,32)
(64,33)
(64,34)
(64,35)
(64,36)
(64,37)
(64,38)
(64,39)
(64,40)
(64,41)
(64,42)
(64,43)
(65,30)
(65,31)
(65,32)
(65,33)
(65,34)
(65,35)
(65,36)
(65,37)
(65,38)
(65,39)
(65,40)
(65,41)
(65,42)
(65,43)
(66,30)
(66,31)
(66,32)
(66,33)
(66,34)
(66,35)
(66,36)
(66,37)
(66,38)
(66,39)
(66,40)
(66,41)
(66,42)
(66,43)
(67,30)
(67,31)
(67,32)
(67,33)
(67,34)
(67,35)
(67,36)
(67,37)
(67,38)
(67,39)
(67,40)
(67,41)
(67,42)
(67,43)
(68,30)
(68,31)
(68,32)
(68,33)
(68,34)
(68,35)
(68,36)
(68,37)
(68,38)
(68,39)
(68,40)
(68,41)
(68,42)
(68,43)
(69,30)
(69,31)
(69,32)
(69,33)
(69,34)
(69,35)
(69,36)
(69,37)
(69,38)
(69,39)
(69,40)
(69,41)
(69,42)
(69,43)
(70,30)
(70,31)
(70,32)
(70,33)
(70,34)
(70,35)
(70,36)
(70,37)
(70,38)
(70,39)
(70,40)
(70,41)
(70,42)
(70,43)
(71,30)
(71,31)
(71,32)
(71,33)
(71,34)
(71,35)
(71,36)
(71,37)
(71,38)
(71,39)
(71,40)
(71,41)
(71,42)
(71,43)
(72,30)
(72,31)
(72,32)
(72,33)
(72,34)
(72,35)
(72,36)
(72,37)
(72,38)
(72,39)
(72,40)
(72,41)
(72,42)
(72,43)
(73,30)
(73,31)
(73,32)
(73,33)
(73,34)
(73,35)
(73,36)
(73,37)
(73,38)
(73,39)
(73,40)
(73,41)
(73,42)
(73,43)
(74,30)
(74,31)
(74,32)
(74,33)
(74,34)
(74,35)
(74,36)
(74,37)
(74,38)
(74,39)
(74,40)
(74,41)
(74,42)
(74,43)
