75
(0,19)
(0,20)
(0,21)
(0,22)
(0,23)
(0,47)
(0,48)
(0,49)
(0,50)
(0,51)
(0,67)
(0,68)
(0,69)
(0,70)
(0,71)
(0,72)
(1,19)
(1,20)
(1,21)
(1,22)
(1,23)
(1,47)
(1,48)
(1,49)
(1,50)
(1,51)
(1,67)
(1,68)
(1,69)
(1,70)
(1,71)
(1,72)
(2,19)
(2,20)
(2,21)
(2,22)
(2,23)
(2,47)
(2,48)
(2,49)
(2,50)
(2,51)
(2,67)
(2,68)
(2,69)
(2,70)
(2,71)
(2,72)
(3,19)
(3,20)
(3,21)
(3,22)
(3,23)
(3,47)
(3,48)
(3,49)
(3,50)
(3,51)
(9,11)
(9,12)
(9,13)
(9,14)
(9,15)
(9,16)
(9,17)
(9,18)
(9,19)
(9,20)
(9,21)
(9,22)
(9,23)
(9,24)
(9,25)
(9,26)
(9,27)
(9,33)
(9,34)
(9,35)
(9,36)
(9,37)
(9,38)
(9,39)
(9,40)
(9,41)
(9,42)
(9,43)
(9,44)
(9,48)
(9,49)
(9,50)
(9,51)
(9,52)
(9,53)
(9,54)
(9,64)
(9,65)
(9,66)
(9,67)
(9,68)
(9,69)
(9,70)
(9,71)
(10,11)
(10,12)
(10,13)
(10,14)
(10,15)
(10,16)
(10,17)
(10,18)
(10,19)
(10,20)
(10,21)
(10,22)
(10,23)
(10,24)
(10,25)
(10,26)
(10,27)
(10,33)
(10,34)
(10,35)
(10,36)
(10,37)
(10,38)
(10,39)
(10,40)
(10,41)
(10,42)
(10,43)
(10,44)
(10,48)
(10,49)
(10,50)
(10,51)
(10,52)
(10,53)
(10,54)
(10,64)
(10,65)
(10,66)
(10,67)
(10,68)
(10,69)
(10,70)
(10,71)
(11,11)
(11,12)
(11,13)
(11,14)
(11,15)
(11,16)
(11,17)
(11,18)
(11,19)
(11,20)
(11,21)
(11,22)
(11,23)
(11,24)
(11,25)
(11,26)
(11,27)
(11,33)
(11,34)
(11,35)
(11,36)
(11,37)
(11,38)
(11,39)
(11,40)
(11,41)
(11,42)
(11,43)
(11,44)
(11,48)
(11,49)
(11,50)
(11,51)
(11,52)
(11,53)
(11,54)
(11,64)
(11,65)
(11,66)
(11,67)
(11,68)
(11,69)
(11,70)
(11,71)
(12,33)
(12,34)
(12,35)
(12,36)
(12,37)
(13,33)
(13,34)
(13,35)
(13,36)
(13,37)
(14,33)
(14,34)
(14,35)
(14,36)
(14,37)
(15,0)
(15,1)
(15,2)
(15,3)
(15,4)
(15,5)
(15,6)
(15,7)
(15,8)
(15,9)
(15,10)
(15,11)
(15,12)
(15,13)
(15,14)
(15,33)
(15,34)
(15,35)
(15,36)
(15,37)
(16,0)
(16,1)
(16,2)
(16,3)
(16,4)
(16,5)
(16,6)
(16,7)
(16,8)
(16,9)
(16,10)
(16,11)
(16,12)
(16,13)
(16,14)
(16,27)
(16,28)
(16,29)
(16,30)
(16,31)
(16,32)
(16,33)
(16,34)
(16,35)
(16,36)
(16,37)
(16,38)
(16,39)
(16,40)
(16,41)
(16,42)
(16,47)
(16,48)
(16,49)
(16,50)
(16,51)
(16,52)
(16,53)
(16,54)
(16,55)
(16,56)
(16,57)
(16,58)
(16,59)
(17,0)
(17,1)
(17,2)
(17,3)
(17,4)
(17,5)
(17,6)
(17,7)
(17,8)
(17,9)
(17,10)
(17,11)
(17,12)
(17,13)
(17,14)
(17,27)
(17,28)
(17,29)
(17,30)
(17,31)
(17,32)
(17,33)
(17,34)
(17,35)
(17,36)
(17,37)
(17,38)
(17,39)
(17,40)
(17,41)
(17,42)
(17,47)
(17,48)
(17,49)
(17,50)
(17,51)
(17,52)
(17,53)
(17,54)
(17,55)
(17,56)
(17,57)
(17,58)
(17,59)
(18,27)
(18,28)
(18,29)
(18,30)
(18,31)
(18,32)
(18,33)
(18,34)
(18,35)
(18,36)
(18,37)
(18,38)
(18,39)
(18,40)
(18,41)
(18,42)
(18,47)
(18,48)
(18,49)
(18,50)
(18,51)
(18,52)
(18,53)
(18,54)
(18,55)
(18,56)
(18,57)
(18,58)
(18,59)
(19,27)
(19,28)
(19,29)
(19,30)
(19,31)
(19,32)
(19,33)
(19,34)
(19,35)
(19,36)
(19,37)
(19,38)
(19,39)
(19,40)
(19,41)
(19,42)
(19,47)
(19,48)
(19,49)
(19,50)
(19,51)
(19,52)
(19,53)
(19,54)
(19,55)
(19,56)
(19,57)
(19,58)
(19,59)
(20,47)
(20,48)
(20,49)
(20,50)
(20,51)
(20,52)
(20,53)
(20,54)
(20,55)
(20,56)
(20,57)
(20,58)
(20,59)
(23,64)
(23,65)
(23,66)
(23,67)
(23,68)
(23,69)
(23,70)
(23,71)
(23,72)
(23,73)
(23,74)
(24,64)
(24,65)
(24,66)
(24,67)
(24,68)
(24,69)
(24,70)
(24,71)
(24,72)
(24,73)
(24,74)
(25,7)
(25,8)
(25,9)
(25,10)
(25,11)
(25,12)
(25,13)
(25,14)
(25,15)
(25,16)
(25,17)
(25,28)
(25,29)
(25,30)
(25,31)
(25,32)
(25,43)
(25,44)
(25,45)
(25,46)
(25,47)
(25,48)
(25,49)
(25,50)
(25,51)
(25,52)
(25,53)
(25,54)
(25,55)
(25,56)
(25,64)
(25,65)
(25,66)
(25,67)
(25,68)
(25,69)
(25,70)
(25,71)
(25,72)
(25,73)
(25,74)
(26,7)
(26,8)
(26,9)
(26,10)
(26,11)
(26,12)
(26,13)
(26,14)
(26,15)
(26,16)
(26,17)
(26,28)
(26,29)
(26,30)
(26,31)
(26,32)
(26,43)
(26,44)
(26,45)
(26,46)
(26,47)
(26,48)
(26,49)
(26,50)
(26,51)
(26,52)
(26,53)
(26,54)
(26,55)
(26,56)
(27,7)
(27,8)
(27,9)
(27,10)
(27,11)
(27,12)
(27,13)
(27,14)
(27,15)
(27,16)
(27,17)
(27,28)
(27,29)
(27,30)
(27,31)
(27,32)
(27,43)
(27,44)
(27,45)
(27,46)
(27,47)
(27,48)
(27,49)
(27,50)
(27,51)
(27,52)
(27,53)
(27,54)
(27,55)
(27,56)
(31,56)
(31,57)
(31,58)
(31,59)
(31,60)
(31,61)
(31,62)
(31,63)
(31,64)
(32,34)
(32,35)
(32,36)
(32,37)
(32,38)
(32,39)
(32,40)
(32,41)
(32,42)
(32,43)
(32,44)
(32,45)
(32,46)
(32,47)
(32,48)
(32,56)
(32,57)
(32,58)
(32,59)
(32,60)
(32,61)
(32,62)
(32,63)
(32,64)
(33,34)
(33,35)
(33,36)
(33,37)
(33,38)
(33,39)
(33,40)
(33,41)
(33,42)
(33,43)
(33,44)
(33,45)
(33,46)
(33,47)
(33,48)
(33,56)
(33,57)
(33,58)
(33,59)
(33,60)
(33,61)
(33,62)
(33,63)
(33,64)
(34,34)
(34,35)
(34,36)
(34,37)
(34,38)
(34,39)
(34,40)
(34,41)
(34,42)
(34,43)
(34,44)
(34,45)
(34,46)
(34,47)
(34,48)
(35,5)
(35,6)
(35,7)
(35,8)
(35,9)
(35,10)
(35,11)
(35,12)
(35,13)
(35,14)
(35,15)
(35,16)
(35,17)
(35,18)
(35,19)
(35,20)
(35,21)
(35,22)
(35,23)
(35,24)
(35,25)
(35,26)
(35,34)
(35,35)
(35,36)
(35,37)
(35,38)
(35,39)
(35,40)
(35,41)
(35,42)
(35,43)
(35,44)
(35,45)
(35,46)
(35,47)
(35,48)
(35,69)
(35,70)
(35,71)
(35,72)
(35,73)
(35,74)
(36,5)
(36,6)
(36,7)
(36,8)
(36,9)
(36,10)
(36,11)
(36,12)
(36,13)
(36,14)
(36,15)
(36,16)
(36,17)
(36,18)
(36,19)
(36,20)
(36,21)
(36,22)
(36,23)
(36,24)
(36,25)
(36,26)
(36,34)
(36,35)
(36,36)
(36,37)
(36,38)
(36,39)
(36,40)
(36,41)
(36,42)
(36,43)
(36,44)
(36,45)
(36,46)
(36,47)
(36,48)
(36,69)
(36,70)
(36,71)
(36,72)
(36,73)
(36,74)
(37,5)
(37,6)
(37,7)
(37,8)
(37,9)
(37,10)
(37,11)
(37,12)
(37,13)
(37,14)
(37,15)
(37,16)
(37,17)
(37,18)
(37,19)
(37,20)
(37,21)
(37,22)
(37,23)
(37,24)
(37,25)
(37,26)
(37,69)
(37,70)
(37,71)
(37,72)
(37,73)
(37,74)
(38,69)
(38,70)
(38,71)
(38,72)
(38,73)
(38,74)
(42,55)
(42,56)
(42,57)
(42,58)
(42,59)
(42,60)
(42,61)
(42,62)
(42,63)
(42,64)
(42,65)
(42,66)
(42,67)
(42,68)
(42,69)
(42,70)
(42,71)
(42,72)
(42,73)
(42,74)
(43,3)
(43,4)
(43,5)
(43,6)
(43,7)
(43,8)
(43,9)
(43,10)
(43,29)
(43,30)
(43,31)
(43,32)
(43,33)
(43,34)
(43,35)
(43,36)
(43,37)
(43,38)
(43,39)
(43,40)
(43,41)
(43,42)
(43,43)
(43,44)
(43,45)
(43,55)
(43,56)
(43,57)
(43,58)
(43,59)
(43,60)
(43,61)
(43,62)
(43,63)
(43,64)
(43,65)
(43,66)
(43,67)
(43,68)
(43,69)
(43,70)
(43,71)
(43,72)
(43,73)
(43,74)
(44,3)
(44,4)
(44,5)
(44,6)
(44,7)
(44,8)
(44,9)
(44,10)
(44,29)
(44,30)
(44,31)
(44,32)
(44,33)
(44,34)
(44,35)
(44,36)
(44,37)
(44,38)
(44,39)
(44,40)
(44,41)
(44,42)
(44,43)
(44,44)
(44,45)
(44,55)
(44,56)
(44,57)
(44,58)
(44,59)
(44,60)
(44,61)
(44,62)
(44,63)
(44,64)
(44,65)
(44,66)
(44,67)
(44,68)
(44,69)
(44,70)
(44,71)
(44,72)
(44,73)
(44,74)
(45,3)
(45,4)
(45,5)
(45,6)
(45,7)
(45,8)
(45,9)
(45,10)
(45,29)
(45,30)
(45,31)
(45,32)
(45,33)
(45,34)
(45,35)
(45,36)
(45,37)
(45,38)
(45,39)
(45,40)
(45,41)
(45,42)
(45,43)
(45,44)
(45,45)
(46,50)
(46,51)
(46,52)
(46,53)
(46,54)
(46,55)
(46,56)
(46,57)
(46,58)
(46,59)
(46,60)
(46,61)
(46,62)
(46,63)
(47,50)
(47,51)
(47,52)
(47,53)
(47,54)
(47,55)
(47,56)
(47,57)
(47,58)
(47,59)
(47,60)
(47,61)
(47,62)
(47,63)
(48,13)
(48,14)
(48,15)
(48,16)
(48,17)
(48,18)
(48,19)
(48,20)
(48,21)
(48,22)
(48,38)
(48,39)
(48,40)
(48,41)
(48,42)
(48,43)
(48,50)
(48,51)
(48,52)
(48,53)
(48,54)
(48,55)
(48,56)
(48,57)
(48,58)
(48,59)
(48,60)
(48,61)
(48,62)
(48,63)
(49,13)
(49,14)
(49,15)
(49,16)
(49,17)
(49,18)
(49,19)
(49,20)
(49,21)
(49,22)
(49,38)
(49,39)
(49,40)
(49,41)
(49,42)
(49,43)
(49,50)
(49,51)
(49,52)
(49,53)
(49,54)
(49,55)
(49,56)
(49,57)
(49,58)
(49,59)
(49,60)
(49,61)
(49,62)
(49,63)
(50,13)
(50,14)
(50,15)
(50,16)
(50,17)
(50,18)
(50,19)
(50,20)
(50,21)
(50,22)
(50,38)
(50,39)
(50,40)
(50,41)
(50,42)
(50,43)
(51,13)
(51,14)
(51,15)
(51,16)
(51,17)
(51,18)
(51,19)
(51,20)
(51,21)
(51,22)
(51,23)
(51,24)
(51,25)
(51,26)
(51,27)
(51,38)
(51,39)
(51,40)
(51,41)
(51,42)
(51,43)
(52,13)
(52,14)
(52,15)
(52,16)
(52,17)
(52,18)
(52,19)
(52,20)
(52,21)
(52,22)
(52,23)
(52,24)
(52,25)
(52,26)
(52,27)
(53,13)
(53,14)
(53,15)
(53,16)
(53,17)
(53,18)
(53,19)
(53,20)
(53,21)
(53,22)
(53,23)
(53,24)
(53,25)
(53,26)
(53,27)
(54,13)
(54,14)
(54,15)
(54,16)
(54,17)
(54,18)
(54,19)
(54,20)
(54,21)
(54,22)
(54,23)
(54,24)
(54,25)
(54,26)
(54,27)
(54,36)
(54,37)
(54,38)
(54,39)
(54,40)
(54,41)
(54,42)
(54,52)
(54,53)
(54,54)
(54,55)
(54,56)
(54,57)
(54,58)
(54,59)
(54,60)
(54,61)
(54,62)
(54,63)
(54,64)
(54,65)
(54,66)
(54,67)
(54,68)
(54,69)
(54,70)
(54,71)
(54,72)
(54,73)
(54,74)
(55,36)
(55,37)
(55,38)
(55,39)
(55,40)
(55,41)
(55,42)
(55,52)
(55,53)
(55,54)
(55,55)
(55,56)
(55,57)
(55,58)
(55,59)
(55,60)
(55,61)
(55,62)
(55,63)
(55,64)
(55,65)
(55,66)
(55,67)
(55,68)
(55,69)
(55,70)
(55,71)
(55,72)
(55,73)
(55,74)
(56,36)
(56,37)
(56,38)
(56,39)
(56,40)
(56,41)
(56,42)
(56,52)
(56,53)
(56,54)
(56,55)
(56,56)
(56,57)
(56,58)
(56,59)
(56,60)
(56,61)
(56,62)
(56,63)
(56,64)
(56,65)
(56,66)
(56,67)
(56,68)
(56,69)
(56,70)
(56,71)
(56,72)
(56,73)
(56,74)
(57,36)
(57,37)
(57,38)
(57,39)
(57,40)
(57,41)
(57,42)
(58,4)
(58,5)
(58,6)
(58,7)
(58,8)
(58,9)
(58,10)
(58,11)
(58,12)
(58,13)
(59,4)
(59,5)
(59,6)
(59,7)
(59,8)
(59,9)
(59,10)
(59,11)
(59,12)
(59,13)
(60,4)
(60,5)
(60,6)
(60,7)
(60,8)
(60,9)
(60,10)
(60,11)
(60,12)
(60,13)
(62,27)
(62,28)
(62,29)
(62,30)
(62,31)
(62,32)
(62,33)
(62,34)
(62,35)
(62,36)
(62,37)
(62,38)
(62,39)
(62,40)
(62,41)
(62,42)
(62,43)
(62,44)
(62,45)
(62,46)
(62,47)
(62,48)
(63,27)
(63,28)
(63,29)
(63,30)
(63,31)
(63,32)
(63,33)
(63,34)
(63,35)
(63,36)
(63,37)
(63,38)
(63,39)
(63,40)
(63,41)
(63,42)
(63,43)
(63,44)
(63,45)
(63,46)
(63,47)
(63,48)
(64,27)
(64,28)
(64,29)
(64,30)
(64,31)
(64,32)
(64,33)
(64,34)
(64,35)
(64,36)
(64,37)
(64,38)
(64,39)
(64,40)
(64,41)
(64,42)
(64,43)
(64,44)
(64,45)
(64,46)
(64,47)
(64,48)
(64,62)
(64,63)
(64,64)
(64,65)
(64,66)
(64,67)
(64,68)
(64,69)
(64,70)
(64,71)
(64,72)
(64,73)
(64,74)
(65,27)
(65,28)
(65,29)
(65,30)
(65,31)
(65,32)
(65,33)
(65,34)
(65,35)
(65,36)
(65,37)
(65,38)
(65,39)
(65,40)
(65,41)
(65,42)
(65,43)
(65,44)
(65,45)
(65,46)
(65,47)
(65,48)
(65,62)
(65,63)
(65,64)
(65,65)
(65,66)
(65,67)
(65,68)
(65,69)
(65,70)
(65,71)
(65,72)
(65,73)
(65,74)
(66,62)
(66,63)
(66,64)
(66,65)
(66,66)
(66,67)
(66,68)
(66,69)
(66,70)
(66,71)
(66,72)
(66,73)
(66,74)
(67,62)
(67,63)
(67,64)
(67,65)
(67,66)
(67,67)
(67,68)
(67,69)
(67,70)
(67,71)
(67,72)
(67,73)
(67,74)
(68,11)
(68,12)
(68,13)
(68,14)
(68,15)
(68,16)
(68,17)
(68,18)
(68,19)
(68,20)
(68,21)
(69,11)
(69,12)
(69,13)
(69,14)
(69,15)
(69,16)
(69,17)
(69,18)
(69,19)
(69,20)
(69,21)
(70,11)
(70,12)
(70,13)
(70,14)
(70,15)
(70,16)
(70,17)
(70,18)
(70,19)
(70,20)
(70,21)
(71,11)
(71,12)
(71,13)
(71,14)
(71,15)
(71,16)
(71,17)
(71,18)
(71,19)
(71,20)
(71,21)
(71,36)
(71,37)
(71,38)
(71,39)
(71,40)
(71,41)
(71,42)
(71,43)
(71,44)
(71,45)
(71,46)
(71,47)
(72,11)
(72,12)
(72,13)
(72,14)
(72,15)
(72,16)
(72,17)
(72,18)
(72,19)
(72,20)
(72,21)
(72,36)
(72,37)
(72,38)
(72,39)
(72,40)
(72,41)
(72,42)
(72,43)
(72,44)
(72,45)
(72,46)
(72,47)
(73,36)
(73,37)
(73,38)
(73,39)
(73,40)
(73,41)
(73,42)
(73,43)
(73,44)
(73,45)
(73,46)
(73,47)
(73,58)
(73,59)
(73,60)
(73,61)
(73,62)
(73,63)
(73,64)
(73,65)
(74,36)
(74,37)
(74,38)
(74,39)
(74,40)
(74,41)
(74,42)
(74,43)
(74,44)
(74,45)
(74,46)
(74,47)
(74,58)
(74,59)
(74,60)
(74,61)
(74,62)
(74,63)
(74,64)
(74,65)
