75
(0,30)
(0,31)
(0,32)
(0,33)
(0,34)
(0,35)
(0,36)
(0,37)
(0,38)
(0,39)
(0,40)
(0,41)
(0,42)
(0,43)
(0,44)
(0,45)
(0,46)
(0,47)
(0,48)
(0,49)
(0,50)
(1,30)
(1,31)
(1,32)
(1,33)
(1,34)
(1,35)
(1,36)
(1,37)
(1,38)
(1,39)
(1,40)
(1,41)
(1,42)
(1,43)
(1,44)
(1,45)
(1,46)
(1,47)
(1,48)
(1,49)
(1,50)
(2,30)
(2,31)
(2,32)
(2,33)
(2,34)
(2,35)
(2,36)
(2,37)
(2,38)
(2,39)
(2,40)
(2,41)
(2,42)
(2,43)
(2,44)
(2,45)
(2,46)
(2,47)
(2,48)
(2,49)
(2,50)
(3,30)
(3,31)
(3,32)
(3,33)
(3,34)
(3,35)
(3,36)
(3,37)
(3,38)
(3,39)
(3,40)
(3,41)
(3,42)
(3,43)
(3,44)
(3,45)
(3,46)
(3,47)
(3,48)
(3,49)
(3,50)
(4,30)
(4,31)
(4,32)
(4,33)
(4,34)
(4,35)
(4,36)
(4,37)
(4,38)
(4,39)
(4,40)
(4,41)
(4,42)
(4,43)
(4,44)
(4,45)
(4,46)
(4,47)
(4,48)
(4,49)
(4,50)
(5,30)
(5,31)
(5,32)
(5,33)
(5,34)
(5,35)
(5,36)
(5,37)
(5,38)
(5,39)
(5,40)
(5,41)
(5,42)
(5,43)
(5,44)
(5,45)
(5,46)
(5,47)
(5,48)
(5,49)
(5,50)
(6,30)
(6,31)
(6,32)
(6,33)
(6,34)
(6,35)
(6,36)
(6,37)
(6,38)
(6,39)
(6,40)
(6,41)
(6,42)
(6,43)
(6,44)
(6,45)
(6,46)
(6,47)
(6,48)
(6,49)
(6,50)
(7,30)
(7,31)
(7,32)
(7,33)
(7,34)
(7,35)
(7,36)
(7,37)
(7,38)
(7,39)
(7,40)
(7,41)
(7,42)
(7,43)
(7,44)
(7,45)
(7,46)
(7,47)
(7,48)
(7,49)
(7,50)
(8,30)
(8,31)
(8,32)
(8,33)
(8,34)
(8,35)
(8,36)
(8,37)
(8,38)
(8,39)
(8,40)
(8,41)
(8,42)
(8,43)
(8,44)
(8,45)
(8,46)
(8,47)
(8,48)
(8,49)
(8,50)
(9,30)
(9,31)
(9,32)
(9,33)
(9,34)
(9,35)
(9,36)
(9,37)
(9,38)
(9,39)
(9,40)
(9,41)
(9,42)
(9,43)
(9,44)
(9,45)
(9,46)
(9,47)
(9,48)
(9,49)
(9,50)
(13,35)
(13,36)
(13,37)
(13,38)
(13,39)
(13,40)
(13,41)
(13,42)
(14,35)
(14,36)
(14,37)
(14,38)
(14,39)
(14,40)
(14,41)
(14,42)
(15,35)
(15,36)
(15,37)
(15,38)
(15,39)
(15,40)
(15,41)
(15,42)
(15,48)
(15,49)
(15,50)
(15,51)
(15,52)
(15,53)
(15,54)
(15,55)
(15,56)
(15,57)
(15,58)
(15,59)
(15,60)
(15,62)
(15,63)
(15,64)
(15,65)
(15,66)
(15,67)
(15,68)
(15,69)
(15,70)
(15,71)
(15,72)
(15,73)
(15,74)
(16,35)
(16,36)
(16,37)
(16,38)
(16,39)
(16,40)
(16,41)
(16,42)
(16,48)
(16,49)
(16,50)
(16,51)
(16,52)
(16,53)
(16,54)
(16,55)
(16,56)
(16,57)
(16,58)
(16,59)
(16,60)
(16,62)
(16,63)
(16,64)
(16,65)
(16,66)
(16,67)
(16,68)
(16,69)
(16,70)
(16,71)
(16,72)
(16,73)
(16,74)
(17,0)
(17,1)
(17,2)
(17,3)
(17,4)
(17,6)
(17,7)
(17,8)
(17,9)
(17,10)
(17,11)
(17,12)
(17,15)
(17,16)
(17,17)
(17,18)
(17,19)
(17,20)
(17,21)
(17,27)
(17,28)
(17,29)
(17,30)
(17,31)
(17,32)
(17,33)
(17,34)
(17,35)
(17,36)
(17,37)
(17,38)
(17,39)
(17,40)
(17,41)
(17,42)
(17,48)
(17,49)
(17,50)
(17,51)
(17,52)
(17,53)
(17,54)
(17,55)
(17,56)
(17,57)
(17,58)
(17,59)
(17,60)
(17,62)
(17,63)
(17,64)
(17,65)
(17,66)
(17,67)
(17,68)
(17,69)
(17,70)
(17,71)
(17,72)
(17,73)
(17,74)
(18,0)
(18,1)
(18,2)
(18,3)
(18,4)
(18,5)
(18,6)
(18,7)
(18,8)
(18,9)
(18,10)
(18,11)
(18,12)
(18,15)
(18,16)
(18,17)
(18,18)
(18,19)
(18,20)
(18,21)
(18,27)
(18,28)
(18,29)
(18,30)
(18,31)
(18,32)
(18,33)
(18,34)
(18,35)
(18,36)
(18,37)
(18,38)
(18,39)
(18,40)
(18,41)
(18,42)
(18,48)
(18,49)
(18,50)
(18,51)
(18,52)
(18,53)
(18,54)
(18,55)
(18,56)
(18,57)
(18,58)
(18,59)
(18,60)
(18,62)
(18,63)
(18,64)
(18,65)
(18,66)
(18,67)
(18,68)
(18,69)
(18,70)
(18,71)
(18,72)
(18,73)
(18,74)
(19,0)
(19,1)
(19,2)
(19,3)
(19,4)
(19,5)
(19,6)
(19,7)
(19,8)
(19,9)
(19,10)
(19,11)
(19,12)
(19,13)
(19,14)
(19,15)
(19,16)
(19,17)
(19,18)
(19,19)
(19,20)
(19,21)
(19,27)
(19,28)
(19,29)
(19,30)
(19,31)
(19,32)
(19,33)
(19,34)
(19,35)
(19,36)
(19,37)
(19,38)
(19,39)
(19,40)
(19,41)
(19,42)
(19,48)
(19,49)
(19,50)
(19,51)
(19,52)
(19,53)
(19,54)
(19,55)
(19,56)
(19,57)
(19,58)
(19,59)
(19,60)
(19,62)
(19,63)
(19,64)
(19,65)
(19,66)
(19,67)
(19,68)
(19,69)
(19,70)
(19,71)
(19,72)
(19,73)
(19,74)
(20,0)
(20,1)
(20,2)
(20,3)
(20,4)
(20,5)
(20,6)
(20,7)
(20,8)
(20,9)
(20,10)
(20,11)
(20,12)
(20,13)
(20,14)
(20,15)
(20,16)
(20,17)
(20,18)
(20,19)
(20,20)
(20,21)
(20,27)
(20,28)
(20,29)
(20,30)
(20,31)
(20,32)
(20,33)
(20,34)
(20,35)
(20,36)
(20,37)
(20,38)
(20,39)
(20,40)
(20,41)
(20,42)
(20,48)
(20,49)
(20,50)
(20,51)
(20,52)
(20,53)
(20,54)
(20,55)
(20,56)
(20,57)
(20,58)
(20,59)
(20,60)
(20,62)
(20,63)
(20,64)
(20,65)
(20,66)
(20,67)
(20,68)
(20,69)
(20,70)
(20,71)
(20,72)
(20,73)
(20,74)
(21,0)
(21,1)
(21,2)
(21,3)
(21,4)
(21,5)
(21,6)
(21,7)
(21,8)
(21,9)
(21,10)
(21,11)
(21,12)
(21,13)
(21,14)
(21,15)
(21,16)
(21,17)
(21,18)
(21,19)
(21,20)
(21,21)
(21,55)
(21,56)
(21,57)
(21,58)
(21,59)
(21,60)
(21,62)
(21,63)
(21,64)
(21,65)
(21,66)
(21,67)
(21,68)
(21,69)
(21,70)
(21,71)
(21,72)
(21,73)
(21,74)
(22,0)
(22,1)
(22,2)
(22,3)
(22,4)
(22,5)
(22,6)
(22,7)
(22,8)
(22,9)
(22,10)
(22,11)
(22,12)
(22,13)
(22,14)
(22,15)
(22,16)
(22,17)
(22,18)
(22,19)
(22,20)
(22,21)
(22,55)
(22,56)
(22,57)
(22,58)
(22,59)
(22,60)
(22,62)
(22,63)
(22,64)
(22,65)
(22,66)
(22,67)
(22,68)
(22,69)
(22,70)
(22,71)
(22,72)
(22,73)
(22,74)
(23,0)
(23,1)
(23,2)
(23,3)
(23,4)
(23,5)
(23,6)
(23,7)
(23,8)
(23,9)
(23,10)
(23,11)
(23,12)
(23,13)
(23,14)
(23,15)
(23,16)
(23,17)
(23,18)
(23,19)
(23,20)
(23,21)
(23,48)
(23,49)
(23,50)
(23,51)
(23,52)
(23,55)
(23,56)
(23,57)
(23,58)
(23,59)
(23,60)
(23,62)
(23,63)
(23,64)
(23,65)
(23,66)
(23,67)
(23,68)
(23,69)
(23,70)
(23,71)
(23,72)
(23,73)
(23,74)
(24,0)
(24,1)
(24,2)
(24,3)
(24,4)
(24,5)
(24,6)
(24,7)
(24,8)
(24,9)
(24,10)
(24,11)
(24,12)
(24,13)
(24,14)
(24,15)
(24,16)
(24,17)
(24,18)
(24,19)
(24,20)
(24,21)
(24,48)
(24,49)
(24,50)
(24,51)
(24,52)
(24,55)
(24,56)
(24,57)
(24,58)
(24,59)
(24,60)
(24,62)
(24,63)
(24,64)
(24,65)
(24,66)
(24,67)
(24,68)
(24,69)
(24,70)
(24,71)
(24,72)
(24,73)
(24,74)
(25,0)
(25,1)
(25,2)
(25,3)
(25,4)
(25,5)
(25,6)
(25,7)
(25,8)
(25,9)
(25,10)
(25,11)
(25,12)
(25,13)
(25,14)
(25,15)
(25,16)
(25,17)
(25,18)
(25,19)
(25,20)
(25,21)
(25,48)
(25,49)
(25,50)
(25,51)
(25,52)
(25,55)
(25,56)
(25,57)
(25,58)
(25,59)
(25,60)
(25,62)
(25,63)
(25,64)
(25,65)
(25,66)
(25,67)
(25,68)
(25,69)
(25,70)
(25,71)
(25,72)
(25,73)
(25,74)
(26,0)
(26,1)
(26,2)
(26,3)
(26,4)
(26,5)
(26,6)
(26,7)
(26,8)
(26,9)
(26,10)
(26,11)
(26,12)
(26,13)
(26,14)
(26,15)
(26,16)
(26,17)
(26,18)
(26,19)
(26,20)
(26,21)
(26,27)
(26,28)
(26,29)
(26,30)
(26,31)
(26,36)
(26,37)
(26,38)
(26,39)
(26,40)
(26,41)
(26,42)
(26,43)
(26,44)
(26,45)
(26,46)
(26,47)
(26,48)
(26,49)
(26,50)
(26,51)
(26,52)
(26,62)
(26,63)
(26,64)
(26,65)
(26,66)
(26,67)
(26,68)
(26,69)
(26,70)
(26,71)
(26,72)
(26,73)
(26,74)
(27,0)
(27,1)
(27,2)
(27,3)
(27,4)
(27,5)
(27,6)
(27,7)
(27,8)
(27,9)
(27,10)
(27,11)
(27,12)
(27,13)
(27,14)
(27,15)
(27,16)
(27,17)
(27,18)
(27,19)
(27,20)
(27,21)
(27,27)
(27,28)
(27,29)
(27,30)
(27,31)
(27,36)
(27,37)
(27,38)
(27,39)
(27,40)
(27,41)
(27,42)
(27,43)
(27,44)
(27,45)
(27,46)
(27,47)
(27,48)
(27,49)
(27,50)
(27,51)
(27,52)
(27,55)
(27,56)
(27,57)
(27,58)
(27,59)
(27,60)
(27,61)
(27,62)
(27,63)
(27,64)
(27,65)
(27,66)
(27,67)
(27,68)
(27,69)
(27,70)
(27,71)
(27,72)
(27,73)
(27,74)
(28,0)
(28,1)
(28,2)
(28,3)
(28,4)
(28,5)
(28,6)
(28,7)
(28,8)
(28,9)
(28,10)
(28,11)
(28,12)
(28,13)
(28,14)
(28,15)
(28,16)
(28,17)
(28,18)
(28,19)
(28,20)
(28,21)
(28,27)
(28,28)
(28,29)
(28,30)
(28,31)
(28,36)
(28,37)
(28,38)
(28,39)
(28,40)
(28,41)
(28,42)
(28,43)
(28,44)
(28,45)
(28,46)
(28,47)
(28,48)
(28,49)
(28,50)
(28,51)
(28,52)
(28,55)
(28,56)
(28,57)
(28,58)
(28,59)
(28,60)
(28,61)
(28,62)
(28,63)
(28,64)
(28,65)
(28,66)
(28,67)
(28,68)
(28,69)
(28,70)
(28,71)
(28,72)
(28,73)
(28,74)
(29,0)
(29,1)
(29,2)
(29,3)
(29,4)
(29,5)
(29,6)
(29,7)
(29,8)
(29,9)
(29,10)
(29,11)
(29,12)
(29,13)
(29,14)
(29,15)
(29,16)
(29,17)
(29,18)
(29,19)
(29,20)
(29,21)
(29,27)
(29,28)
(29,29)
(29,30)
(29,31)
(29,36)
(29,37)
(29,38)
(29,39)
(29,40)
(29,41)
(29,42)
(29,43)
(29,44)
(29,45)
(29,46)
(29,47)
(29,48)
(29,49)
(29,50)
(29,51)
(29,52)
(29,55)
(29,56)
(29,57)
(29,58)
(29,59)
(29,60)
(29,61)
(29,62)
(29,63)
(29,64)
(29,65)
(29,66)
(29,67)
(29,68)
(29,69)
(29,70)
(29,71)
(29,72)
(29,73)
(29,74)
(30,0)
(30,1)
(30,2)
(30,3)
(30,4)
(30,5)
(30,6)
(30,7)
(30,8)
(30,9)
(30,10)
(30,11)
(30,12)
(30,13)
(30,14)
(30,15)
(30,16)
(30,17)
(30,18)
(30,19)
(30,20)
(30,21)
(30,27)
(30,28)
(30,29)
(30,30)
(30,31)
(30,36)
(30,37)
(30,38)
(30,39)
(30,40)
(30,41)
(30,42)
(30,43)
(30,44)
(30,45)
(30,46)
(30,47)
(30,48)
(30,49)
(30,50)
(30,51)
(30,52)
(30,55)
(30,56)
(30,57)
(30,58)
(30,59)
(30,60)
(30,61)
(30,62)
(30,63)
(30,64)
(30,65)
(30,66)
(30,67)
(30,68)
(30,69)
(30,70)
(30,71)
(30,72)
(30,73)
(30,74)
(31,0)
(31,1)
(31,2)
(31,3)
(31,4)
(31,5)
(31,6)
(31,7)
(31,8)
(31,9)
(31,10)
(31,11)
(31,12)
(31,13)
(31,14)
(31,15)
(31,16)
(31,17)
(31,18)
(31,19)
(31,20)
(31,21)
(31,27)
(31,28)
(31,29)
(31,30)
(31,31)
(31,36)
(31,37)
(31,38)
(31,39)
(31,40)
(31,41)
(31,42)
(31,43)
(31,44)
(31,45)
(31,46)
(31,47)
(31,48)
(31,49)
(31,50)
(31,51)
(31,52)
(31,55)
(31,56)
(31,57)
(31,58)
(31,59)
(31,60)
(31,61)
(31,62)
(31,63)
(31,64)
(31,65)
(31,66)
(31,67)
(31,68)
(31,69)
(31,70)
(31,71)
(31,72)
(31,73)
(31,74)
(32,0)
(32,1)
(32,2)
(32,3)
(32,4)
(32,5)
(32,6)
(32,7)
(32,8)
(32,9)
(32,10)
(32,11)
(32,12)
(32,13)
(32,14)
(32,15)
(32,16)
(32,17)
(32,18)
(32,19)
(32,20)
(32,21)
(32,28)
(32,29)
(32,30)
(32,31)
(32,36)
(32,37)
(32,38)
(32,39)
(32,40)
(32,41)
(32,42)
(32,43)
(32,44)
(32,45)
(32,46)
(32,47)
(32,48)
(32,49)
(32,50)
(32,51)
(32,52)
(32,55)
(32,56)
(32,57)
(32,58)
(32,59)
(32,60)
(32,61)
(32,62)
(32,63)
(32,64)
(32,65)
(32,66)
(32,67)
(32,68)
(32,69)
(32,70)
(32,71)
(32,72)
(32,73)
(32,74)
(33,0)
(33,1)
(33,2)
(33,3)
(33,4)
(33,5)
(33,6)
(33,7)
(33,8)
(33,9)
(33,10)
(33,11)
(33,12)
(33,13)
(33,14)
(33,15)
(33,16)
(33,17)
(33,18)
(33,19)
(33,20)
(33,21)
(33,27)
(33,28)
(33,29)
(33,30)
(33,31)
(33,36)
(33,37)
(33,38)
(33,39)
(33,40)
(33,41)
(33,42)
(33,43)
(33,44)
(33,45)
(33,46)
(33,47)
(33,48)
(33,49)
(33,50)
(33,51)
(33,52)
(33,55)
(33,56)
(33,57)
(33,58)
(33,59)
(33,60)
(33,61)
(33,62)
(33,63)
(33,64)
(33,65)
(33,66)
(33,67)
(33,68)
(33,69)
(33,70)
(33,71)
(33,72)
(33,73)
(33,74)
(34,0)
(34,1)
(34,2)
(34,3)
(34,4)
(34,5)
(34,6)
(34,7)
(34,8)
(34,9)
(34,10)
(34,11)
(34,12)
(34,13)
(34,14)
(34,15)
(34,16)
(34,17)
(34,18)
(34,19)
(34,20)
(34,21)
(34,27)
(34,28)
(34,29)
(34,30)
(34,31)
(34,36)
(34,37)
(34,38)
(34,39)
(34,40)
(34,41)
(34,42)
(34,43)
(34,44)
(34,45)
(34,46)
(34,47)
(34,48)
(34,49)
(34,50)
(34,51)
(34,52)
(34,55)
(34,56)
(34,57)
(34,58)
(34,59)
(34,60)
(34,61)
(34,62)
(34,63)
(34,64)
(34,65)
(34,66)
(34,67)
(34,68)
(34,69)
(34,70)
(34,71)
(34,72)
(34,73)
(34,74)
(35,0)
(35,1)
(35,2)
(35,3)
(35,4)
(35,5)
(35,6)
(35,7)
(35,8)
(35,9)
(35,10)
(35,11)
(35,12)
(35,13)
(35,14)
(35,15)
(35,16)
(35,17)
(35,18)
(35,19)
(35,20)
(35,21)
(35,27)
(35,28)
(35,29)
(35,30)
(35,31)
(35,39)
(35,40)
(35,41)
(35,42)
(35,43)
(35,44)
(35,45)
(35,46)
(35,47)
(35,48)
(35,49)
(35,50)
(35,51)
(35,52)
(35,55)
(35,56)
(35,57)
(35,58)
(35,59)
(35,60)
(35,61)
(35,62)
(35,63)
(35,64)
(35,65)
(35,66)
(35,67)
(35,68)
(35,69)
(35,70)
(35,71)
(35,72)
(35,73)
(35,74)
(36,0)
(36,1)
(36,2)
(36,3)
(36,4)
(36,5)
(36,6)
(36,7)
(36,8)
(36,9)
(36,10)
(36,11)
(36,12)
(36,13)
(36,14)
(36,15)
(36,16)
(36,17)
(36,18)
(36,19)
(36,27)
(36,28)
(36,29)
(36,30)
(36,31)
(36,39)
(36,40)
(36,41)
(36,42)
(36,43)
(36,44)
(36,45)
(36,46)
(36,47)
(36,48)
(36,49)
(36,50)
(36,51)
(36,52)
(36,55)
(36,56)
(36,57)
(36,58)
(36,59)
(36,60)
(36,61)
(36,62)
(36,63)
(36,64)
(36,65)
(36,66)
(36,67)
(36,68)
(36,69)
(36,70)
(36,71)
(36,72)
(36,73)
(36,74)
(37,0)
(37,1)
(37,2)
(37,3)
(37,4)
(37,5)
(37,6)
(37,7)
(37,8)
(37,9)
(37,10)
(37,11)
(37,12)
(37,13)
(37,14)
(37,15)
(37,16)
(37,17)
(37,18)
(37,19)
(37,27)
(37,28)
(37,29)
(37,30)
(37,31)
(37,39)
(37,40)
(37,41)
(37,42)
(37,43)
(37,44)
(37,45)
(37,46)
(37,47)
(37,48)
(37,49)
(37,50)
(37,51)
(37,52)
(37,55)
(37,56)
(37,57)
(37,58)
(37,59)
(37,60)
(37,61)
(37,62)
(37,63)
(37,64)
(37,65)
(37,66)
(37,67)
(37,68)
(37,69)
(37,70)
(37,71)
(37,72)
(37,73)
(37,74)
(38,0)
(38,1)
(38,2)
(38,3)
(38,4)
(38,5)
(38,6)
(38,7)
(38,8)
(38,9)
(38,10)
(38,11)
(38,12)
(38,13)
(38,14)
(38,15)
(38,16)
(38,17)
(38,18)
(38,19)
(38,20)
(38,21)
(38,27)
(38,28)
(38,29)
(38,30)
(38,31)
(38,36)
(38,37)
(38,38)
(38,39)
(38,40)
(38,41)
(38,42)
(38,43)
(38,44)
(38,45)
(38,46)
(38,47)
(38,48)
(38,49)
(38,50)
(38,51)
(38,52)
(38,55)
(38,56)
(38,57)
(38,58)
(38,59)
(38,60)
(38,61)
(38,62)
(38,63)
(38,64)
(38,65)
(38,66)
(38,67)
(38,68)
(38,69)
(38,70)
(38,71)
(38,72)
(38,73)
(38,74)
(39,0)
(39,1)
(39,2)
(39,3)
(39,4)
(39,5)
(39,6)
(39,7)
(39,8)
(39,9)
(39,10)
(39,11)
(39,12)
(39,13)
(39,14)
(39,15)
(39,16)
(39,17)
(39,18)
(39,19)
(39,20)
(39,21)
(39,27)
(39,28)
(39,29)
(39,30)
(39,31)
(39,36)
(39,37)
(39,38)
(39,39)
(39,40)
(39,41)
(39,42)
(39,43)
(39,44)
(39,45)
(39,46)
(39,47)
(39,48)
(39,49)
(39,50)
(39,51)
(39,52)
(39,55)
(39,56)
(39,57)
(39,58)
(39,59)
(39,60)
(39,61)
(39,62)
(39,63)
(39,64)
(39,65)
(39,66)
(39,67)
(39,68)
(39,69)
(39,70)
(39,71)
(39,72)
(39,73)
(39,74)
(40,0)
(40,1)
(40,2)
(40,3)
(40,4)
(40,5)
(40,6)
(40,7)
(40,8)
(40,9)
(40,10)
(40,11)
(40,12)
(40,13)
(40,14)
(40,15)
(40,16)
(40,17)
(40,18)
(40,19)
(40,20)
(40,21)
(40,27)
(40,28)
(40,29)
(40,30)
(40,31)
(40,36)
(40,37)
(40,38)
(40,39)
(40,40)
(40,41)
(40,42)
(40,43)
(40,44)
(40,45)
(40,46)
(40,47)
(40,48)
(40,49)
(40,50)
(40,51)
(40,52)
(40,55)
(40,56)
(40,57)
(40,58)
(40,59)
(40,60)
(40,61)
(40,62)
(40,63)
(40,64)
(40,65)
(40,66)
(40,67)
(40,68)
(40,69)
(40,70)
(40,71)
(40,72)
(40,73)
(40,74)
(41,0)
(41,1)
(41,2)
(41,3)
(41,4)
(41,5)
(41,6)
(41,7)
(41,8)
(41,9)
(41,10)
(41,11)
(41,12)
(41,13)
(41,14)
(41,15)
(41,16)
(41,17)
(41,18)
(41,19)
(41,20)
(41,21)
(41,27)
(41,28)
(41,29)
(41,30)
(41,31)
(41,36)
(41,37)
(41,38)
(41,39)
(41,40)
(41,41)
(41,42)
(41,43)
(41,44)
(41,45)
(41,46)
(41,47)
(41,48)
(41,49)
(41,50)
(41,51)
(41,52)
(41,55)
(41,56)
(41,57)
(41,58)
(41,59)
(41,60)
(41,61)
(41,62)
(41,63)
(41,64)
(41,65)
(41,66)
(41,67)
(41,68)
(41,69)
(41,70)
(41,71)
(41,72)
(41,73)
(41,74)
(47,0)
(47,1)
(47,2)
(47,3)
(47,4)
(47,5)
(47,6)
(47,12)
(47,13)
(47,14)
(47,15)
(47,16)
(47,17)
(47,20)
(47,21)
(47,22)
(47,23)
(47,24)
(47,25)
(47,26)
(47,30)
(47,31)
(47,32)
(47,33)
(47,34)
(47,35)
(47,36)
(47,38)
(47,39)
(47,40)
(47,41)
(47,42)
(47,43)
(47,49)
(47,50)
(47,51)
(47,52)
(47,53)
(47,54)
(47,55)
(47,56)
(47,57)
(47,58)
(47,59)
(47,60)
(47,61)
(47,62)
(47,63)
(47,64)
(47,65)
(47,66)
(47,67)
(47,68)
(47,69)
(47,70)
(47,71)
(47,72)
(47,73)
(47,74)
(48,0)
(48,1)
(48,2)
(48,3)
(48,4)
(48,5)
(48,6)
(48,12)
(48,13)
(48,14)
(48,15)
(48,16)
(48,17)
(48,20)
(48,21)
(48,22)
(48,23)
(48,24)
(48,25)
(48,26)
(48,30)
(48,31)
(48,32)
(48,33)
(48,34)
(48,35)
(48,36)
(48,38)
(48,39)
(48,40)
(48,41)
(48,42)
(48,43)
(48,49)
(48,50)
(48,51)
(48,52)
(48,53)
(48,54)
(48,55)
(48,56)
(48,57)
(48,58)
(48,59)
(48,60)
(48,61)
(48,62)
(48,63)
(48,64)
(48,65)
(48,66)
(48,67)
(48,68)
(48,69)
(48,70)
(48,71)
(48,72)
(48,73)
(48,74)
(49,0)
(49,1)
(49,2)
(49,3)
(49,4)
(49,5)
(49,6)
(49,12)
(49,13)
(49,14)
(49,15)
(49,16)
(49,17)
(49,20)
(49,21)
(49,22)
(49,23)
(49,24)
(49,25)
(49,26)
(49,30)
(49,31)
(49,32)
(49,33)
(49,34)
(49,35)
(49,36)
(49,38)
(49,39)
(49,40)
(49,41)
(49,42)
(49,43)
(49,49)
(49,50)
(49,51)
(49,52)
(49,53)
(49,54)
(49,55)
(49,56)
(49,57)
(49,58)
(49,59)
(49,60)
(49,61)
(49,62)
(49,63)
(49,64)
(49,65)
(49,66)
(49,67)
(49,68)
(49,69)
(49,70)
(49,71)
(49,72)
(49,73)
(49,74)
(50,0)
(50,1)
(50,2)
(50,3)
(50,4)
(50,5)
(50,6)
(50,12)
(50,13)
(50,14)
(50,15)
(50,16)
(50,17)
(50,20)
(50,21)
(50,22)
(50,23)
(50,24)
(50,25)
(50,26)
(50,30)
(50,31)
(50,32)
(50,33)
(50,34)
(50,35)
(50,36)
(50,38)
(50,39)
(50,40)
(50,41)
(50,42)
(50,43)
(50,49)
(50,50)
(50,51)
(50,52)
(50,53)
(50,54)
(50,55)
(50,56)
(50,57)
(50,58)
(50,59)
(50,60)
(50,61)
(50,62)
(50,63)
(50,64)
(50,65)
(50,66)
(50,67)
(50,68)
(50,69)
(50,70)
(50,71)
(50,72)
(50,73)
(50,74)
(51,0)
(51,1)
(51,2)
(51,3)
(51,4)
(51,5)
(51,6)
(51,12)
(51,13)
(51,14)
(51,15)
(51,16)
(51,17)
(51,20)
(51,21)
(51,22)
(51,23)
(51,24)
(51,25)
(51,26)
(51,30)
(51,31)
(51,32)
(51,33)
(51,34)
(51,35)
(51,36)
(51,38)
(51,39)
(51,40)
(51,41)
(51,42)
(51,43)
(51,49)
(51,50)
(51,51)
(51,52)
(51,53)
(51,54)
(51,55)
(51,56)
(51,57)
(51,58)
(51,59)
(51,60)
(51,61)
(51,62)
(51,63)
(51,64)
(51,65)
(51,66)
(51,67)
(51,68)
(51,69)
(51,70)
(51,71)
(51,72)
(51,73)
(51,74)
(52,0)
(52,1)
(52,2)
(52,3)
(52,4)
(52,5)
(52,6)
(52,12)
(52,13)
(52,14)
(52,15)
(52,16)
(52,17)
(52,20)
(52,21)
(52,22)
(52,23)
(52,24)
(52,25)
(52,26)
(52,30)
(52,31)
(52,32)
(52,33)
(52,34)
(52,35)
(52,36)
(52,38)
(52,39)
(52,40)
(52,41)
(52,42)
(52,43)
(52,49)
(52,50)
(52,51)
(52,52)
(52,53)
(52,54)
(52,55)
(52,56)
(52,57)
(52,58)
(52,59)
(52,60)
(52,61)
(52,62)
(52,63)
(52,64)
(52,65)
(52,66)
(52,67)
(52,68)
(52,69)
(52,70)
(52,71)
(52,72)
(52,73)
(52,74)
(53,0)
(53,1)
(53,2)
(53,3)
(53,4)
(53,5)
(53,6)
(53,12)
(53,13)
(53,14)
(53,15)
(53,16)
(53,17)
(53,38)
(53,39)
(53,40)
(53,41)
(53,42)
(53,43)
(53,49)
(53,50)
(53,51)
(53,52)
(53,53)
(53,54)
(53,55)
(53,56)
(53,57)
(53,58)
(53,59)
(53,60)
(53,61)
(53,62)
(53,63)
(53,64)
(53,65)
(53,66)
(53,67)
(53,68)
(53,69)
(53,70)
(53,71)
(53,72)
(53,73)
(53,74)
(54,0)
(54,1)
(54,2)
(54,3)
(54,4)
(54,5)
(54,6)
(54,12)
(54,13)
(54,14)
(54,15)
(54,16)
(54,17)
(54,30)
(54,31)
(54,32)
(54,33)
(54,34)
(54,35)
(54,36)
(54,37)
(54,38)
(54,39)
(54,40)
(54,41)
(54,42)
(54,43)
(54,49)
(54,50)
(54,51)
(54,52)
(54,53)
(54,54)
(54,55)
(54,56)
(54,57)
(54,58)
(54,59)
(54,60)
(54,61)
(54,62)
(54,63)
(54,64)
(54,65)
(54,66)
(54,67)
(54,68)
(54,69)
(54,70)
(54,71)
(54,72)
(54,73)
(54,74)
(55,0)
(55,1)
(55,2)
(55,3)
(55,4)
(55,5)
(55,6)
(55,12)
(55,13)
(55,14)
(55,15)
(55,16)
(55,17)
(55,18)
(55,19)
(55,20)
(55,21)
(55,22)
(55,23)
(55,24)
(55,25)
(55,26)
(55,30)
(55,31)
(55,32)
(55,33)
(55,34)
(55,35)
(55,36)
(55,37)
(55,38)
(55,39)
(55,40)
(55,41)
(55,42)
(55,43)
(55,49)
(55,50)
(55,51)
(55,52)
(55,53)
(55,54)
(55,55)
(55,56)
(55,57)
(55,58)
(55,59)
(55,60)
(55,61)
(55,62)
(55,63)
(55,64)
(55,65)
(55,66)
(55,67)
(55,68)
(55,69)
(55,70)
(55,71)
(55,72)
(55,73)
(55,74)
(56,0)
(56,1)
(56,2)
(56,3)
(56,4)
(56,5)
(56,6)
(56,12)
(56,13)
(56,14)
(56,15)
(56,16)
(56,17)
(56,18)
(56,19)
(56,20)
(56,21)
(56,22)
(56,23)
(56,24)
(56,25)
(56,26)
(56,30)
(56,31)
(56,32)
(56,33)
(56,34)
(56,35)
(56,36)
(56,37)
(56,38)
(56,39)
(56,40)
(56,41)
(56,42)
(56,43)
(56,49)
(56,50)
(56,51)
(56,52)
(56,53)
(56,54)
(56,55)
(56,56)
(56,57)
(56,58)
(56,59)
(56,60)
(56,61)
(56,62)
(56,63)
(56,64)
(56,65)
(56,66)
(56,67)
(56,68)
(56,69)
(56,70)
(56,71)
(56,72)
(56,73)
(56,74)
(57,0)
(57,1)
(57,2)
(57,3)
(57,4)
(57,5)
(57,6)
(57,12)
(57,13)
(57,14)
(57,15)
(57,16)
(57,17)
(57,18)
(57,19)
(57,20)
(57,21)
(57,22)
(57,23)
(57,24)
(57,25)
(57,26)
(57,30)
(57,31)
(57,32)
(57,33)
(57,34)
(57,35)
(57,36)
(57,37)
(57,38)
(57,39)
(57,40)
(57,41)
(57,42)
(57,43)
(57,49)
(57,50)
(57,51)
(57,52)
(57,53)
(57,54)
(57,55)
(57,56)
(57,57)
(57,58)
(57,59)
(57,60)
(57,61)
(57,62)
(57,63)
(57,64)
(57,65)
(57,66)
(57,67)
(57,68)
(57,69)
(57,70)
(57,71)
(57,72)
(57,73)
(57,74)
(62,30)
(62,31)
(62,32)
(62,33)
(62,34)
(62,35)
(62,36)
(62,37)
(62,38)
(62,39)
(62,40)
(62,41)
(62,42)
(62,43)
(63,30)
(63,31)
(63,32)
(63,33)
(63,34)
(63,35)
(63,36)
(63,37)
(63,38)
(63,39)
(63,40)
(63,41)
(63,42)
(63,43)
(64,30)
(64,31)
(64,32)
(64,33)
(64,34)
(64,35)
(64,36)
(64,37)
(64,38)
(64,39)
(64,40)
(64,41)
(64,42)
(64,43)
(65,30)
(65,31)
(65,32)
(65,33)
(65,34)
(65,35)
(65,36)
(65,37)
(65,38)
(65,39)
(65,40)
(65,41)
(65,42)
(65,43)
(66,30)
(66,31)
(66,32)
(66,33)
(66,34)
(66,35)
(66,36)
(66,37)
(66,38)
(66,39)
(66,40)
(66,41)
(66,42)
(66,43)
(67,30)
(67,31)
(67,32)
(67,33)
(67,34)
(67,35)
(67,36)
(67,37)
(67,38)
(67,39)
(67,40)
(67,41)
(67,42)
(67,43)
(68,30)
(68,31)
(68,32)
(68,33)
(68,34)
(68,35)
(68,36)
(68,37)
(68,38)
(68,39)
(68,40)
(68,41)
(68,42)
(68,43)
(69,30)
(69,31)
(69,32)
(69,33)
(69,34)
(69,35)
(69,36)
(69,37)
(69,38)
(69,39)
(69,40)
(69,41)
(69,42)
(69,43)
(70,30)
(70,31)
(70,32)
(70,33)
(70,34)
(70,35)
(70,36)
(70,37)
(70,38)
(70,39)
(70,40)
(70,41)
(70,42)
(70,43)
(71,30)
(71,31)
(71,32)
(71,33)
(71,34)
(71,35)
(71,36)
(71,37)
(71,38)
(71,39)
(71,40)
(71,41)
(71,42)
(71,43)
