75
(0,0)
(0,1)
(0,2)
(0,3)
(0,17)
(0,18)
(0,19)
(0,20)
(0,21)
(0,22)
(0,23)
(0,24)
(0,25)
(0,43)
(0,44)
(0,45)
(0,46)
(0,47)
(0,67)
(0,68)
(0,69)
(0,70)
(0,71)
(0,72)
(0,73)
(0,74)
(1,0)
(1,1)
(1,2)
(1,3)
(1,17)
(1,18)
(1,19)
(1,20)
(1,21)
(1,22)
(1,23)
(1,24)
(1,25)
(1,43)
(1,44)
(1,45)
(1,46)
(1,47)
(1,67)
(1,68)
(1,69)
(1,70)
(1,71)
(1,72)
(1,73)
(1,74)
(2,0)
(2,1)
(2,2)
(2,3)
(2,17)
(2,18)
(2,19)
(2,20)
(2,21)
(2,22)
(2,23)
(2,24)
(2,25)
(2,33)
(2,34)
(2,35)
(2,43)
(2,44)
(2,45)
(2,46)
(2,47)
(2,54)
(2,55)
(2,56)
(2,57)
(2,58)
(3,0)
(3,1)
(3,2)
(3,3)
(3,33)
(3,34)
(3,35)
(3,43)
(3,44)
(3,45)
(3,46)
(3,47)
(3,54)
(3,55)
(3,56)
(3,57)
(3,58)
(4,0)
(4,1)
(4,2)
(4,3)
(4,33)
(4,34)
(4,35)
(4,43)
(4,44)
(4,45)
(4,46)
(4,47)
(4,54)
(4,55)
(4,56)
(4,57)
(4,58)
(5,0)
(5,1)
(5,2)
(5,3)
(5,33)
(5,34)
(5,35)
(5,54)
(5,55)
(5,56)
(5,57)
(5,58)
(6,0)
(6,1)
(6,2)
(6,3)
(6,33)
(6,34)
(6,35)
(6,54)
(6,55)
(6,56)
(6,57)
(6,58)
(7,54)
(7,55)
(7,56)
(7,57)
(7,58)
(7,64)
(7,65)
(7,66)
(7,67)
(7,68)
(7,69)
(8,11)
(8,12)
(8,13)
(8,14)
(8,15)
(8,16)
(8,17)
(8,18)
(8,19)
(8,20)
(8,21)
(8,22)
(8,23)
(8,24)
(8,25)
(8,54)
(8,55)
(8,56)
(8,57)
(8,58)
(8,64)
(8,65)
(8,66)
(8,67)
(8,68)
(8,69)
(9,11)
(9,12)
(9,13)
(9,14)
(9,15)
(9,16)
(9,17)
(9,18)
(9,19)
(9,20)
(9,21)
(9,22)
(9,23)
(9,24)
(9,25)
(9,54)
(9,55)
(9,56)
(9,57)
(9,58)
(9,64)
(9,65)
(9,66)
(9,67)
(9,68)
(9,69)
(10,11)
(10,12)
(10,13)
(10,14)
(10,15)
(10,16)
(10,17)
(10,18)
(10,19)
(10,20)
(10,21)
(10,22)
(10,23)
(10,24)
(10,25)
(10,40)
(10,41)
(10,42)
(10,43)
(10,44)
(10,45)
(10,54)
(10,55)
(10,56)
(10,57)
(10,58)
(11,11)
(11,12)
(11,13)
(11,14)
(11,15)
(11,16)
(11,17)
(11,18)
(11,19)
(11,20)
(11,21)
(11,22)
(11,23)
(11,24)
(11,25)
(11,40)
(11,41)
(11,42)
(11,43)
(11,44)
(11,45)
(11,54)
(11,55)
(11,56)
(11,57)
(11,58)
(12,11)
(12,12)
(12,13)
(12,14)
(12,15)
(12,16)
(12,17)
(12,18)
(12,19)
(12,20)
(12,21)
(12,22)
(12,23)
(12,24)
(12,25)
(12,40)
(12,41)
(12,42)
(12,43)
(12,44)
(12,45)
(12,54)
(12,55)
(12,56)
(12,57)
(12,58)
(13,11)
(13,12)
(13,13)
(13,14)
(13,15)
(13,16)
(13,17)
(13,18)
(13,19)
(13,20)
(13,21)
(13,22)
(13,23)
(13,24)
(13,25)
(13,40)
(13,41)
(13,42)
(13,43)
(13,44)
(13,45)
(14,11)
(14,12)
(14,13)
(14,14)
(14,15)
(14,16)
(14,17)
(14,18)
(14,19)
(14,20)
(14,21)
(14,22)
(14,23)
(14,24)
(14,25)
(14,40)
(14,41)
(14,42)
(14,43)
(14,44)
(14,45)
(15,0)
(15,1)
(15,2)
(15,11)
(15,12)
(15,13)
(15,14)
(15,15)
(15,16)
(15,17)
(15,18)
(15,19)
(15,20)
(15,21)
(15,22)
(15,23)
(15,24)
(15,25)
(15,40)
(15,41)
(15,42)
(15,43)
(15,44)
(15,45)
(16,0)
(16,1)
(16,2)
(16,11)
(16,12)
(16,13)
(16,14)
(16,15)
(16,16)
(16,17)
(16,18)
(16,19)
(16,20)
(16,21)
(16,22)
(16,23)
(16,24)
(16,25)
(16,40)
(16,41)
(16,42)
(16,43)
(16,44)
(16,45)
(17,0)
(17,1)
(17,2)
(17,40)
(17,41)
(17,42)
(17,43)
(17,44)
(17,45)
(18,0)
(18,1)
(18,2)
(18,40)
(18,41)
(18,42)
(18,43)
(18,44)
(18,45)
(18,48)
(18,49)
(18,50)
(18,59)
(18,60)
(18,61)
(18,62)
(18,63)
(18,64)
(18,65)
(18,66)
(18,67)
(18,68)
(18,69)
(19,0)
(19,1)
(19,2)
(19,11)
(19,12)
(19,13)
(19,14)
(19,15)
(19,16)
(19,17)
(19,18)
(19,19)
(19,20)
(19,21)
(19,22)
(19,23)
(19,24)
(19,25)
(19,26)
(19,27)
(19,28)
(19,29)
(19,40)
(19,41)
(19,42)
(19,43)
(19,44)
(19,45)
(19,48)
(19,49)
(19,50)
(19,59)
(19,60)
(19,61)
(19,62)
(19,63)
(19,64)
(19,65)
(19,66)
(19,67)
(19,68)
(19,69)
(20,0)
(20,1)
(20,2)
(20,11)
(20,12)
(20,13)
(20,14)
(20,15)
(20,16)
(20,17)
(20,18)
(20,19)
(20,20)
(20,21)
(20,22)
(20,23)
(20,24)
(20,25)
(20,26)
(20,27)
(20,28)
(20,29)
(20,40)
(20,41)
(20,42)
(20,43)
(20,44)
(20,45)
(20,48)
(20,49)
(20,50)
(20,59)
(20,60)
(20,61)
(20,62)
(20,63)
(20,64)
(20,65)
(20,66)
(20,67)
(20,68)
(20,69)
(21,11)
(21,12)
(21,13)
(21,14)
(21,15)
(21,16)
(21,17)
(21,18)
(21,19)
(21,20)
(21,21)
(21,22)
(21,23)
(21,24)
(21,25)
(21,26)
(21,27)
(21,28)
(21,29)
(21,40)
(21,41)
(21,42)
(21,43)
(21,44)
(21,45)
(21,48)
(21,49)
(21,50)
(21,59)
(21,60)
(21,61)
(21,62)
(21,63)
(21,64)
(21,65)
(21,66)
(21,67)
(21,68)
(21,69)
(22,11)
(22,12)
(22,13)
(22,14)
(22,15)
(22,16)
(22,17)
(22,18)
(22,19)
(22,20)
(22,21)
(22,22)
(22,23)
(22,24)
(22,25)
(22,26)
(22,27)
(22,28)
(22,29)
(22,48)
(22,49)
(22,50)
(23,11)
(23,12)
(23,13)
(23,14)
(23,15)
(23,16)
(23,17)
(23,18)
(23,19)
(23,20)
(23,21)
(23,22)
(23,23)
(23,24)
(23,25)
(23,26)
(23,27)
(23,28)
(23,29)
(23,48)
(23,49)
(23,50)
(24,11)
(24,12)
(24,13)
(24,14)
(24,15)
(24,16)
(24,17)
(24,18)
(24,19)
(24,20)
(24,21)
(24,22)
(24,23)
(24,24)
(24,25)
(24,26)
(24,27)
(24,28)
(24,29)
(24,61)
(24,62)
(24,63)
(25,11)
(25,12)
(25,13)
(25,14)
(25,15)
(25,16)
(25,17)
(25,18)
(25,19)
(25,20)
(25,21)
(25,22)
(25,23)
(25,24)
(25,25)
(25,26)
(25,27)
(25,28)
(25,29)
(25,61)
(25,62)
(25,63)
(25,69)
(25,70)
(25,71)
(26,61)
(26,62)
(26,63)
(26,69)
(26,70)
(26,71)
(27,40)
(27,41)
(27,42)
(27,43)
(27,44)
(27,45)
(27,46)
(27,47)
(27,48)
(27,49)
(27,61)
(27,62)
(27,63)
(27,69)
(27,70)
(27,71)
(28,40)
(28,41)
(28,42)
(28,43)
(28,44)
(28,45)
(28,46)
(28,47)
(28,48)
(28,49)
(28,61)
(28,62)
(28,63)
(28,69)
(28,70)
(28,71)
(29,40)
(29,41)
(29,42)
(29,43)
(29,44)
(29,45)
(29,46)
(29,47)
(29,48)
(29,49)
(29,61)
(29,62)
(29,63)
(29,69)
(29,70)
(29,71)
(30,5)
(30,6)
(30,7)
(30,8)
(30,9)
(30,10)
(30,11)
(30,12)
(30,13)
(30,14)
(30,15)
(30,16)
(30,17)
(30,18)
(30,19)
(30,40)
(30,41)
(30,42)
(30,43)
(30,44)
(30,45)
(30,46)
(30,47)
(30,48)
(30,49)
(30,61)
(30,62)
(30,63)
(30,69)
(30,70)
(30,71)
(31,5)
(31,6)
(31,7)
(31,8)
(31,9)
(31,10)
(31,11)
(31,12)
(31,13)
(31,14)
(31,15)
(31,16)
(31,17)
(31,18)
(31,19)
(31,31)
(31,32)
(31,33)
(31,34)
(31,40)
(31,41)
(31,42)
(31,43)
(31,44)
(31,45)
(31,46)
(31,47)
(31,48)
(31,49)
(31,61)
(31,62)
(31,63)
(31,69)
(31,70)
(31,71)
(32,5)
(32,6)
(32,7)
(32,8)
(32,9)
(32,10)
(32,11)
(32,12)
(32,13)
(32,14)
(32,15)
(32,16)
(32,17)
(32,18)
(32,19)
(32,31)
(32,32)
(32,33)
(32,34)
(32,69)
(32,70)
(32,71)
(33,5)
(33,6)
(33,7)
(33,8)
(33,9)
(33,10)
(33,11)
(33,12)
(33,13)
(33,14)
(33,15)
(33,16)
(33,17)
(33,18)
(33,19)
(33,31)
(33,32)
(33,33)
(33,34)
(33,69)
(33,70)
(33,71)
(34,5)
(34,6)
(34,7)
(34,8)
(34,9)
(34,10)
(34,11)
(34,12)
(34,13)
(34,14)
(34,15)
(34,16)
(34,17)
(34,18)
(34,19)
(34,31)
(34,32)
(34,33)
(34,34)
(34,69)
(34,70)
(34,71)
(35,5)
(35,6)
(35,7)
(35,8)
(35,9)
(35,10)
(35,11)
(35,12)
(35,13)
(35,14)
(35,15)
(35,16)
(35,17)
(35,18)
(35,19)
(35,31)
(35,32)
(35,33)
(35,34)
(36,31)
(36,32)
(36,33)
(36,34)
(36,45)
(36,46)
(36,47)
(36,48)
(36,49)
(36,50)
(36,51)
(36,52)
(36,53)
(36,54)
(36,55)
(36,56)
(36,57)
(36,58)
(36,59)
(36,60)
(36,61)
(36,62)
(37,31)
(37,32)
(37,33)
(37,34)
(37,45)
(37,46)
(37,47)
(37,48)
(37,49)
(37,50)
(37,51)
(37,52)
(37,53)
(37,54)
(37,55)
(37,56)
(37,57)
(37,58)
(37,59)
(37,60)
(37,61)
(37,62)
(38,25)
(38,26)
(38,27)
(38,31)
(38,32)
(38,33)
(38,34)
(38,45)
(38,46)
(38,47)
(38,48)
(38,49)
(38,50)
(38,51)
(38,52)
(38,53)
(38,54)
(38,55)
(38,56)
(38,57)
(38,58)
(38,59)
(38,60)
(38,61)
(38,62)
(39,12)
(39,13)
(39,14)
(39,25)
(39,26)
(39,27)
(39,31)
(39,32)
(39,33)
(39,34)
(39,45)
(39,46)
(39,47)
(39,48)
(39,49)
(39,50)
(39,51)
(39,52)
(39,53)
(39,54)
(39,55)
(39,56)
(39,57)
(39,58)
(39,59)
(39,60)
(39,61)
(39,62)
(40,12)
(40,13)
(40,14)
(40,25)
(40,26)
(40,27)
(40,31)
(40,32)
(40,33)
(40,34)
(40,45)
(40,46)
(40,47)
(40,48)
(40,49)
(40,50)
(40,51)
(40,52)
(40,53)
(40,54)
(40,55)
(40,56)
(40,57)
(40,58)
(40,59)
(40,60)
(40,61)
(40,62)
(41,12)
(41,13)
(41,14)
(42,12)
(42,13)
(42,14)
(43,12)
(43,13)
(43,14)
(44,12)
(44,13)
(44,14)
(44,71)
(44,72)
(44,73)
(44,74)
(45,12)
(45,13)
(45,14)
(45,21)
(45,22)
(45,23)
(45,24)
(45,25)
(45,26)
(45,27)
(45,28)
(45,29)
(45,36)
(45,37)
(45,38)
(45,39)
(45,40)
(45,41)
(45,71)
(45,72)
(45,73)
(45,74)
(46,12)
(46,13)
(46,14)
(46,21)
(46,22)
(46,23)
(46,24)
(46,25)
(46,26)
(46,27)
(46,28)
(46,29)
(46,36)
(46,37)
(46,38)
(46,39)
(46,40)
(46,41)
(46,42)
(46,71)
(46,72)
(46,73)
(46,74)
(47,12)
(47,13)
(47,14)
(47,21)
(47,22)
(47,23)
(47,24)
(47,25)
(47,26)
(47,27)
(47,28)
(47,29)
(47,36)
(47,37)
(47,38)
(47,39)
(47,40)
(47,41)
(47,42)
(47,71)
(47,72)
(47,73)
(47,74)
(48,21)
(48,22)
(48,23)
(48,24)
(48,25)
(48,26)
(48,27)
(48,28)
(48,29)
(48,36)
(48,37)
(48,38)
(48,39)
(48,40)
(48,41)
(48,42)
(48,46)
(48,47)
(48,48)
(48,49)
(48,50)
(48,51)
(48,52)
(48,53)
(48,54)
(48,55)
(48,56)
(48,57)
(48,58)
(48,59)
(48,60)
(48,61)
(48,62)
(48,63)
(48,64)
(48,65)
(48,71)
(48,72)
(48,73)
(48,74)
(49,0)
(49,1)
(49,2)
(49,3)
(49,4)
(49,5)
(49,36)
(49,37)
(49,38)
(49,39)
(49,40)
(49,41)
(49,42)
(49,46)
(49,47)
(49,48)
(49,49)
(49,50)
(49,51)
(49,52)
(49,53)
(49,54)
(49,55)
(49,56)
(49,57)
(49,58)
(49,59)
(49,60)
(49,61)
(49,62)
(49,63)
(49,64)
(49,65)
(49,71)
(49,72)
(49,73)
(49,74)
(50,0)
(50,1)
(50,2)
(50,3)
(50,4)
(50,5)
(50,36)
(50,37)
(50,38)
(50,39)
(50,40)
(50,41)
(50,42)
(50,46)
(50,47)
(50,48)
(50,49)
(50,50)
(50,51)
(50,52)
(50,53)
(50,54)
(50,55)
(50,56)
(50,57)
(50,58)
(50,59)
(50,60)
(50,61)
(50,62)
(50,63)
(50,64)
(50,65)
(51,0)
(51,1)
(51,2)
(51,3)
(51,4)
(51,5)
(51,36)
(51,37)
(51,38)
(51,39)
(51,40)
(51,41)
(51,42)
(51,46)
(51,47)
(51,48)
(51,49)
(51,50)
(51,51)
(51,52)
(51,53)
(51,54)
(51,55)
(51,56)
(51,57)
(51,58)
(51,59)
(51,60)
(51,61)
(51,62)
(51,63)
(51,64)
(51,65)
(52,0)
(52,1)
(52,2)
(52,3)
(52,4)
(52,5)
(52,36)
(52,37)
(52,38)
(52,39)
(52,40)
(52,41)
(52,42)
(52,46)
(52,47)
(52,48)
(52,49)
(52,50)
(52,51)
(52,52)
(52,53)
(52,54)
(52,55)
(52,56)
(52,57)
(52,58)
(52,59)
(52,60)
(52,61)
(52,62)
(52,63)
(52,64)
(52,65)
(53,25)
(53,26)
(53,27)
(53,28)
(53,29)
(53,30)
(53,31)
(53,32)
(53,36)
(53,37)
(53,38)
(53,39)
(53,40)
(53,41)
(53,42)
(53,46)
(53,47)
(53,48)
(53,49)
(53,50)
(53,51)
(53,52)
(53,53)
(53,54)
(53,55)
(53,56)
(53,57)
(53,58)
(53,59)
(53,60)
(53,61)
(53,62)
(53,63)
(53,64)
(53,65)
(54,25)
(54,26)
(54,27)
(54,28)
(54,29)
(54,30)
(54,31)
(54,32)
(54,36)
(54,37)
(54,38)
(54,39)
(54,40)
(54,41)
(54,42)
(55,25)
(55,26)
(55,27)
(55,28)
(55,29)
(55,30)
(55,31)
(55,32)
(55,36)
(55,37)
(55,38)
(55,39)
(55,40)
(55,41)
(55,42)
(56,8)
(56,9)
(56,10)
(56,11)
(56,12)
(56,13)
(56,14)
(56,15)
(56,16)
(56,17)
(56,18)
(56,36)
(56,37)
(56,38)
(56,39)
(56,40)
(56,41)
(56,42)
(57,8)
(57,9)
(57,10)
(57,11)
(57,12)
(57,13)
(57,14)
(57,15)
(57,16)
(57,17)
(57,18)
(57,36)
(57,37)
(57,38)
(57,39)
(57,40)
(57,41)
(57,42)
(57,54)
(57,55)
(57,56)
(57,57)
(57,58)
(57,59)
(57,60)
(58,8)
(58,9)
(58,10)
(58,11)
(58,12)
(58,13)
(58,14)
(58,15)
(58,16)
(58,17)
(58,18)
(58,36)
(58,37)
(58,38)
(58,39)
(58,40)
(58,41)
(58,42)
(58,54)
(58,55)
(58,56)
(58,57)
(58,58)
(58,59)
(58,60)
(59,8)
(59,9)
(59,10)
(59,11)
(59,12)
(59,13)
(59,14)
(59,15)
(59,16)
(59,17)
(59,18)
(59,36)
(59,37)
(59,38)
(59,39)
(59,40)
(59,41)
(59,42)
(59,54)
(59,55)
(59,56)
(59,57)
(59,58)
(59,59)
(59,60)
(59,68)
(59,69)
(59,70)
(59,71)
(60,36)
(60,37)
(60,38)
(60,39)
(60,40)
(60,41)
(60,42)
(60,54)
(60,55)
(60,56)
(60,57)
(60,58)
(60,59)
(60,60)
(60,68)
(60,69)
(60,70)
(60,71)
(61,54)
(61,55)
(61,56)
(61,57)
(61,58)
(61,59)
(61,60)
(61,68)
(61,69)
(61,70)
(61,71)
(62,54)
(62,55)
(62,56)
(62,57)
(62,58)
(62,59)
(62,60)
(62,68)
(62,69)
(62,70)
(62,71)
(63,54)
(63,55)
(63,56)
(63,57)
(63,58)
(63,59)
(63,60)
(63,68)
(63,69)
(63,70)
(63,71)
(64,54)
(64,55)
(64,56)
(64,57)
(64,58)
(64,59)
(64,60)
(64,68)
(64,69)
(64,70)
(64,71)
(65,0)
(65,1)
(65,2)
(65,40)
(65,41)
(65,42)
(65,43)
(65,44)
(65,45)
(65,46)
(65,47)
(65,48)
(65,49)
(65,54)
(65,55)
(65,56)
(65,57)
(65,58)
(65,59)
(65,60)
(65,68)
(65,69)
(65,70)
(65,71)
(66,0)
(66,1)
(66,2)
(66,15)
(66,16)
(66,17)
(66,18)
(66,19)
(66,20)
(66,21)
(66,22)
(66,23)
(66,24)
(66,25)
(66,26)
(66,27)
(66,28)
(66,40)
(66,41)
(66,42)
(66,43)
(66,44)
(66,45)
(66,46)
(66,47)
(66,48)
(66,49)
(66,54)
(66,55)
(66,56)
(66,57)
(66,58)
(66,59)
(66,60)
(66,68)
(66,69)
(66,70)
(66,71)
(67,0)
(67,1)
(67,2)
(67,15)
(67,16)
(67,17)
(67,18)
(67,19)
(67,20)
(67,21)
(67,22)
(67,23)
(67,24)
(67,25)
(67,26)
(67,27)
(67,28)
(67,40)
(67,41)
(67,42)
(67,43)
(67,44)
(67,45)
(67,46)
(67,47)
(67,48)
(67,49)
(68,0)
(68,1)
(68,2)
(68,15)
(68,16)
(68,17)
(68,18)
(68,19)
(68,20)
(68,21)
(68,22)
(68,23)
(68,24)
(68,25)
(68,26)
(68,27)
(68,28)
(68,40)
(68,41)
(68,42)
(68,43)
(68,44)
(68,45)
(68,46)
(68,47)
(68,48)
(68,49)
(69,0)
(69,1)
(69,2)
(69,15)
(69,16)
(69,17)
(69,18)
(69,19)
(69,20)
(69,21)
(69,22)
(69,23)
(69,24)
(69,25)
(69,26)
(69,27)
(69,28)
(70,0)
(70,1)
(70,2)
(70,15)
(70,16)
(70,17)
(70,18)
(70,19)
(70,20)
(70,21)
(70,22)
(70,23)
(70,24)
(70,25)
(70,26)
(70,27)
(70,28)
(71,0)
(71,1)
(71,2)
(72,0)
(72,1)
(72,2)
(72,57)
(72,58)
(72,59)
(72,60)
(72,61)
(72,62)
(72,63)
(72,64)
(72,65)
(73,0)
(73,1)
(73,2)
(73,36)
(73,37)
(73,38)
(73,39)
(73,40)
(73,41)
(73,42)
(73,43)
(73,44)
(73,45)
(73,57)
(73,58)
(73,59)
(73,60)
(73,61)
(73,62)
(73,63)
(73,64)
(73,65)
(74,0)
(74,1)
(74,2)
(74,36)
(74,37)
(74,38)
(74,39)
(74,40)
(74,41)
(74,42)
(74,43)
(74,44)
(74,45)
(74,57)
(74,58)
(74,59)
(74,60)
(74,61)
(74,62)
(74,63)
(74,64)
(74,65)
