75
(17, 0)
(18, 0)
(19, 0)
(20, 0)
(21, 0)
(22, 0)
(23, 0)
(24, 0)
(25, 0)
(26, 0)
(27, 0)
(28, 0)
(29, 0)
(30, 0)
(31, 0)
(32, 0)
(33, 0)
(34, 0)
(35, 0)
(36, 0)
(37, 0)
(38, 0)
(39, 0)
(40, 0)
(41, 0)
(47, 0)
(48, 0)
(49, 0)
(50, 0)
(51, 0)
(52, 0)
(53, 0)
(54, 0)
(55, 0)
(56, 0)
(57, 0)
(17, 1)
(18, 1)
(19, 1)
(20, 1)
(21, 1)
(22, 1)
(23, 1)
(24, 1)
(25, 1)
(26, 1)
(27, 1)
(28, 1)
(29, 1)
(30, 1)
(31, 1)
(32, 1)
(33, 1)
(34, 1)
(35, 1)
(36, 1)
(37, 1)
(38, 1)
(39, 1)
(40, 1)
(41, 1)
(47, 1)
(48, 1)
(49, 1)
(50, 1)
(51, 1)
(52, 1)
(53, 1)
(54, 1)
(55, 1)
(56, 1)
(57, 1)
(17, 2)
(18, 2)
(19, 2)
(20, 2)
(21, 2)
(22, 2)
(23, 2)
(24, 2)
(25, 2)
(26, 2)
(27, 2)
(28, 2)
(29, 2)
(30, 2)
(31, 2)
(32, 2)
(33, 2)
(34, 2)
(35, 2)
(36, 2)
(37, 2)
(38, 2)
(39, 2)
(40, 2)
(41, 2)
(47, 2)
(48, 2)
(49, 2)
(50, 2)
(51, 2)
(52, 2)
(53, 2)
(54, 2)
(55, 2)
(56, 2)
(57, 2)
(17, 3)
(18, 3)
(19, 3)
(20, 3)
(21, 3)
(22, 3)
(23, 3)
(24, 3)
(25, 3)
(26, 3)
(27, 3)
(28, 3)
(29, 3)
(30, 3)
(31, 3)
(32, 3)
(33, 3)
(34, 3)
(35, 3)
(36, 3)
(37, 3)
(38, 3)
(39, 3)
(40, 3)
(41, 3)
(47, 3)
(48, 3)
(49, 3)
(50, 3)
(51, 3)
(52, 3)
(53, 3)
(54, 3)
(55, 3)
(56, 3)
(57, 3)
(17, 4)
(18, 4)
(19, 4)
(20, 4)
(21, 4)
(22, 4)
(23, 4)
(24, 4)
(25, 4)
(26, 4)
(27, 4)
(28, 4)
(29, 4)
(30, 4)
(31, 4)
(32, 4)
(33, 4)
(34, 4)
(35, 4)
(36, 4)
(37, 4)
(38, 4)
(39, 4)
(40, 4)
(41, 4)
(47, 4)
(48, 4)
(49, 4)
(50, 4)
(51, 4)
(52, 4)
(53, 4)
(54, 4)
(55, 4)
(56, 4)
(57, 4)
(18, 5)
(19, 5)
(20, 5)
(21, 5)
(22, 5)
(23, 5)
(24, 5)
(25, 5)
(26, 5)
(27, 5)
(28, 5)
(29, 5)
(30, 5)
(31, 5)
(32, 5)
(33, 5)
(34, 5)
(35, 5)
(36, 5)
(37, 5)
(38, 5)
(39, 5)
(40, 5)
(41, 5)
(47, 5)
(48, 5)
(49, 5)
(50, 5)
(51, 5)
(52, 5)
(53, 5)
(54, 5)
(55, 5)
(56, 5)
(57, 5)
(17, 6)
(18, 6)
(19, 6)
(20, 6)
(21, 6)
(22, 6)
(23, 6)
(24, 6)
(25, 6)
(26, 6)
(27, 6)
(28, 6)
(29, 6)
(30, 6)
(31, 6)
(32, 6)
(33, 6)
(34, 6)
(35, 6)
(36, 6)
(37, 6)
(38, 6)
(39, 6)
(40, 6)
(41, 6)
(47, 6)
(48, 6)
(49, 6)
(50, 6)
(51, 6)
(52, 6)
(53, 6)
(54, 6)
(55, 6)
(56, 6)
(57, 6)
(17, 7)
(18, 7)
(19, 7)
(20, 7)
(21, 7)
(22, 7)
(23, 7)
(24, 7)
(25, 7)
(26, 7)
(27, 7)
(28, 7)
(29, 7)
(30, 7)
(31, 7)
(32, 7)
(33, 7)
(34, 7)
(35, 7)
(36, 7)
(37, 7)
(38, 7)
(39, 7)
(40, 7)
(41, 7)
(17, 8)
(18, 8)
(19, 8)
(20, 8)
(21, 8)
(22, 8)
(23, 8)
(24, 8)
(25, 8)
(26, 8)
(27, 8)
(28, 8)
(29, 8)
(30, 8)
(31, 8)
(32, 8)
(33, 8)
(34, 8)
(35, 8)
(36, 8)
(37, 8)
(38, 8)
(39, 8)
(40, 8)
(41, 8)
(17, 9)
(18, 9)
(19, 9)
(20, 9)
(21, 9)
(22, 9)
(23, 9)
(24, 9)
(25, 9)
(26, 9)
(27, 9)
(28, 9)
(29, 9)
(30, 9)
(31, 9)
(32, 9)
(33, 9)
(34, 9)
(35, 9)
(36, 9)
(37, 9)
(38, 9)
(39, 9)
(40, 9)
(41, 9)
(17, 10)
(18, 10)
(19, 10)
(20, 10)
(21, 10)
(22, 10)
(23, 10)
(24, 10)
(25, 10)
(26, 10)
(27, 10)
(28, 10)
(29, 10)
(30, 10)
(31, 10)
(32, 10)
(33, 10)
(34, 10)
(35, 10)
(36, 10)
(37, 10)
(38, 10)
(39, 10)
(40, 10)
(41, 10)
(17, 11)
(18, 11)
(19, 11)
(20, 11)
(21, 11)
(22, 11)
(23, 11)
(24, 11)
(25, 11)
(26, 11)
(27, 11)
(28, 11)
(29, 11)
(30, 11)
(31, 11)
(32, 11)
(33, 11)
(34, 11)
(35, 11)
(36, 11)
(37, 11)
(38, 11)
(39, 11)
(40, 11)
(41, 11)
(17, 12)
(18, 12)
(19, 12)
(20, 12)
(21, 12)
(22, 12)
(23, 12)
(24, 12)
(25, 12)
(26, 12)
(27, 12)
(28, 12)
(29, 12)
(30, 12)
(31, 12)
(32, 12)
(33, 12)
(34, 12)
(35, 12)
(36, 12)
(37, 12)
(38, 12)
(39, 12)
(40, 12)
(41, 12)
(47, 12)
(48, 12)
(49, 12)
(50, 12)
(51, 12)
(52, 12)
(53, 12)
(54, 12)
(55, 12)
(56, 12)
(57, 12)
(19, 13)
(20, 13)
(21, 13)
(22, 13)
(23, 13)
(24, 13)
(25, 13)
(26, 13)
(27, 13)
(28, 13)
(29, 13)
(30, 13)
(31, 13)
(32, 13)
(33, 13)
(34, 13)
(35, 13)
(36, 13)
(37, 13)
(38, 13)
(39, 13)
(40, 13)
(41, 13)
(47, 13)
(48, 13)
(49, 13)
(50, 13)
(51, 13)
(52, 13)
(53, 13)
(54, 13)
(55, 13)
(56, 13)
(57, 13)
(19, 14)
(20, 14)
(21, 14)
(22, 14)
(23, 14)
(24, 14)
(25, 14)
(26, 14)
(27, 14)
(28, 14)
(29, 14)
(30, 14)
(31, 14)
(32, 14)
(33, 14)
(34, 14)
(35, 14)
(36, 14)
(37, 14)
(38, 14)
(39, 14)
(40, 14)
(41, 14)
(47, 14)
(48, 14)
(49, 14)
(50, 14)
(51, 14)
(52, 14)
(53, 14)
(54, 14)
(55, 14)
(56, 14)
(57, 14)
(17, 15)
(18, 15)
(19, 15)
(20, 15)
(21, 15)
(22, 15)
(23, 15)
(24, 15)
(25, 15)
(26, 15)
(27, 15)
(28, 15)
(29, 15)
(30, 15)
(31, 15)
(32, 15)
(33, 15)
(34, 15)
(35, 15)
(36, 15)
(37, 15)
(38, 15)
(39, 15)
(40, 15)
(41, 15)
(47, 15)
(48, 15)
(49, 15)
(50, 15)
(51, 15)
(52, 15)
(53, 15)
(54, 15)
(55, 15)
(56, 15)
(57, 15)
(17, 16)
(18, 16)
(19, 16)
(20, 16)
(21, 16)
(22, 16)
(23, 16)
(24, 16)
(25, 16)
(26, 16)
(27, 16)
(28, 16)
(29, 16)
(30, 16)
(31, 16)
(32, 16)
(33, 16)
(34, 16)
(35, 16)
(36, 16)
(37, 16)
(38, 16)
(39, 16)
(40, 16)
(41, 16)
(47, 16)
(48, 16)
(49, 16)
(50, 16)
(51, 16)
(52, 16)
(53, 16)
(54, 16)
(55, 16)
(56, 16)
(57, 16)
(17, 17)
(18, 17)
(19, 17)
(20, 17)
(21, 17)
(22, 17)
(23, 17)
(24, 17)
(25, 17)
(26, 17)
(27, 17)
(28, 17)
(29, 17)
(30, 17)
(31, 17)
(32, 17)
(33, 17)
(34, 17)
(35, 17)
(36, 17)
(37, 17)
(38, 17)
(39, 17)
(40, 17)
(41, 17)
(47, 17)
(48, 17)
(49, 17)
(50, 17)
(51, 17)
(52, 17)
(53, 17)
(54, 17)
(55, 17)
(56, 17)
(57, 17)
(17, 18)
(18, 18)
(19, 18)
(20, 18)
(21, 18)
(22, 18)
(23, 18)
(24, 18)
(25, 18)
(26, 18)
(27, 18)
(28, 18)
(29, 18)
(30, 18)
(31, 18)
(32, 18)
(33, 18)
(34, 18)
(35, 18)
(36, 18)
(37, 18)
(38, 18)
(39, 18)
(40, 18)
(41, 18)
(55, 18)
(56, 18)
(57, 18)
(17, 19)
(18, 19)
(19, 19)
(20, 19)
(21, 19)
(22, 19)
(23, 19)
(24, 19)
(25, 19)
(26, 19)
(27, 19)
(28, 19)
(29, 19)
(30, 19)
(31, 19)
(32, 19)
(33, 19)
(34, 19)
(35, 19)
(36, 19)
(37, 19)
(38, 19)
(39, 19)
(40, 19)
(41, 19)
(55, 19)
(56, 19)
(57, 19)
(17, 20)
(18, 20)
(19, 20)
(20, 20)
(21, 20)
(22, 20)
(23, 20)
(24, 20)
(25, 20)
(26, 20)
(27, 20)
(28, 20)
(29, 20)
(30, 20)
(31, 20)
(32, 20)
(33, 20)
(34, 20)
(35, 20)
(38, 20)
(39, 20)
(40, 20)
(41, 20)
(47, 20)
(48, 20)
(49, 20)
(50, 20)
(51, 20)
(52, 20)
(55, 20)
(56, 20)
(57, 20)
(17, 21)
(18, 21)
(19, 21)
(20, 21)
(21, 21)
(22, 21)
(23, 21)
(24, 21)
(25, 21)
(26, 21)
(27, 21)
(28, 21)
(29, 21)
(30, 21)
(31, 21)
(32, 21)
(33, 21)
(34, 21)
(35, 21)
(38, 21)
(39, 21)
(40, 21)
(41, 21)
(47, 21)
(48, 21)
(49, 21)
(50, 21)
(51, 21)
(52, 21)
(55, 21)
(56, 21)
(57, 21)
(47, 22)
(48, 22)
(49, 22)
(50, 22)
(51, 22)
(52, 22)
(55, 22)
(56, 22)
(57, 22)
(47, 23)
(48, 23)
(49, 23)
(50, 23)
(51, 23)
(52, 23)
(55, 23)
(56, 23)
(57, 23)
(47, 24)
(48, 24)
(49, 24)
(50, 24)
(51, 24)
(52, 24)
(55, 24)
(56, 24)
(57, 24)
(47, 25)
(48, 25)
(49, 25)
(50, 25)
(51, 25)
(52, 25)
(55, 25)
(56, 25)
(57, 25)
(47, 26)
(48, 26)
(49, 26)
(50, 26)
(51, 26)
(52, 26)
(55, 26)
(56, 26)
(57, 26)
(17, 27)
(18, 27)
(19, 27)
(20, 27)
(26, 27)
(27, 27)
(28, 27)
(29, 27)
(30, 27)
(31, 27)
(33, 27)
(34, 27)
(35, 27)
(36, 27)
(37, 27)
(38, 27)
(39, 27)
(40, 27)
(41, 27)
(17, 28)
(18, 28)
(19, 28)
(20, 28)
(26, 28)
(27, 28)
(28, 28)
(29, 28)
(30, 28)
(31, 28)
(32, 28)
(33, 28)
(34, 28)
(35, 28)
(36, 28)
(37, 28)
(38, 28)
(39, 28)
(40, 28)
(41, 28)
(17, 29)
(18, 29)
(19, 29)
(20, 29)
(26, 29)
(27, 29)
(28, 29)
(29, 29)
(30, 29)
(31, 29)
(32, 29)
(33, 29)
(34, 29)
(35, 29)
(36, 29)
(37, 29)
(38, 29)
(39, 29)
(40, 29)
(41, 29)
(0, 30)
(1, 30)
(2, 30)
(3, 30)
(4, 30)
(5, 30)
(6, 30)
(7, 30)
(8, 30)
(9, 30)
(17, 30)
(18, 30)
(19, 30)
(20, 30)
(26, 30)
(27, 30)
(28, 30)
(29, 30)
(30, 30)
(31, 30)
(32, 30)
(33, 30)
(34, 30)
(35, 30)
(36, 30)
(37, 30)
(38, 30)
(39, 30)
(40, 30)
(41, 30)
(47, 30)
(48, 30)
(49, 30)
(50, 30)
(51, 30)
(52, 30)
(54, 30)
(55, 30)
(56, 30)
(57, 30)
(62, 30)
(63, 30)
(64, 30)
(65, 30)
(66, 30)
(67, 30)
(68, 30)
(69, 30)
(70, 30)
(71, 30)
(0, 31)
(1, 31)
(2, 31)
(3, 31)
(4, 31)
(5, 31)
(6, 31)
(7, 31)
(8, 31)
(9, 31)
(17, 31)
(18, 31)
(19, 31)
(20, 31)
(26, 31)
(27, 31)
(28, 31)
(29, 31)
(30, 31)
(31, 31)
(32, 31)
(33, 31)
(34, 31)
(35, 31)
(36, 31)
(37, 31)
(38, 31)
(39, 31)
(40, 31)
(41, 31)
(47, 31)
(48, 31)
(49, 31)
(50, 31)
(51, 31)
(52, 31)
(54, 31)
(55, 31)
(56, 31)
(57, 31)
(62, 31)
(63, 31)
(64, 31)
(65, 31)
(66, 31)
(67, 31)
(68, 31)
(69, 31)
(70, 31)
(71, 31)
(0, 32)
(1, 32)
(2, 32)
(3, 32)
(4, 32)
(5, 32)
(6, 32)
(7, 32)
(8, 32)
(9, 32)
(17, 32)
(18, 32)
(19, 32)
(20, 32)
(47, 32)
(48, 32)
(49, 32)
(50, 32)
(51, 32)
(52, 32)
(54, 32)
(55, 32)
(56, 32)
(57, 32)
(62, 32)
(63, 32)
(64, 32)
(65, 32)
(66, 32)
(67, 32)
(68, 32)
(69, 32)
(70, 32)
(71, 32)
(0, 33)
(1, 33)
(2, 33)
(3, 33)
(4, 33)
(5, 33)
(6, 33)
(7, 33)
(8, 33)
(9, 33)
(17, 33)
(18, 33)
(19, 33)
(20, 33)
(47, 33)
(48, 33)
(49, 33)
(50, 33)
(51, 33)
(52, 33)
(54, 33)
(55, 33)
(56, 33)
(57, 33)
(62, 33)
(63, 33)
(64, 33)
(65, 33)
(66, 33)
(67, 33)
(68, 33)
(69, 33)
(70, 33)
(71, 33)
(0, 34)
(1, 34)
(2, 34)
(3, 34)
(4, 34)
(5, 34)
(6, 34)
(7, 34)
(8, 34)
(9, 34)
(17, 34)
(18, 34)
(19, 34)
(20, 34)
(47, 34)
(48, 34)
(49, 34)
(50, 34)
(51, 34)
(52, 34)
(54, 34)
(55, 34)
(56, 34)
(57, 34)
(62, 34)
(63, 34)
(64, 34)
(65, 34)
(66, 34)
(67, 34)
(68, 34)
(69, 34)
(70, 34)
(71, 34)
(0, 35)
(1, 35)
(2, 35)
(3, 35)
(4, 35)
(5, 35)
(6, 35)
(7, 35)
(8, 35)
(9, 35)
(13, 35)
(14, 35)
(15, 35)
(16, 35)
(17, 35)
(18, 35)
(19, 35)
(20, 35)
(47, 35)
(48, 35)
(49, 35)
(50, 35)
(51, 35)
(52, 35)
(54, 35)
(55, 35)
(56, 35)
(57, 35)
(62, 35)
(63, 35)
(64, 35)
(65, 35)
(66, 35)
(67, 35)
(68, 35)
(69, 35)
(70, 35)
(71, 35)
(0, 36)
(1, 36)
(2, 36)
(3, 36)
(4, 36)
(5, 36)
(6, 36)
(7, 36)
(8, 36)
(9, 36)
(13, 36)
(14, 36)
(15, 36)
(16, 36)
(17, 36)
(18, 36)
(19, 36)
(20, 36)
(26, 36)
(27, 36)
(28, 36)
(29, 36)
(30, 36)
(31, 36)
(32, 36)
(33, 36)
(34, 36)
(38, 36)
(39, 36)
(40, 36)
(41, 36)
(47, 36)
(48, 36)
(49, 36)
(50, 36)
(51, 36)
(52, 36)
(54, 36)
(55, 36)
(56, 36)
(57, 36)
(62, 36)
(63, 36)
(64, 36)
(65, 36)
(66, 36)
(67, 36)
(68, 36)
(69, 36)
(70, 36)
(71, 36)
(0, 37)
(1, 37)
(2, 37)
(3, 37)
(4, 37)
(5, 37)
(6, 37)
(7, 37)
(8, 37)
(9, 37)
(13, 37)
(14, 37)
(15, 37)
(16, 37)
(17, 37)
(18, 37)
(19, 37)
(20, 37)
(26, 37)
(27, 37)
(28, 37)
(29, 37)
(30, 37)
(31, 37)
(32, 37)
(33, 37)
(34, 37)
(38, 37)
(39, 37)
(40, 37)
(41, 37)
(54, 37)
(55, 37)
(56, 37)
(57, 37)
(62, 37)
(63, 37)
(64, 37)
(65, 37)
(66, 37)
(67, 37)
(68, 37)
(69, 37)
(70, 37)
(71, 37)
(0, 38)
(1, 38)
(2, 38)
(3, 38)
(4, 38)
(5, 38)
(6, 38)
(7, 38)
(8, 38)
(9, 38)
(13, 38)
(14, 38)
(15, 38)
(16, 38)
(17, 38)
(18, 38)
(19, 38)
(20, 38)
(26, 38)
(27, 38)
(28, 38)
(29, 38)
(30, 38)
(31, 38)
(32, 38)
(33, 38)
(34, 38)
(38, 38)
(39, 38)
(40, 38)
(41, 38)
(47, 38)
(48, 38)
(49, 38)
(50, 38)
(51, 38)
(52, 38)
(53, 38)
(54, 38)
(55, 38)
(56, 38)
(57, 38)
(62, 38)
(63, 38)
(64, 38)
(65, 38)
(66, 38)
(67, 38)
(68, 38)
(69, 38)
(70, 38)
(71, 38)
(0, 39)
(1, 39)
(2, 39)
(3, 39)
(4, 39)
(5, 39)
(6, 39)
(7, 39)
(8, 39)
(9, 39)
(13, 39)
(14, 39)
(15, 39)
(16, 39)
(17, 39)
(18, 39)
(19, 39)
(20, 39)
(26, 39)
(27, 39)
(28, 39)
(29, 39)
(30, 39)
(31, 39)
(32, 39)
(33, 39)
(34, 39)
(35, 39)
(36, 39)
(37, 39)
(38, 39)
(39, 39)
(40, 39)
(41, 39)
(47, 39)
(48, 39)
(49, 39)
(50, 39)
(51, 39)
(52, 39)
(53, 39)
(54, 39)
(55, 39)
(56, 39)
(57, 39)
(62, 39)
(63, 39)
(64, 39)
(65, 39)
(66, 39)
(67, 39)
(68, 39)
(69, 39)
(70, 39)
(71, 39)
(0, 40)
(1, 40)
(2, 40)
(3, 40)
(4, 40)
(5, 40)
(6, 40)
(7, 40)
(8, 40)
(9, 40)
(13, 40)
(14, 40)
(15, 40)
(16, 40)
(17, 40)
(18, 40)
(19, 40)
(20, 40)
(26, 40)
(27, 40)
(28, 40)
(29, 40)
(30, 40)
(31, 40)
(32, 40)
(33, 40)
(34, 40)
(35, 40)
(36, 40)
(37, 40)
(38, 40)
(39, 40)
(40, 40)
(41, 40)
(47, 40)
(48, 40)
(49, 40)
(50, 40)
(51, 40)
(52, 40)
(53, 40)
(54, 40)
(55, 40)
(56, 40)
(57, 40)
(62, 40)
(63, 40)
(64, 40)
(65, 40)
(66, 40)
(67, 40)
(68, 40)
(69, 40)
(70, 40)
(71, 40)
(0, 41)
(1, 41)
(2, 41)
(3, 41)
(4, 41)
(5, 41)
(6, 41)
(7, 41)
(8, 41)
(9, 41)
(13, 41)
(14, 41)
(15, 41)
(16, 41)
(17, 41)
(18, 41)
(19, 41)
(20, 41)
(26, 41)
(27, 41)
(28, 41)
(29, 41)
(30, 41)
(31, 41)
(32, 41)
(33, 41)
(34, 41)
(35, 41)
(36, 41)
(37, 41)
(38, 41)
(39, 41)
(40, 41)
(41, 41)
(47, 41)
(48, 41)
(49, 41)
(50, 41)
(51, 41)
(52, 41)
(53, 41)
(54, 41)
(55, 41)
(56, 41)
(57, 41)
(62, 41)
(63, 41)
(64, 41)
(65, 41)
(66, 41)
(67, 41)
(68, 41)
(69, 41)
(70, 41)
(71, 41)
(0, 42)
(1, 42)
(2, 42)
(3, 42)
(4, 42)
(5, 42)
(6, 42)
(7, 42)
(8, 42)
(9, 42)
(13, 42)
(14, 42)
(15, 42)
(16, 42)
(17, 42)
(18, 42)
(19, 42)
(20, 42)
(26, 42)
(27, 42)
(28, 42)
(29, 42)
(30, 42)
(31, 42)
(32, 42)
(33, 42)
(34, 42)
(35, 42)
(36, 42)
(37, 42)
(38, 42)
(39, 42)
(40, 42)
(41, 42)
(47, 42)
(48, 42)
(49, 42)
(50, 42)
(51, 42)
(52, 42)
(53, 42)
(54, 42)
(55, 42)
(56, 42)
(57, 42)
(62, 42)
(63, 42)
(64, 42)
(65, 42)
(66, 42)
(67, 42)
(68, 42)
(69, 42)
(70, 42)
(71, 42)
(0, 43)
(1, 43)
(2, 43)
(3, 43)
(4, 43)
(5, 43)
(6, 43)
(7, 43)
(8, 43)
(9, 43)
(26, 43)
(27, 43)
(28, 43)
(29, 43)
(30, 43)
(31, 43)
(32, 43)
(33, 43)
(34, 43)
(35, 43)
(36, 43)
(37, 43)
(38, 43)
(39, 43)
(40, 43)
(41, 43)
(47, 43)
(48, 43)
(49, 43)
(50, 43)
(51, 43)
(52, 43)
(53, 43)
(54, 43)
(55, 43)
(56, 43)
(57, 43)
(62, 43)
(63, 43)
(64, 43)
(65, 43)
(66, 43)
(67, 43)
(68, 43)
(69, 43)
(70, 43)
(71, 43)
(0, 44)
(1, 44)
(2, 44)
(3, 44)
(4, 44)
(5, 44)
(6, 44)
(7, 44)
(8, 44)
(9, 44)
(26, 44)
(27, 44)
(28, 44)
(29, 44)
(30, 44)
(31, 44)
(32, 44)
(33, 44)
(34, 44)
(35, 44)
(36, 44)
(37, 44)
(38, 44)
(39, 44)
(40, 44)
(41, 44)
(0, 45)
(1, 45)
(2, 45)
(3, 45)
(4, 45)
(5, 45)
(6, 45)
(7, 45)
(8, 45)
(9, 45)
(26, 45)
(27, 45)
(28, 45)
(29, 45)
(30, 45)
(31, 45)
(32, 45)
(33, 45)
(34, 45)
(35, 45)
(36, 45)
(37, 45)
(38, 45)
(39, 45)
(40, 45)
(41, 45)
(0, 46)
(1, 46)
(2, 46)
(3, 46)
(4, 46)
(5, 46)
(6, 46)
(7, 46)
(8, 46)
(9, 46)
(26, 46)
(27, 46)
(28, 46)
(29, 46)
(30, 46)
(31, 46)
(32, 46)
(33, 46)
(34, 46)
(35, 46)
(36, 46)
(37, 46)
(38, 46)
(39, 46)
(40, 46)
(41, 46)
(0, 47)
(1, 47)
(2, 47)
(3, 47)
(4, 47)
(5, 47)
(6, 47)
(7, 47)
(8, 47)
(9, 47)
(26, 47)
(27, 47)
(28, 47)
(29, 47)
(30, 47)
(31, 47)
(32, 47)
(33, 47)
(34, 47)
(35, 47)
(36, 47)
(37, 47)
(38, 47)
(39, 47)
(40, 47)
(41, 47)
(0, 48)
(1, 48)
(2, 48)
(3, 48)
(4, 48)
(5, 48)
(6, 48)
(7, 48)
(8, 48)
(9, 48)
(15, 48)
(16, 48)
(17, 48)
(18, 48)
(19, 48)
(20, 48)
(23, 48)
(24, 48)
(25, 48)
(26, 48)
(27, 48)
(28, 48)
(29, 48)
(30, 48)
(31, 48)
(32, 48)
(33, 48)
(34, 48)
(35, 48)
(36, 48)
(37, 48)
(38, 48)
(39, 48)
(40, 48)
(41, 48)
(0, 49)
(1, 49)
(2, 49)
(3, 49)
(4, 49)
(5, 49)
(6, 49)
(7, 49)
(8, 49)
(9, 49)
(15, 49)
(16, 49)
(17, 49)
(18, 49)
(19, 49)
(20, 49)
(23, 49)
(24, 49)
(25, 49)
(26, 49)
(27, 49)
(28, 49)
(29, 49)
(30, 49)
(31, 49)
(32, 49)
(33, 49)
(34, 49)
(35, 49)
(36, 49)
(37, 49)
(38, 49)
(39, 49)
(40, 49)
(41, 49)
(47, 49)
(48, 49)
(49, 49)
(50, 49)
(51, 49)
(52, 49)
(53, 49)
(54, 49)
(55, 49)
(56, 49)
(57, 49)
(0, 50)
(1, 50)
(2, 50)
(3, 50)
(4, 50)
(5, 50)
(6, 50)
(7, 50)
(8, 50)
(9, 50)
(15, 50)
(16, 50)
(17, 50)
(18, 50)
(19, 50)
(20, 50)
(23, 50)
(24, 50)
(25, 50)
(26, 50)
(27, 50)
(28, 50)
(29, 50)
(30, 50)
(31, 50)
(32, 50)
(33, 50)
(34, 50)
(35, 50)
(36, 50)
(37, 50)
(38, 50)
(39, 50)
(40, 50)
(41, 50)
(47, 50)
(48, 50)
(49, 50)
(50, 50)
(51, 50)
(52, 50)
(53, 50)
(54, 50)
(55, 50)
(56, 50)
(57, 50)
(15, 51)
(16, 51)
(17, 51)
(18, 51)
(19, 51)
(20, 51)
(23, 51)
(24, 51)
(25, 51)
(26, 51)
(27, 51)
(28, 51)
(29, 51)
(30, 51)
(31, 51)
(32, 51)
(33, 51)
(34, 51)
(35, 51)
(36, 51)
(37, 51)
(38, 51)
(39, 51)
(40, 51)
(41, 51)
(47, 51)
(48, 51)
(49, 51)
(50, 51)
(51, 51)
(52, 51)
(53, 51)
(54, 51)
(55, 51)
(56, 51)
(57, 51)
(15, 52)
(16, 52)
(17, 52)
(18, 52)
(19, 52)
(20, 52)
(23, 52)
(24, 52)
(25, 52)
(26, 52)
(27, 52)
(28, 52)
(29, 52)
(30, 52)
(31, 52)
(32, 52)
(33, 52)
(34, 52)
(35, 52)
(36, 52)
(37, 52)
(38, 52)
(39, 52)
(40, 52)
(41, 52)
(47, 52)
(48, 52)
(49, 52)
(50, 52)
(51, 52)
(52, 52)
(53, 52)
(54, 52)
(55, 52)
(56, 52)
(57, 52)
(15, 53)
(16, 53)
(17, 53)
(18, 53)
(19, 53)
(20, 53)
(47, 53)
(48, 53)
(49, 53)
(50, 53)
(51, 53)
(52, 53)
(53, 53)
(54, 53)
(55, 53)
(56, 53)
(57, 53)
(15, 54)
(16, 54)
(17, 54)
(18, 54)
(19, 54)
(20, 54)
(47, 54)
(48, 54)
(49, 54)
(50, 54)
(51, 54)
(52, 54)
(53, 54)
(54, 54)
(55, 54)
(56, 54)
(57, 54)
(15, 55)
(16, 55)
(17, 55)
(18, 55)
(19, 55)
(20, 55)
(21, 55)
(22, 55)
(23, 55)
(24, 55)
(25, 55)
(27, 55)
(28, 55)
(29, 55)
(30, 55)
(31, 55)
(32, 55)
(33, 55)
(34, 55)
(35, 55)
(36, 55)
(37, 55)
(38, 55)
(39, 55)
(40, 55)
(41, 55)
(47, 55)
(48, 55)
(49, 55)
(50, 55)
(51, 55)
(52, 55)
(53, 55)
(54, 55)
(55, 55)
(56, 55)
(57, 55)
(15, 56)
(16, 56)
(17, 56)
(18, 56)
(19, 56)
(20, 56)
(21, 56)
(22, 56)
(23, 56)
(24, 56)
(25, 56)
(27, 56)
(28, 56)
(29, 56)
(30, 56)
(31, 56)
(32, 56)
(33, 56)
(34, 56)
(35, 56)
(36, 56)
(37, 56)
(38, 56)
(39, 56)
(40, 56)
(41, 56)
(47, 56)
(48, 56)
(49, 56)
(50, 56)
(51, 56)
(52, 56)
(53, 56)
(54, 56)
(55, 56)
(56, 56)
(57, 56)
(15, 57)
(16, 57)
(17, 57)
(18, 57)
(19, 57)
(20, 57)
(21, 57)
(22, 57)
(23, 57)
(24, 57)
(25, 57)
(27, 57)
(28, 57)
(29, 57)
(30, 57)
(31, 57)
(32, 57)
(33, 57)
(34, 57)
(35, 57)
(36, 57)
(37, 57)
(38, 57)
(39, 57)
(40, 57)
(41, 57)
(47, 57)
(48, 57)
(49, 57)
(50, 57)
(51, 57)
(52, 57)
(53, 57)
(54, 57)
(55, 57)
(56, 57)
(57, 57)
(15, 58)
(16, 58)
(17, 58)
(18, 58)
(19, 58)
(20, 58)
(21, 58)
(22, 58)
(23, 58)
(24, 58)
(25, 58)
(27, 58)
(28, 58)
(29, 58)
(30, 58)
(31, 58)
(32, 58)
(33, 58)
(34, 58)
(35, 58)
(36, 58)
(37, 58)
(38, 58)
(39, 58)
(40, 58)
(41, 58)
(47, 58)
(48, 58)
(49, 58)
(50, 58)
(51, 58)
(52, 58)
(53, 58)
(54, 58)
(55, 58)
(56, 58)
(57, 58)
(15, 59)
(16, 59)
(17, 59)
(18, 59)
(19, 59)
(20, 59)
(21, 59)
(22, 59)
(23, 59)
(24, 59)
(25, 59)
(27, 59)
(28, 59)
(29, 59)
(30, 59)
(31, 59)
(32, 59)
(33, 59)
(34, 59)
(35, 59)
(36, 59)
(37, 59)
(38, 59)
(39, 59)
(40, 59)
(41, 59)
(47, 59)
(48, 59)
(49, 59)
(50, 59)
(51, 59)
(52, 59)
(53, 59)
(54, 59)
(55, 59)
(56, 59)
(57, 59)
(15, 60)
(16, 60)
(17, 60)
(18, 60)
(19, 60)
(20, 60)
(21, 60)
(22, 60)
(23, 60)
(24, 60)
(25, 60)
(27, 60)
(28, 60)
(29, 60)
(30, 60)
(31, 60)
(32, 60)
(33, 60)
(34, 60)
(35, 60)
(36, 60)
(37, 60)
(38, 60)
(39, 60)
(40, 60)
(41, 60)
(47, 60)
(48, 60)
(49, 60)
(50, 60)
(51, 60)
(52, 60)
(53, 60)
(54, 60)
(55, 60)
(56, 60)
(57, 60)
(27, 61)
(28, 61)
(29, 61)
(30, 61)
(31, 61)
(32, 61)
(33, 61)
(34, 61)
(35, 61)
(36, 61)
(37, 61)
(38, 61)
(39, 61)
(40, 61)
(41, 61)
(47, 61)
(48, 61)
(49, 61)
(50, 61)
(51, 61)
(52, 61)
(53, 61)
(54, 61)
(55, 61)
(56, 61)
(57, 61)
(15, 62)
(16, 62)
(17, 62)
(18, 62)
(19, 62)
(20, 62)
(21, 62)
(22, 62)
(23, 62)
(24, 62)
(25, 62)
(26, 62)
(27, 62)
(28, 62)
(29, 62)
(30, 62)
(31, 62)
(32, 62)
(33, 62)
(34, 62)
(35, 62)
(36, 62)
(37, 62)
(38, 62)
(39, 62)
(40, 62)
(41, 62)
(47, 62)
(48, 62)
(49, 62)
(50, 62)
(51, 62)
(52, 62)
(53, 62)
(54, 62)
(55, 62)
(56, 62)
(57, 62)
(15, 63)
(16, 63)
(17, 63)
(18, 63)
(19, 63)
(20, 63)
(21, 63)
(22, 63)
(23, 63)
(24, 63)
(25, 63)
(26, 63)
(27, 63)
(28, 63)
(29, 63)
(30, 63)
(31, 63)
(32, 63)
(33, 63)
(34, 63)
(35, 63)
(36, 63)
(37, 63)
(38, 63)
(39, 63)
(40, 63)
(41, 63)
(47, 63)
(48, 63)
(49, 63)
(50, 63)
(51, 63)
(52, 63)
(53, 63)
(54, 63)
(55, 63)
(56, 63)
(57, 63)
(15, 64)
(16, 64)
(17, 64)
(18, 64)
(19, 64)
(20, 64)
(21, 64)
(22, 64)
(23, 64)
(24, 64)
(25, 64)
(26, 64)
(27, 64)
(28, 64)
(29, 64)
(30, 64)
(31, 64)
(32, 64)
(33, 64)
(34, 64)
(35, 64)
(36, 64)
(37, 64)
(38, 64)
(39, 64)
(40, 64)
(41, 64)
(47, 64)
(48, 64)
(49, 64)
(50, 64)
(51, 64)
(52, 64)
(53, 64)
(54, 64)
(55, 64)
(56, 64)
(57, 64)
(15, 65)
(16, 65)
(17, 65)
(18, 65)
(19, 65)
(20, 65)
(21, 65)
(22, 65)
(23, 65)
(24, 65)
(25, 65)
(26, 65)
(27, 65)
(28, 65)
(29, 65)
(30, 65)
(31, 65)
(32, 65)
(33, 65)
(34, 65)
(35, 65)
(36, 65)
(37, 65)
(38, 65)
(39, 65)
(40, 65)
(41, 65)
(47, 65)
(48, 65)
(49, 65)
(50, 65)
(51, 65)
(52, 65)
(53, 65)
(54, 65)
(55, 65)
(56, 65)
(57, 65)
(15, 66)
(16, 66)
(17, 66)
(18, 66)
(19, 66)
(20, 66)
(21, 66)
(22, 66)
(23, 66)
(24, 66)
(25, 66)
(26, 66)
(27, 66)
(28, 66)
(29, 66)
(30, 66)
(31, 66)
(32, 66)
(33, 66)
(34, 66)
(35, 66)
(36, 66)
(37, 66)
(38, 66)
(39, 66)
(40, 66)
(41, 66)
(47, 66)
(48, 66)
(49, 66)
(50, 66)
(51, 66)
(52, 66)
(53, 66)
(54, 66)
(55, 66)
(56, 66)
(57, 66)
(15, 67)
(16, 67)
(17, 67)
(18, 67)
(19, 67)
(20, 67)
(21, 67)
(22, 67)
(23, 67)
(24, 67)
(25, 67)
(26, 67)
(27, 67)
(28, 67)
(29, 67)
(30, 67)
(31, 67)
(32, 67)
(33, 67)
(34, 67)
(35, 67)
(36, 67)
(37, 67)
(38, 67)
(39, 67)
(40, 67)
(41, 67)
(47, 67)
(48, 67)
(49, 67)
(50, 67)
(51, 67)
(52, 67)
(53, 67)
(54, 67)
(55, 67)
(56, 67)
(57, 67)
(15, 68)
(16, 68)
(17, 68)
(18, 68)
(19, 68)
(20, 68)
(21, 68)
(22, 68)
(23, 68)
(24, 68)
(25, 68)
(26, 68)
(27, 68)
(28, 68)
(29, 68)
(30, 68)
(31, 68)
(32, 68)
(33, 68)
(34, 68)
(35, 68)
(36, 68)
(37, 68)
(38, 68)
(39, 68)
(40, 68)
(41, 68)
(47, 68)
(48, 68)
(49, 68)
(50, 68)
(51, 68)
(52, 68)
(53, 68)
(54, 68)
(55, 68)
(56, 68)
(57, 68)
(15, 69)
(16, 69)
(17, 69)
(18, 69)
(19, 69)
(20, 69)
(21, 69)
(22, 69)
(23, 69)
(24, 69)
(25, 69)
(26, 69)
(27, 69)
(28, 69)
(29, 69)
(30, 69)
(31, 69)
(32, 69)
(33, 69)
(34, 69)
(35, 69)
(36, 69)
(37, 69)
(38, 69)
(39, 69)
(40, 69)
(41, 69)
(47, 69)
(48, 69)
(49, 69)
(50, 69)
(51, 69)
(52, 69)
(53, 69)
(54, 69)
(55, 69)
(56, 69)
(57, 69)
(15, 70)
(16, 70)
(17, 70)
(18, 70)
(19, 70)
(20, 70)
(21, 70)
(22, 70)
(23, 70)
(24, 70)
(25, 70)
(26, 70)
(27, 70)
(28, 70)
(29, 70)
(30, 70)
(31, 70)
(32, 70)
(33, 70)
(34, 70)
(35, 70)
(36, 70)
(37, 70)
(38, 70)
(39, 70)
(40, 70)
(41, 70)
(47, 70)
(48, 70)
(49, 70)
(50, 70)
(51, 70)
(52, 70)
(53, 70)
(54, 70)
(55, 70)
(56, 70)
(57, 70)
(15, 71)
(16, 71)
(17, 71)
(18, 71)
(19, 71)
(20, 71)
(21, 71)
(22, 71)
(23, 71)
(24, 71)
(25, 71)
(26, 71)
(27, 71)
(28, 71)
(29, 71)
(30, 71)
(31, 71)
(32, 71)
(33, 71)
(34, 71)
(35, 71)
(36, 71)
(37, 71)
(38, 71)
(39, 71)
(40, 71)
(41, 71)
(47, 71)
(48, 71)
(49, 71)
(50, 71)
(51, 71)
(52, 71)
(53, 71)
(54, 71)
(55, 71)
(56, 71)
(57, 71)
(15, 72)
(16, 72)
(17, 72)
(18, 72)
(19, 72)
(20, 72)
(21, 72)
(22, 72)
(23, 72)
(24, 72)
(25, 72)
(26, 72)
(27, 72)
(28, 72)
(29, 72)
(30, 72)
(31, 72)
(32, 72)
(33, 72)
(34, 72)
(35, 72)
(36, 72)
(37, 72)
(38, 72)
(39, 72)
(40, 72)
(41, 72)
(47, 72)
(48, 72)
(49, 72)
(50, 72)
(51, 72)
(52, 72)
(53, 72)
(54, 72)
(55, 72)
(56, 72)
(57, 72)
(15, 73)
(16, 73)
(17, 73)
(18, 73)
(19, 73)
(20, 73)
(21, 73)
(22, 73)
(23, 73)
(24, 73)
(25, 73)
(26, 73)
(27, 73)
(28, 73)
(29, 73)
(30, 73)
(31, 73)
(32, 73)
(33, 73)
(34, 73)
(35, 73)
(36, 73)
(37, 73)
(38, 73)
(39, 73)
(40, 73)
(41, 73)
(47, 73)
(48, 73)
(49, 73)
(50, 73)
(51, 73)
(52, 73)
(53, 73)
(54, 73)
(55, 73)
(56, 73)
(57, 73)
(15, 74)
(16, 74)
(17, 74)
(18, 74)
(19, 74)
(20, 74)
(21, 74)
(22, 74)
(23, 74)
(24, 74)
(25, 74)
(26, 74)
(27, 74)
(28, 74)
(29, 74)
(30, 74)
(31, 74)
(32, 74)
(33, 74)
(34, 74)
(35, 74)
(36, 74)
(37, 74)
(38, 74)
(39, 74)
(40, 74)
(41, 74)
(47, 74)
(48, 74)
(49, 74)
(50, 74)
(51, 74)
(52, 74)
(53, 74)
(54, 74)
(55, 74)
(56, 74)
(57, 74)
-
(0, 1, 1.0, -1, 0.5)
(1, 1, 1.0, -1, 0.5)
(2, 2, 1.0, -1, 0.5)
(3, 2, 1.0, -1, 0.5)
(4, 3, 1.0, -1, 0.5)
(5, 3, 1.0, -1, 0.5)
(6, 4, 1.0, -1, 0.5)
(7, 4, 1.0, -1, 0.5)
(8, 5, 1.0, -1, 0.5)
(9, 5, 1.0, -1, 0.5)
-
(0, (69,6), (9,15))
(1, (70,5), (0,56))
(2, (73,19), (12,6))
(3, (72,7), (11,71))
(4, (65,14), (2,13))
(5, (71,11), (4,23))
(6, (69,61), (8,21))
(7, (63,5), (10,60))
(8, (60,19), (0,65))
(9, (59,62), (3,2))
